0.000000000000000000e+00
0.000000000000000000e+00
0.000000000000000000e+00
0.000000000000000000e+00
0.000000000000000000e+00
0.000000000000000000e+00
0.000000000000000000e+00
0.000000000000000000e+00
0.000000000000000000e+00
0.000000000000000000e+00
7.119199999999999973e-01
0.000000000000000000e+00
5.910600000000000298e-01
0.000000000000000000e+00
0.000000000000000000e+00
6.457699999999999552e-01
0.000000000000000000e+00
0.000000000000000000e+00
7.792299999999999782e-01
0.000000000000000000e+00
8.842999999999999750e-01
0.000000000000000000e+00
0.000000000000000000e+00
0.000000000000000000e+00
4.927699999999999858e-01
0.000000000000000000e+00
0.000000000000000000e+00
0.000000000000000000e+00
7.109400000000000164e-01
0.000000000000000000e+00
0.000000000000000000e+00
5.987500000000000044e-01
0.000000000000000000e+00
0.000000000000000000e+00
0.000000000000000000e+00
6.445100000000000273e-01
0.000000000000000000e+00
6.062100000000000266e-01
0.000000000000000000e+00
0.000000000000000000e+00
6.532599999999999518e-01
0.000000000000000000e+00
7.392199999999999882e-01
0.000000000000000000e+00
5.782500000000000417e-01
0.000000000000000000e+00
0.000000000000000000e+00
0.000000000000000000e+00
0.000000000000000000e+00
6.116000000000000325e-01
0.000000000000000000e+00
0.000000000000000000e+00
0.000000000000000000e+00
7.426899999999999613e-01
0.000000000000000000e+00
5.682800000000000074e-01
0.000000000000000000e+00
0.000000000000000000e+00
5.255100000000000326e-01
0.000000000000000000e+00
0.000000000000000000e+00
0.000000000000000000e+00
6.775099999999999456e-01
0.000000000000000000e+00
0.000000000000000000e+00
0.000000000000000000e+00
5.485299999999999621e-01
0.000000000000000000e+00
0.000000000000000000e+00
0.000000000000000000e+00
0.000000000000000000e+00
0.000000000000000000e+00
0.000000000000000000e+00
7.991399999999999615e-01
0.000000000000000000e+00
0.000000000000000000e+00
0.000000000000000000e+00
6.235699999999999577e-01
0.000000000000000000e+00
0.000000000000000000e+00
0.000000000000000000e+00
7.292699999999999738e-01
0.000000000000000000e+00
0.000000000000000000e+00
6.836900000000000199e-01
0.000000000000000000e+00
6.088099999999999623e-01
0.000000000000000000e+00
0.000000000000000000e+00
0.000000000000000000e+00
4.991900000000000226e-01
0.000000000000000000e+00
0.000000000000000000e+00
0.000000000000000000e+00
0.000000000000000000e+00
6.774299999999999766e-01
0.000000000000000000e+00
0.000000000000000000e+00
0.000000000000000000e+00
0.000000000000000000e+00
0.000000000000000000e+00
5.771100000000000119e-01
0.000000000000000000e+00
0.000000000000000000e+00
0.000000000000000000e+00
0.000000000000000000e+00
6.857400000000000162e-01
0.000000000000000000e+00
0.000000000000000000e+00
0.000000000000000000e+00
0.000000000000000000e+00
1.120810000000000084e+00
0.000000000000000000e+00
6.409299999999999997e-01
0.000000000000000000e+00
6.413600000000000412e-01
0.000000000000000000e+00
0.000000000000000000e+00
0.000000000000000000e+00
5.558600000000000207e-01
0.000000000000000000e+00
0.000000000000000000e+00
6.868600000000000261e-01
0.000000000000000000e+00
0.000000000000000000e+00
0.000000000000000000e+00
5.689699999999999758e-01
0.000000000000000000e+00
0.000000000000000000e+00
6.742899999999999450e-01
0.000000000000000000e+00
0.000000000000000000e+00
0.000000000000000000e+00
5.533900000000000485e-01
0.000000000000000000e+00
0.000000000000000000e+00
5.655900000000000372e-01
0.000000000000000000e+00
0.000000000000000000e+00
0.000000000000000000e+00
5.713899999999999535e-01
0.000000000000000000e+00
0.000000000000000000e+00
0.000000000000000000e+00
0.000000000000000000e+00
5.857400000000000384e-01
0.000000000000000000e+00
0.000000000000000000e+00
0.000000000000000000e+00
1.205149999999999944e+00
0.000000000000000000e+00
0.000000000000000000e+00
0.000000000000000000e+00
5.853099999999999969e-01
0.000000000000000000e+00
0.000000000000000000e+00
0.000000000000000000e+00
0.000000000000000000e+00
5.807400000000000340e-01
0.000000000000000000e+00
0.000000000000000000e+00
1.633229999999999960e+00
0.000000000000000000e+00
0.000000000000000000e+00
0.000000000000000000e+00
0.000000000000000000e+00
5.987599999999999589e-01
0.000000000000000000e+00
0.000000000000000000e+00
0.000000000000000000e+00
6.747900000000000009e-01
0.000000000000000000e+00
7.964999999999999858e-01
0.000000000000000000e+00
0.000000000000000000e+00
0.000000000000000000e+00
4.905300000000000216e-01
0.000000000000000000e+00
0.000000000000000000e+00
8.520100000000000451e-01
0.000000000000000000e+00
0.000000000000000000e+00
1.628679999999999906e+00
0.000000000000000000e+00
0.000000000000000000e+00
5.709300000000000486e-01
0.000000000000000000e+00
0.000000000000000000e+00
0.000000000000000000e+00
6.425600000000000200e-01
0.000000000000000000e+00
0.000000000000000000e+00
0.000000000000000000e+00
5.740600000000000147e-01
0.000000000000000000e+00
0.000000000000000000e+00
0.000000000000000000e+00
0.000000000000000000e+00
1.433410000000000073e+00
0.000000000000000000e+00
6.561299999999999910e-01
0.000000000000000000e+00
0.000000000000000000e+00
4.565000000000000169e-01
0.000000000000000000e+00
9.919000000000000039e-01
0.000000000000000000e+00
0.000000000000000000e+00
0.000000000000000000e+00
0.000000000000000000e+00
0.000000000000000000e+00
0.000000000000000000e+00
8.624600000000000044e-01
0.000000000000000000e+00
0.000000000000000000e+00
0.000000000000000000e+00
0.000000000000000000e+00
5.942399999999999904e-01
0.000000000000000000e+00
0.000000000000000000e+00
0.000000000000000000e+00
0.000000000000000000e+00
7.293899999999999828e-01
0.000000000000000000e+00
0.000000000000000000e+00
0.000000000000000000e+00
7.296300000000000008e-01
0.000000000000000000e+00
0.000000000000000000e+00
6.029799999999999605e-01
0.000000000000000000e+00
6.032800000000000384e-01
0.000000000000000000e+00
0.000000000000000000e+00
0.000000000000000000e+00
0.000000000000000000e+00
0.000000000000000000e+00
0.000000000000000000e+00
0.000000000000000000e+00
5.820400000000000018e-01
0.000000000000000000e+00
0.000000000000000000e+00
6.740500000000000380e-01
0.000000000000000000e+00
0.000000000000000000e+00
1.720339999999999980e+00
0.000000000000000000e+00
0.000000000000000000e+00
6.937600000000000433e-01
0.000000000000000000e+00
5.862899999999999778e-01
0.000000000000000000e+00
0.000000000000000000e+00
0.000000000000000000e+00
5.342799999999999772e-01
0.000000000000000000e+00
0.000000000000000000e+00
0.000000000000000000e+00
0.000000000000000000e+00
6.780599999999999961e-01
0.000000000000000000e+00
0.000000000000000000e+00
0.000000000000000000e+00
5.695299999999999807e-01
0.000000000000000000e+00
0.000000000000000000e+00
6.774799999999999711e-01
0.000000000000000000e+00
0.000000000000000000e+00
6.083699999999999664e-01
0.000000000000000000e+00
0.000000000000000000e+00
9.826399999999999579e-01
0.000000000000000000e+00
0.000000000000000000e+00
0.000000000000000000e+00
0.000000000000000000e+00
4.713800000000000212e-01
0.000000000000000000e+00
0.000000000000000000e+00
6.748399999999999954e-01
0.000000000000000000e+00
0.000000000000000000e+00
0.000000000000000000e+00
9.553599999999999870e-01
0.000000000000000000e+00
0.000000000000000000e+00
6.266500000000000403e-01
0.000000000000000000e+00
0.000000000000000000e+00
0.000000000000000000e+00
0.000000000000000000e+00
6.694600000000000550e-01
0.000000000000000000e+00
0.000000000000000000e+00
0.000000000000000000e+00
0.000000000000000000e+00
0.000000000000000000e+00
6.346699999999999564e-01
0.000000000000000000e+00
8.826100000000000056e-01
0.000000000000000000e+00
0.000000000000000000e+00
0.000000000000000000e+00
0.000000000000000000e+00
0.000000000000000000e+00
0.000000000000000000e+00
0.000000000000000000e+00
0.000000000000000000e+00
0.000000000000000000e+00
0.000000000000000000e+00
0.000000000000000000e+00
0.000000000000000000e+00
0.000000000000000000e+00
0.000000000000000000e+00
0.000000000000000000e+00
0.000000000000000000e+00
0.000000000000000000e+00
0.000000000000000000e+00
0.000000000000000000e+00
0.000000000000000000e+00
0.000000000000000000e+00
0.000000000000000000e+00
0.000000000000000000e+00
0.000000000000000000e+00
0.000000000000000000e+00
0.000000000000000000e+00
1.571779999999999955e+00
0.000000000000000000e+00
0.000000000000000000e+00
5.973899999999999766e-01
0.000000000000000000e+00
6.180099999999999483e-01
0.000000000000000000e+00
0.000000000000000000e+00
0.000000000000000000e+00
0.000000000000000000e+00
5.218000000000000416e-01
0.000000000000000000e+00
5.636700000000000044e-01
0.000000000000000000e+00
0.000000000000000000e+00
8.256799999999999695e-01
0.000000000000000000e+00
0.000000000000000000e+00
0.000000000000000000e+00
6.533700000000000063e-01
0.000000000000000000e+00
0.000000000000000000e+00
1.030550000000000077e+00
0.000000000000000000e+00
0.000000000000000000e+00
0.000000000000000000e+00
4.601299999999999835e-01
0.000000000000000000e+00
5.449300000000000255e-01
0.000000000000000000e+00
0.000000000000000000e+00
0.000000000000000000e+00
7.558200000000000474e-01
0.000000000000000000e+00
7.203500000000000458e-01
0.000000000000000000e+00
6.716499999999999693e-01
0.000000000000000000e+00
0.000000000000000000e+00
0.000000000000000000e+00
0.000000000000000000e+00
6.626900000000000013e-01
0.000000000000000000e+00
0.000000000000000000e+00
0.000000000000000000e+00
0.000000000000000000e+00
8.826600000000000001e-01
0.000000000000000000e+00
1.187710000000000043e+00
0.000000000000000000e+00
5.703300000000000036e-01
0.000000000000000000e+00
7.047600000000000531e-01
0.000000000000000000e+00
0.000000000000000000e+00
0.000000000000000000e+00
6.747699999999999809e-01
0.000000000000000000e+00
9.414500000000000091e-01
0.000000000000000000e+00
0.000000000000000000e+00
0.000000000000000000e+00
5.063499999999999668e-01
0.000000000000000000e+00
0.000000000000000000e+00
8.951900000000000412e-01
0.000000000000000000e+00
6.448899999999999633e-01
0.000000000000000000e+00
0.000000000000000000e+00
6.455499999999999572e-01
0.000000000000000000e+00
0.000000000000000000e+00
6.354100000000000303e-01
0.000000000000000000e+00
0.000000000000000000e+00
6.898499999999999632e-01
0.000000000000000000e+00
0.000000000000000000e+00
0.000000000000000000e+00
0.000000000000000000e+00
0.000000000000000000e+00
0.000000000000000000e+00
6.180200000000000138e-01
0.000000000000000000e+00
0.000000000000000000e+00
6.786200000000000010e-01
0.000000000000000000e+00
7.912400000000000544e-01
0.000000000000000000e+00
6.770399999999999752e-01
0.000000000000000000e+00
6.597100000000000186e-01
0.000000000000000000e+00
0.000000000000000000e+00
0.000000000000000000e+00
0.000000000000000000e+00
6.394900000000000029e-01
0.000000000000000000e+00
0.000000000000000000e+00
1.189729999999999954e+00
0.000000000000000000e+00
0.000000000000000000e+00
5.075300000000000367e-01
0.000000000000000000e+00
0.000000000000000000e+00
0.000000000000000000e+00
0.000000000000000000e+00
0.000000000000000000e+00
7.387099999999999778e-01
0.000000000000000000e+00
8.437599999999999545e-01
0.000000000000000000e+00
5.923399999999999777e-01
0.000000000000000000e+00
5.603299999999999947e-01
0.000000000000000000e+00
7.273800000000000265e-01
0.000000000000000000e+00
0.000000000000000000e+00
5.633299999999999974e-01
0.000000000000000000e+00
0.000000000000000000e+00
0.000000000000000000e+00
6.662799999999999834e-01
0.000000000000000000e+00
0.000000000000000000e+00
0.000000000000000000e+00
0.000000000000000000e+00
5.526200000000000001e-01
0.000000000000000000e+00
0.000000000000000000e+00
9.754000000000000448e-01
0.000000000000000000e+00
0.000000000000000000e+00
0.000000000000000000e+00
7.901099999999999790e-01
0.000000000000000000e+00
0.000000000000000000e+00
0.000000000000000000e+00
0.000000000000000000e+00
0.000000000000000000e+00
9.512599999999999945e-01
0.000000000000000000e+00
7.969399999999999817e-01
0.000000000000000000e+00
0.000000000000000000e+00
0.000000000000000000e+00
6.383400000000000185e-01
0.000000000000000000e+00
0.000000000000000000e+00
7.193899999999999739e-01
0.000000000000000000e+00
8.147699999999999942e-01
0.000000000000000000e+00
0.000000000000000000e+00
6.781700000000000506e-01
0.000000000000000000e+00
0.000000000000000000e+00
1.015670000000000073e+00
0.000000000000000000e+00
4.955100000000000060e-01
0.000000000000000000e+00
0.000000000000000000e+00
0.000000000000000000e+00
6.642900000000000471e-01
0.000000000000000000e+00
0.000000000000000000e+00
0.000000000000000000e+00
9.420100000000000140e-01
0.000000000000000000e+00
0.000000000000000000e+00
0.000000000000000000e+00
7.115500000000000158e-01
0.000000000000000000e+00
0.000000000000000000e+00
0.000000000000000000e+00
0.000000000000000000e+00
0.000000000000000000e+00
8.005799999999999583e-01
0.000000000000000000e+00
1.359820000000000029e+00
0.000000000000000000e+00
6.239400000000000501e-01
0.000000000000000000e+00
5.998499999999999943e-01
0.000000000000000000e+00
0.000000000000000000e+00
0.000000000000000000e+00
0.000000000000000000e+00
0.000000000000000000e+00
0.000000000000000000e+00
7.438399999999999457e-01
0.000000000000000000e+00
0.000000000000000000e+00
0.000000000000000000e+00
6.959199999999999831e-01
0.000000000000000000e+00
0.000000000000000000e+00
7.616199999999999637e-01
0.000000000000000000e+00
7.875699999999999923e-01
0.000000000000000000e+00
0.000000000000000000e+00
0.000000000000000000e+00
0.000000000000000000e+00
9.224900000000000322e-01
0.000000000000000000e+00
0.000000000000000000e+00
0.000000000000000000e+00
8.954800000000000537e-01
0.000000000000000000e+00
9.128199999999999648e-01
0.000000000000000000e+00
0.000000000000000000e+00
1.343129999999999935e+00
0.000000000000000000e+00
0.000000000000000000e+00
6.028299999999999770e-01
0.000000000000000000e+00
6.043300000000000338e-01
0.000000000000000000e+00
0.000000000000000000e+00
0.000000000000000000e+00
0.000000000000000000e+00
1.204620000000000024e+00
0.000000000000000000e+00
0.000000000000000000e+00
0.000000000000000000e+00
0.000000000000000000e+00
7.921000000000000263e-01
0.000000000000000000e+00
1.017549999999999955e+00
0.000000000000000000e+00
0.000000000000000000e+00
0.000000000000000000e+00
0.000000000000000000e+00
1.180399999999999894e+00
0.000000000000000000e+00
0.000000000000000000e+00
6.707400000000000029e-01
0.000000000000000000e+00
0.000000000000000000e+00
0.000000000000000000e+00
1.941750000000000087e+00
0.000000000000000000e+00
0.000000000000000000e+00
1.016680000000000028e+00
0.000000000000000000e+00
0.000000000000000000e+00
4.885399999999999743e-01
0.000000000000000000e+00
0.000000000000000000e+00
5.538800000000000390e-01
0.000000000000000000e+00
0.000000000000000000e+00
0.000000000000000000e+00
8.895300000000000429e-01
0.000000000000000000e+00
0.000000000000000000e+00
0.000000000000000000e+00
0.000000000000000000e+00
4.962599999999999789e-01
0.000000000000000000e+00
0.000000000000000000e+00
0.000000000000000000e+00
0.000000000000000000e+00
0.000000000000000000e+00
0.000000000000000000e+00
0.000000000000000000e+00
0.000000000000000000e+00
0.000000000000000000e+00
0.000000000000000000e+00
0.000000000000000000e+00
0.000000000000000000e+00
0.000000000000000000e+00
0.000000000000000000e+00
0.000000000000000000e+00
0.000000000000000000e+00
0.000000000000000000e+00
0.000000000000000000e+00
0.000000000000000000e+00
0.000000000000000000e+00
0.000000000000000000e+00
0.000000000000000000e+00
0.000000000000000000e+00
0.000000000000000000e+00
5.790999999999999481e-01
0.000000000000000000e+00
0.000000000000000000e+00
0.000000000000000000e+00
5.611399999999999721e-01
0.000000000000000000e+00
0.000000000000000000e+00
0.000000000000000000e+00
1.227910000000000057e+00
0.000000000000000000e+00
0.000000000000000000e+00
0.000000000000000000e+00
0.000000000000000000e+00
5.745999999999999996e-01
0.000000000000000000e+00
0.000000000000000000e+00
0.000000000000000000e+00
0.000000000000000000e+00
5.694000000000000172e-01
0.000000000000000000e+00
0.000000000000000000e+00
7.879699999999999482e-01
0.000000000000000000e+00
0.000000000000000000e+00
6.962000000000000410e-01
0.000000000000000000e+00
0.000000000000000000e+00
0.000000000000000000e+00
0.000000000000000000e+00
0.000000000000000000e+00
0.000000000000000000e+00
6.018400000000000416e-01
0.000000000000000000e+00
8.415300000000000002e-01
0.000000000000000000e+00
0.000000000000000000e+00
5.338600000000000012e-01
0.000000000000000000e+00
0.000000000000000000e+00
5.270899999999999475e-01
0.000000000000000000e+00
0.000000000000000000e+00
5.024399999999999977e-01
0.000000000000000000e+00
0.000000000000000000e+00
0.000000000000000000e+00
1.011260000000000048e+00
0.000000000000000000e+00
0.000000000000000000e+00
0.000000000000000000e+00
0.000000000000000000e+00
5.804899999999999505e-01
0.000000000000000000e+00
0.000000000000000000e+00
5.363599999999999479e-01
0.000000000000000000e+00
5.778600000000000403e-01
0.000000000000000000e+00
0.000000000000000000e+00
0.000000000000000000e+00
5.728400000000000158e-01
0.000000000000000000e+00
0.000000000000000000e+00
5.468100000000000183e-01
0.000000000000000000e+00
1.655350000000000099e+00
0.000000000000000000e+00
8.393500000000000405e-01
0.000000000000000000e+00
0.000000000000000000e+00
6.060499999999999776e-01
0.000000000000000000e+00
0.000000000000000000e+00
0.000000000000000000e+00
0.000000000000000000e+00
1.177519999999999900e+00
0.000000000000000000e+00
0.000000000000000000e+00
9.381899999999999684e-01
0.000000000000000000e+00
0.000000000000000000e+00
0.000000000000000000e+00
0.000000000000000000e+00
4.666699999999999737e-01
0.000000000000000000e+00
0.000000000000000000e+00
0.000000000000000000e+00
8.787700000000000511e-01
0.000000000000000000e+00
0.000000000000000000e+00
0.000000000000000000e+00
5.497999999999999554e-01
0.000000000000000000e+00
8.153599999999999737e-01
0.000000000000000000e+00
0.000000000000000000e+00
0.000000000000000000e+00
0.000000000000000000e+00
5.778200000000000003e-01
0.000000000000000000e+00
6.253900000000000015e-01
0.000000000000000000e+00
0.000000000000000000e+00
0.000000000000000000e+00
0.000000000000000000e+00
0.000000000000000000e+00
5.310300000000000020e-01
0.000000000000000000e+00
0.000000000000000000e+00
0.000000000000000000e+00
5.468600000000000128e-01
0.000000000000000000e+00
7.376000000000000334e-01
0.000000000000000000e+00
0.000000000000000000e+00
5.443500000000000005e-01
0.000000000000000000e+00
6.286100000000000021e-01
0.000000000000000000e+00
5.304499999999999771e-01
0.000000000000000000e+00
0.000000000000000000e+00
5.557199999999999918e-01
0.000000000000000000e+00
0.000000000000000000e+00
0.000000000000000000e+00
0.000000000000000000e+00
5.235300000000000509e-01
0.000000000000000000e+00
5.461099999999999843e-01
0.000000000000000000e+00
0.000000000000000000e+00
0.000000000000000000e+00
5.627499999999999725e-01
0.000000000000000000e+00
0.000000000000000000e+00
0.000000000000000000e+00
0.000000000000000000e+00
5.840999999999999526e-01
0.000000000000000000e+00
0.000000000000000000e+00
5.587100000000000399e-01
0.000000000000000000e+00
0.000000000000000000e+00
5.721600000000000019e-01
0.000000000000000000e+00
0.000000000000000000e+00
0.000000000000000000e+00
0.000000000000000000e+00
6.265199999999999658e-01
0.000000000000000000e+00
0.000000000000000000e+00
0.000000000000000000e+00
1.113750000000000018e+00
0.000000000000000000e+00
0.000000000000000000e+00
0.000000000000000000e+00
0.000000000000000000e+00
4.814599999999999991e-01
0.000000000000000000e+00
0.000000000000000000e+00
0.000000000000000000e+00
0.000000000000000000e+00
6.297599999999999865e-01
0.000000000000000000e+00
6.218200000000000394e-01
0.000000000000000000e+00
0.000000000000000000e+00
0.000000000000000000e+00
5.834799999999999986e-01
0.000000000000000000e+00
0.000000000000000000e+00
0.000000000000000000e+00
5.951800000000000423e-01
0.000000000000000000e+00
0.000000000000000000e+00
0.000000000000000000e+00
0.000000000000000000e+00
5.175199999999999800e-01
0.000000000000000000e+00
8.131199999999999539e-01
0.000000000000000000e+00
0.000000000000000000e+00
5.583599999999999675e-01
0.000000000000000000e+00
0.000000000000000000e+00
0.000000000000000000e+00
5.622399999999999620e-01
0.000000000000000000e+00
0.000000000000000000e+00
0.000000000000000000e+00
0.000000000000000000e+00
0.000000000000000000e+00
6.555499999999999661e-01
0.000000000000000000e+00
0.000000000000000000e+00
0.000000000000000000e+00
0.000000000000000000e+00
6.848199999999999843e-01
0.000000000000000000e+00
0.000000000000000000e+00
6.736199999999999966e-01
0.000000000000000000e+00
0.000000000000000000e+00
0.000000000000000000e+00
6.566600000000000215e-01
0.000000000000000000e+00
6.123899999999999899e-01
0.000000000000000000e+00
5.661599999999999966e-01
0.000000000000000000e+00
0.000000000000000000e+00
0.000000000000000000e+00
1.719449999999999923e+00
0.000000000000000000e+00
0.000000000000000000e+00
5.406900000000000039e-01
0.000000000000000000e+00
0.000000000000000000e+00
0.000000000000000000e+00
7.082300000000000262e-01
0.000000000000000000e+00
0.000000000000000000e+00
0.000000000000000000e+00
5.965200000000000502e-01
0.000000000000000000e+00
8.464300000000000157e-01
0.000000000000000000e+00
6.064800000000000191e-01
0.000000000000000000e+00
6.626300000000000523e-01
0.000000000000000000e+00
0.000000000000000000e+00
6.337199999999999500e-01
0.000000000000000000e+00
0.000000000000000000e+00
5.282700000000000173e-01
0.000000000000000000e+00
0.000000000000000000e+00
0.000000000000000000e+00
0.000000000000000000e+00
5.544700000000000184e-01
0.000000000000000000e+00
0.000000000000000000e+00
0.000000000000000000e+00
5.953600000000000003e-01
0.000000000000000000e+00
0.000000000000000000e+00
5.794399999999999551e-01
0.000000000000000000e+00
6.359500000000000153e-01
0.000000000000000000e+00
0.000000000000000000e+00
0.000000000000000000e+00
0.000000000000000000e+00
5.562599999999999767e-01
0.000000000000000000e+00
0.000000000000000000e+00
1.165980000000000016e+00
0.000000000000000000e+00
0.000000000000000000e+00
0.000000000000000000e+00
7.319299999999999695e-01
0.000000000000000000e+00
0.000000000000000000e+00
1.933519999999999905e+00
0.000000000000000000e+00
0.000000000000000000e+00
6.556600000000000206e-01
0.000000000000000000e+00
0.000000000000000000e+00
0.000000000000000000e+00
5.714099999999999735e-01
0.000000000000000000e+00
0.000000000000000000e+00
6.181999999999999718e-01
0.000000000000000000e+00
0.000000000000000000e+00
0.000000000000000000e+00
5.099200000000000399e-01
0.000000000000000000e+00
0.000000000000000000e+00
0.000000000000000000e+00
0.000000000000000000e+00
0.000000000000000000e+00
0.000000000000000000e+00
0.000000000000000000e+00
0.000000000000000000e+00
0.000000000000000000e+00
0.000000000000000000e+00
0.000000000000000000e+00
0.000000000000000000e+00
0.000000000000000000e+00
0.000000000000000000e+00
0.000000000000000000e+00
0.000000000000000000e+00
0.000000000000000000e+00
0.000000000000000000e+00
0.000000000000000000e+00
0.000000000000000000e+00
0.000000000000000000e+00
6.527399999999999869e-01
0.000000000000000000e+00
0.000000000000000000e+00
0.000000000000000000e+00
4.949799999999999756e-01
0.000000000000000000e+00
6.789899999999999824e-01
0.000000000000000000e+00
0.000000000000000000e+00
6.296699999999999520e-01
0.000000000000000000e+00
0.000000000000000000e+00
0.000000000000000000e+00
6.554200000000000026e-01
0.000000000000000000e+00
0.000000000000000000e+00
5.563700000000000312e-01
0.000000000000000000e+00
0.000000000000000000e+00
5.414999999999999813e-01
0.000000000000000000e+00
0.000000000000000000e+00
5.282999999999999918e-01
0.000000000000000000e+00
0.000000000000000000e+00
0.000000000000000000e+00
5.218300000000000161e-01
0.000000000000000000e+00
0.000000000000000000e+00
5.211799999999999766e-01
0.000000000000000000e+00
6.286500000000000421e-01
0.000000000000000000e+00
0.000000000000000000e+00
0.000000000000000000e+00
5.745599999999999596e-01
0.000000000000000000e+00
0.000000000000000000e+00
5.972199999999999731e-01
0.000000000000000000e+00
0.000000000000000000e+00
0.000000000000000000e+00
1.074219999999999953e+00
0.000000000000000000e+00
6.987900000000000222e-01
0.000000000000000000e+00
0.000000000000000000e+00
0.000000000000000000e+00
6.606499999999999595e-01
0.000000000000000000e+00
0.000000000000000000e+00
0.000000000000000000e+00
0.000000000000000000e+00
5.397499999999999520e-01
0.000000000000000000e+00
0.000000000000000000e+00
6.350099999999999634e-01
0.000000000000000000e+00
0.000000000000000000e+00
0.000000000000000000e+00
6.411099999999999577e-01
0.000000000000000000e+00
0.000000000000000000e+00
0.000000000000000000e+00
6.647100000000000231e-01
0.000000000000000000e+00
9.317400000000000126e-01
0.000000000000000000e+00
6.073300000000000365e-01
0.000000000000000000e+00
5.458300000000000374e-01
0.000000000000000000e+00
0.000000000000000000e+00
0.000000000000000000e+00
5.675299999999999789e-01
0.000000000000000000e+00
0.000000000000000000e+00
0.000000000000000000e+00
4.700099999999999834e-01
0.000000000000000000e+00
0.000000000000000000e+00
0.000000000000000000e+00
8.091000000000000414e-01
0.000000000000000000e+00
5.578899999999999970e-01
0.000000000000000000e+00
0.000000000000000000e+00
0.000000000000000000e+00
5.653399999999999537e-01
0.000000000000000000e+00
0.000000000000000000e+00
0.000000000000000000e+00
0.000000000000000000e+00
0.000000000000000000e+00
0.000000000000000000e+00
5.407199999999999784e-01
0.000000000000000000e+00
8.135700000000000154e-01
0.000000000000000000e+00
4.942799999999999971e-01
0.000000000000000000e+00
6.167899999999999494e-01
0.000000000000000000e+00
0.000000000000000000e+00
0.000000000000000000e+00
0.000000000000000000e+00
5.966599999999999682e-01
0.000000000000000000e+00
0.000000000000000000e+00
1.317560000000000064e+00
0.000000000000000000e+00
5.329099999999999948e-01
0.000000000000000000e+00
5.354400000000000270e-01
0.000000000000000000e+00
0.000000000000000000e+00
0.000000000000000000e+00
6.050699999999999967e-01
0.000000000000000000e+00
0.000000000000000000e+00
6.699699999999999545e-01
0.000000000000000000e+00
0.000000000000000000e+00
7.312199999999999811e-01
0.000000000000000000e+00
0.000000000000000000e+00
5.734799999999999898e-01
0.000000000000000000e+00
5.325800000000000534e-01
0.000000000000000000e+00
0.000000000000000000e+00
5.249300000000000077e-01
0.000000000000000000e+00
0.000000000000000000e+00
0.000000000000000000e+00
6.915299999999999780e-01
0.000000000000000000e+00
5.856400000000000494e-01
0.000000000000000000e+00
0.000000000000000000e+00
4.989899999999999891e-01
0.000000000000000000e+00
0.000000000000000000e+00
5.447600000000000220e-01
0.000000000000000000e+00
0.000000000000000000e+00
5.198700000000000543e-01
0.000000000000000000e+00
7.165799999999999947e-01
0.000000000000000000e+00
0.000000000000000000e+00
0.000000000000000000e+00
0.000000000000000000e+00
5.627699999999999925e-01
0.000000000000000000e+00
0.000000000000000000e+00
0.000000000000000000e+00
0.000000000000000000e+00
0.000000000000000000e+00
5.656400000000000317e-01
0.000000000000000000e+00
0.000000000000000000e+00
0.000000000000000000e+00
6.722399999999999487e-01
0.000000000000000000e+00
0.000000000000000000e+00
0.000000000000000000e+00
0.000000000000000000e+00
0.000000000000000000e+00
5.945099999999999829e-01
0.000000000000000000e+00
0.000000000000000000e+00
5.413999999999999924e-01
0.000000000000000000e+00
1.143010000000000081e+00
0.000000000000000000e+00
0.000000000000000000e+00
0.000000000000000000e+00
0.000000000000000000e+00
5.182400000000000340e-01
0.000000000000000000e+00
0.000000000000000000e+00
6.498399999999999732e-01
0.000000000000000000e+00
6.253300000000000525e-01
0.000000000000000000e+00
5.374600000000000488e-01
0.000000000000000000e+00
0.000000000000000000e+00
7.060499999999999554e-01
0.000000000000000000e+00
0.000000000000000000e+00
6.545100000000000362e-01
0.000000000000000000e+00
0.000000000000000000e+00
0.000000000000000000e+00
6.184899999999999842e-01
0.000000000000000000e+00
5.442200000000000371e-01
0.000000000000000000e+00
0.000000000000000000e+00
5.008099999999999774e-01
0.000000000000000000e+00
0.000000000000000000e+00
0.000000000000000000e+00
5.099700000000000344e-01
0.000000000000000000e+00
0.000000000000000000e+00
0.000000000000000000e+00
0.000000000000000000e+00
6.558599999999999985e-01
0.000000000000000000e+00
5.620199999999999640e-01
0.000000000000000000e+00
0.000000000000000000e+00
0.000000000000000000e+00
5.241999999999999993e-01
0.000000000000000000e+00
0.000000000000000000e+00
1.014389999999999903e+00
0.000000000000000000e+00
0.000000000000000000e+00
0.000000000000000000e+00
1.265360000000000040e+00
0.000000000000000000e+00
0.000000000000000000e+00
0.000000000000000000e+00
6.884299999999999864e-01
0.000000000000000000e+00
5.779699999999999838e-01
0.000000000000000000e+00
0.000000000000000000e+00
4.933199999999999807e-01
0.000000000000000000e+00
0.000000000000000000e+00
0.000000000000000000e+00
8.439100000000000490e-01
0.000000000000000000e+00
0.000000000000000000e+00
0.000000000000000000e+00
0.000000000000000000e+00
8.691400000000000237e-01
0.000000000000000000e+00
8.213899999999999535e-01
0.000000000000000000e+00
1.951410000000000089e+00
0.000000000000000000e+00
9.571199999999999708e-01
0.000000000000000000e+00
0.000000000000000000e+00
6.206099999999999950e-01
0.000000000000000000e+00
0.000000000000000000e+00
0.000000000000000000e+00
5.833000000000000407e-01
0.000000000000000000e+00
0.000000000000000000e+00
6.691399999999999570e-01
0.000000000000000000e+00
0.000000000000000000e+00
0.000000000000000000e+00
0.000000000000000000e+00
0.000000000000000000e+00
0.000000000000000000e+00
0.000000000000000000e+00
0.000000000000000000e+00
0.000000000000000000e+00
0.000000000000000000e+00
0.000000000000000000e+00
0.000000000000000000e+00
0.000000000000000000e+00
0.000000000000000000e+00
0.000000000000000000e+00
0.000000000000000000e+00
0.000000000000000000e+00
0.000000000000000000e+00
0.000000000000000000e+00
0.000000000000000000e+00
0.000000000000000000e+00
5.934700000000000530e-01
0.000000000000000000e+00
0.000000000000000000e+00
0.000000000000000000e+00
0.000000000000000000e+00
5.625099999999999545e-01
0.000000000000000000e+00
7.214000000000000412e-01
0.000000000000000000e+00
0.000000000000000000e+00
0.000000000000000000e+00
0.000000000000000000e+00
5.057500000000000329e-01
0.000000000000000000e+00
6.507899999999999796e-01
0.000000000000000000e+00
0.000000000000000000e+00
0.000000000000000000e+00
6.539800000000000058e-01
0.000000000000000000e+00
0.000000000000000000e+00
0.000000000000000000e+00
6.379799999999999915e-01
0.000000000000000000e+00
0.000000000000000000e+00
0.000000000000000000e+00
0.000000000000000000e+00
0.000000000000000000e+00
5.189300000000000024e-01
0.000000000000000000e+00
0.000000000000000000e+00
5.612899999999999556e-01
0.000000000000000000e+00
0.000000000000000000e+00
0.000000000000000000e+00
0.000000000000000000e+00
5.501099999999999879e-01
0.000000000000000000e+00
0.000000000000000000e+00
0.000000000000000000e+00
7.417799999999999949e-01
0.000000000000000000e+00
0.000000000000000000e+00
6.142100000000000337e-01
0.000000000000000000e+00
5.546100000000000474e-01
0.000000000000000000e+00
0.000000000000000000e+00
0.000000000000000000e+00
0.000000000000000000e+00
5.639699999999999713e-01
0.000000000000000000e+00
0.000000000000000000e+00
0.000000000000000000e+00
0.000000000000000000e+00
0.000000000000000000e+00
0.000000000000000000e+00
6.115500000000000380e-01
0.000000000000000000e+00
0.000000000000000000e+00
0.000000000000000000e+00
6.801000000000000378e-01
0.000000000000000000e+00
0.000000000000000000e+00
5.889100000000000446e-01
0.000000000000000000e+00
0.000000000000000000e+00
1.058689999999999909e+00
0.000000000000000000e+00
0.000000000000000000e+00
0.000000000000000000e+00
0.000000000000000000e+00
0.000000000000000000e+00
5.673599999999999755e-01
0.000000000000000000e+00
0.000000000000000000e+00
6.570099999999999829e-01
0.000000000000000000e+00
0.000000000000000000e+00
6.349399999999999489e-01
0.000000000000000000e+00
0.000000000000000000e+00
0.000000000000000000e+00
9.577799999999999647e-01
0.000000000000000000e+00
8.032200000000000450e-01
0.000000000000000000e+00
5.509699999999999598e-01
0.000000000000000000e+00
6.693000000000000060e-01
0.000000000000000000e+00
0.000000000000000000e+00
0.000000000000000000e+00
0.000000000000000000e+00
6.634299999999999642e-01
0.000000000000000000e+00
7.560900000000000398e-01
0.000000000000000000e+00
0.000000000000000000e+00
0.000000000000000000e+00
5.706900000000000306e-01
0.000000000000000000e+00
0.000000000000000000e+00
5.138200000000000545e-01
0.000000000000000000e+00
0.000000000000000000e+00
9.250699999999999479e-01
0.000000000000000000e+00
0.000000000000000000e+00
0.000000000000000000e+00
6.124000000000000554e-01
0.000000000000000000e+00
0.000000000000000000e+00
0.000000000000000000e+00
0.000000000000000000e+00
0.000000000000000000e+00
5.474099999999999522e-01
0.000000000000000000e+00
0.000000000000000000e+00
0.000000000000000000e+00
9.555099999999999705e-01
0.000000000000000000e+00
9.180199999999999472e-01
0.000000000000000000e+00
0.000000000000000000e+00
5.988700000000000134e-01
0.000000000000000000e+00
0.000000000000000000e+00
0.000000000000000000e+00
0.000000000000000000e+00
0.000000000000000000e+00
5.141799999999999704e-01
0.000000000000000000e+00
0.000000000000000000e+00
5.950100000000000389e-01
0.000000000000000000e+00
0.000000000000000000e+00
0.000000000000000000e+00
5.958499999999999908e-01
0.000000000000000000e+00
0.000000000000000000e+00
0.000000000000000000e+00
0.000000000000000000e+00
5.756799999999999695e-01
0.000000000000000000e+00
5.443900000000000405e-01
0.000000000000000000e+00
0.000000000000000000e+00
8.527099999999999680e-01
0.000000000000000000e+00
0.000000000000000000e+00
0.000000000000000000e+00
0.000000000000000000e+00
8.285099999999999687e-01
0.000000000000000000e+00
0.000000000000000000e+00
0.000000000000000000e+00
0.000000000000000000e+00
0.000000000000000000e+00
0.000000000000000000e+00
0.000000000000000000e+00
6.783099999999999685e-01
0.000000000000000000e+00
5.625900000000000345e-01
0.000000000000000000e+00
5.126300000000000301e-01
0.000000000000000000e+00
5.013100000000000334e-01
0.000000000000000000e+00
6.848400000000000043e-01
0.000000000000000000e+00
0.000000000000000000e+00
7.030499999999999527e-01
0.000000000000000000e+00
0.000000000000000000e+00
0.000000000000000000e+00
0.000000000000000000e+00
0.000000000000000000e+00
5.962699999999999667e-01
0.000000000000000000e+00
7.981899999999999551e-01
0.000000000000000000e+00
5.555799999999999628e-01
0.000000000000000000e+00
0.000000000000000000e+00
0.000000000000000000e+00
6.663999999999999924e-01
0.000000000000000000e+00
1.933920000000000083e+00
0.000000000000000000e+00
0.000000000000000000e+00
0.000000000000000000e+00
6.859499999999999487e-01
0.000000000000000000e+00
5.330599999999999783e-01
0.000000000000000000e+00
0.000000000000000000e+00
0.000000000000000000e+00
0.000000000000000000e+00
6.517199999999999660e-01
0.000000000000000000e+00
0.000000000000000000e+00
0.000000000000000000e+00
0.000000000000000000e+00
0.000000000000000000e+00
0.000000000000000000e+00
1.935929999999999929e+00
0.000000000000000000e+00
0.000000000000000000e+00
0.000000000000000000e+00
7.241900000000000004e-01
0.000000000000000000e+00
0.000000000000000000e+00
6.007900000000000462e-01
0.000000000000000000e+00
0.000000000000000000e+00
0.000000000000000000e+00
5.047700000000000520e-01
0.000000000000000000e+00
0.000000000000000000e+00
5.192499999999999893e-01
0.000000000000000000e+00
0.000000000000000000e+00
0.000000000000000000e+00
0.000000000000000000e+00
0.000000000000000000e+00
4.469199999999999839e-01
0.000000000000000000e+00
4.924700000000000188e-01
0.000000000000000000e+00
0.000000000000000000e+00
5.191299999999999804e-01
0.000000000000000000e+00
0.000000000000000000e+00
0.000000000000000000e+00
0.000000000000000000e+00
6.016200000000000436e-01
0.000000000000000000e+00
0.000000000000000000e+00
0.000000000000000000e+00
0.000000000000000000e+00
1.020839999999999970e+00
0.000000000000000000e+00
0.000000000000000000e+00
6.546699999999999742e-01
0.000000000000000000e+00
5.233100000000000529e-01
0.000000000000000000e+00
6.027500000000000080e-01
0.000000000000000000e+00
6.503499999999999837e-01
0.000000000000000000e+00
7.627099999999999991e-01
0.000000000000000000e+00
0.000000000000000000e+00
6.553600000000000536e-01
0.000000000000000000e+00
0.000000000000000000e+00
9.529999999999999583e-01
0.000000000000000000e+00
0.000000000000000000e+00
5.318199999999999594e-01
0.000000000000000000e+00
0.000000000000000000e+00
6.107099999999999751e-01
0.000000000000000000e+00
0.000000000000000000e+00
0.000000000000000000e+00
4.961099999999999954e-01
0.000000000000000000e+00
7.232100000000000195e-01
0.000000000000000000e+00
0.000000000000000000e+00
7.410900000000000265e-01
0.000000000000000000e+00
0.000000000000000000e+00
9.194700000000000095e-01
0.000000000000000000e+00
0.000000000000000000e+00
0.000000000000000000e+00
0.000000000000000000e+00
4.596100000000000185e-01
0.000000000000000000e+00
0.000000000000000000e+00
0.000000000000000000e+00
0.000000000000000000e+00
0.000000000000000000e+00
0.000000000000000000e+00
0.000000000000000000e+00
0.000000000000000000e+00
0.000000000000000000e+00
0.000000000000000000e+00
0.000000000000000000e+00
0.000000000000000000e+00
0.000000000000000000e+00
0.000000000000000000e+00
0.000000000000000000e+00
0.000000000000000000e+00
0.000000000000000000e+00
0.000000000000000000e+00
0.000000000000000000e+00
0.000000000000000000e+00
0.000000000000000000e+00
0.000000000000000000e+00
0.000000000000000000e+00
6.078400000000000469e-01
0.000000000000000000e+00
0.000000000000000000e+00
5.080299999999999816e-01
0.000000000000000000e+00
0.000000000000000000e+00
5.783599999999999852e-01
0.000000000000000000e+00
0.000000000000000000e+00
0.000000000000000000e+00
5.001499999999999835e-01
0.000000000000000000e+00
0.000000000000000000e+00
0.000000000000000000e+00
0.000000000000000000e+00
1.026729999999999920e+00
0.000000000000000000e+00
0.000000000000000000e+00
7.774999999999999689e-01
0.000000000000000000e+00
0.000000000000000000e+00
0.000000000000000000e+00
5.542200000000000459e-01
0.000000000000000000e+00
0.000000000000000000e+00
0.000000000000000000e+00
5.793899999999999606e-01
0.000000000000000000e+00
0.000000000000000000e+00
6.026500000000000190e-01
0.000000000000000000e+00
5.551300000000000123e-01
0.000000000000000000e+00
7.514399999999999968e-01
0.000000000000000000e+00
0.000000000000000000e+00
0.000000000000000000e+00
5.780699999999999728e-01
0.000000000000000000e+00
5.764599999999999724e-01
0.000000000000000000e+00
0.000000000000000000e+00
0.000000000000000000e+00
0.000000000000000000e+00
5.402599999999999625e-01
0.000000000000000000e+00
0.000000000000000000e+00
0.000000000000000000e+00
0.000000000000000000e+00
5.060200000000000253e-01
0.000000000000000000e+00
0.000000000000000000e+00
5.795299999999999896e-01
0.000000000000000000e+00
6.729800000000000226e-01
0.000000000000000000e+00
7.036599999999999522e-01
0.000000000000000000e+00
0.000000000000000000e+00
0.000000000000000000e+00
0.000000000000000000e+00
6.953599999999999781e-01
0.000000000000000000e+00
0.000000000000000000e+00
5.946700000000000319e-01
0.000000000000000000e+00
0.000000000000000000e+00
7.648899999999999588e-01
0.000000000000000000e+00
0.000000000000000000e+00
5.628100000000000325e-01
0.000000000000000000e+00
0.000000000000000000e+00
5.842800000000000216e-01
0.000000000000000000e+00
0.000000000000000000e+00
6.965200000000000280e-01
0.000000000000000000e+00
0.000000000000000000e+00
0.000000000000000000e+00
0.000000000000000000e+00
0.000000000000000000e+00
0.000000000000000000e+00
5.714399999999999480e-01
0.000000000000000000e+00
0.000000000000000000e+00
0.000000000000000000e+00
0.000000000000000000e+00
6.663599999999999524e-01
0.000000000000000000e+00
0.000000000000000000e+00
0.000000000000000000e+00
6.589500000000000357e-01
0.000000000000000000e+00
0.000000000000000000e+00
5.825700000000000323e-01
0.000000000000000000e+00
6.122400000000000064e-01
0.000000000000000000e+00
0.000000000000000000e+00
4.870399999999999729e-01
0.000000000000000000e+00
0.000000000000000000e+00
8.157200000000000006e-01
0.000000000000000000e+00
0.000000000000000000e+00
0.000000000000000000e+00
0.000000000000000000e+00
0.000000000000000000e+00
6.898699999999999832e-01
0.000000000000000000e+00
6.021800000000000486e-01
0.000000000000000000e+00
5.459800000000000209e-01
0.000000000000000000e+00
5.376199999999999868e-01
0.000000000000000000e+00
0.000000000000000000e+00
5.902600000000000069e-01
0.000000000000000000e+00
0.000000000000000000e+00
5.471099999999999852e-01
0.000000000000000000e+00
0.000000000000000000e+00
5.800800000000000400e-01
0.000000000000000000e+00
0.000000000000000000e+00
0.000000000000000000e+00
0.000000000000000000e+00
8.998899999999999677e-01
0.000000000000000000e+00
0.000000000000000000e+00
0.000000000000000000e+00
7.139299999999999535e-01
0.000000000000000000e+00
5.934599999999999875e-01
0.000000000000000000e+00
0.000000000000000000e+00
0.000000000000000000e+00
1.125539999999999985e+00
0.000000000000000000e+00
6.646100000000000341e-01
0.000000000000000000e+00
0.000000000000000000e+00
0.000000000000000000e+00
5.196300000000000363e-01
0.000000000000000000e+00
7.417799999999999949e-01
0.000000000000000000e+00
0.000000000000000000e+00
0.000000000000000000e+00
0.000000000000000000e+00
0.000000000000000000e+00
7.991500000000000270e-01
0.000000000000000000e+00
6.054300000000000237e-01
0.000000000000000000e+00
0.000000000000000000e+00
0.000000000000000000e+00
4.942199999999999926e-01
0.000000000000000000e+00
6.495400000000000063e-01
0.000000000000000000e+00
0.000000000000000000e+00
0.000000000000000000e+00
0.000000000000000000e+00
0.000000000000000000e+00
0.000000000000000000e+00
5.228300000000000169e-01
0.000000000000000000e+00
0.000000000000000000e+00
0.000000000000000000e+00
5.888799999999999590e-01
0.000000000000000000e+00
0.000000000000000000e+00
0.000000000000000000e+00
6.379899999999999460e-01
0.000000000000000000e+00
0.000000000000000000e+00
5.097899999999999654e-01
0.000000000000000000e+00
0.000000000000000000e+00
5.563000000000000167e-01
0.000000000000000000e+00
5.656999999999999806e-01
0.000000000000000000e+00
0.000000000000000000e+00
5.365799999999999459e-01
0.000000000000000000e+00
0.000000000000000000e+00
0.000000000000000000e+00
0.000000000000000000e+00
6.643900000000000361e-01
0.000000000000000000e+00
7.855299999999999505e-01
0.000000000000000000e+00
0.000000000000000000e+00
0.000000000000000000e+00
0.000000000000000000e+00
5.778699999999999948e-01
0.000000000000000000e+00
0.000000000000000000e+00
0.000000000000000000e+00
6.314499999999999558e-01
0.000000000000000000e+00
5.800600000000000200e-01
0.000000000000000000e+00
0.000000000000000000e+00
0.000000000000000000e+00
0.000000000000000000e+00
9.566500000000000004e-01
0.000000000000000000e+00
0.000000000000000000e+00
0.000000000000000000e+00
0.000000000000000000e+00
0.000000000000000000e+00
9.954399999999999915e-01
0.000000000000000000e+00
0.000000000000000000e+00
0.000000000000000000e+00
0.000000000000000000e+00
5.523200000000000331e-01
0.000000000000000000e+00
0.000000000000000000e+00
6.005599999999999827e-01
0.000000000000000000e+00
6.136899999999999578e-01
0.000000000000000000e+00
0.000000000000000000e+00
7.374100000000000099e-01
0.000000000000000000e+00
0.000000000000000000e+00
5.326300000000000479e-01
0.000000000000000000e+00
0.000000000000000000e+00
0.000000000000000000e+00
0.000000000000000000e+00
6.776400000000000201e-01
0.000000000000000000e+00
5.586799999999999544e-01
0.000000000000000000e+00
0.000000000000000000e+00
7.036400000000000432e-01
0.000000000000000000e+00
0.000000000000000000e+00
1.135289999999999910e+00
0.000000000000000000e+00
0.000000000000000000e+00
0.000000000000000000e+00
4.397599999999999842e-01
0.000000000000000000e+00
6.334300000000000486e-01
0.000000000000000000e+00
0.000000000000000000e+00
6.547399999999999887e-01
0.000000000000000000e+00
1.189859999999999918e+00
0.000000000000000000e+00
5.485900000000000221e-01
0.000000000000000000e+00
5.960699999999999887e-01
0.000000000000000000e+00
0.000000000000000000e+00
0.000000000000000000e+00
0.000000000000000000e+00
4.971700000000000008e-01
0.000000000000000000e+00
0.000000000000000000e+00
1.346170000000000089e+00
0.000000000000000000e+00
0.000000000000000000e+00
0.000000000000000000e+00
0.000000000000000000e+00
0.000000000000000000e+00
0.000000000000000000e+00
0.000000000000000000e+00
0.000000000000000000e+00
0.000000000000000000e+00
0.000000000000000000e+00
0.000000000000000000e+00
0.000000000000000000e+00
0.000000000000000000e+00
