0.000000000000000000e+00
0.000000000000000000e+00
0.000000000000000000e+00
0.000000000000000000e+00
0.000000000000000000e+00
0.000000000000000000e+00
0.000000000000000000e+00
0.000000000000000000e+00
0.000000000000000000e+00
0.000000000000000000e+00
8.175900000000000389e-01
0.000000000000000000e+00
0.000000000000000000e+00
1.322610000000000063e+00
0.000000000000000000e+00
0.000000000000000000e+00
0.000000000000000000e+00
1.073679999999999968e+00
0.000000000000000000e+00
9.876700000000000479e-01
0.000000000000000000e+00
0.000000000000000000e+00
0.000000000000000000e+00
1.927189999999999959e+00
0.000000000000000000e+00
1.928509999999999946e+00
0.000000000000000000e+00
0.000000000000000000e+00
1.330999999999999961e+00
0.000000000000000000e+00
1.416800000000000059e+00
0.000000000000000000e+00
0.000000000000000000e+00
0.000000000000000000e+00
1.364700000000000024e+00
0.000000000000000000e+00
0.000000000000000000e+00
0.000000000000000000e+00
1.923310000000000075e+00
0.000000000000000000e+00
0.000000000000000000e+00
0.000000000000000000e+00
3.097500000000000253e-01
0.000000000000000000e+00
0.000000000000000000e+00
7.661999999999999922e-01
0.000000000000000000e+00
7.987499999999999600e-01
0.000000000000000000e+00
0.000000000000000000e+00
6.232699999999999907e-01
0.000000000000000000e+00
0.000000000000000000e+00
7.915699999999999958e-01
0.000000000000000000e+00
0.000000000000000000e+00
0.000000000000000000e+00
0.000000000000000000e+00
0.000000000000000000e+00
6.288099999999999801e-01
0.000000000000000000e+00
0.000000000000000000e+00
5.963100000000000067e-01
0.000000000000000000e+00
0.000000000000000000e+00
0.000000000000000000e+00
0.000000000000000000e+00
0.000000000000000000e+00
0.000000000000000000e+00
6.408399999999999652e-01
0.000000000000000000e+00
0.000000000000000000e+00
5.513200000000000323e-01
0.000000000000000000e+00
0.000000000000000000e+00
7.429099999999999593e-01
0.000000000000000000e+00
0.000000000000000000e+00
0.000000000000000000e+00
5.354200000000000070e-01
0.000000000000000000e+00
5.600600000000000023e-01
0.000000000000000000e+00
0.000000000000000000e+00
6.093100000000000183e-01
0.000000000000000000e+00
0.000000000000000000e+00
0.000000000000000000e+00
6.019700000000000051e-01
0.000000000000000000e+00
0.000000000000000000e+00
0.000000000000000000e+00
5.371599999999999708e-01
0.000000000000000000e+00
0.000000000000000000e+00
5.206100000000000172e-01
0.000000000000000000e+00
0.000000000000000000e+00
7.167700000000000182e-01
0.000000000000000000e+00
0.000000000000000000e+00
0.000000000000000000e+00
5.791899999999999826e-01
0.000000000000000000e+00
0.000000000000000000e+00
0.000000000000000000e+00
0.000000000000000000e+00
0.000000000000000000e+00
0.000000000000000000e+00
0.000000000000000000e+00
5.540199999999999569e-01
0.000000000000000000e+00
6.319399999999999462e-01
0.000000000000000000e+00
5.202499999999999902e-01
0.000000000000000000e+00
5.772300000000000209e-01
0.000000000000000000e+00
0.000000000000000000e+00
7.161199999999999788e-01
0.000000000000000000e+00
0.000000000000000000e+00
5.814099999999999824e-01
0.000000000000000000e+00
0.000000000000000000e+00
0.000000000000000000e+00
0.000000000000000000e+00
0.000000000000000000e+00
5.555099999999999483e-01
0.000000000000000000e+00
0.000000000000000000e+00
6.736999999999999655e-01
0.000000000000000000e+00
6.925099999999999589e-01
0.000000000000000000e+00
5.894599999999999840e-01
0.000000000000000000e+00
0.000000000000000000e+00
0.000000000000000000e+00
0.000000000000000000e+00
5.459100000000000064e-01
0.000000000000000000e+00
0.000000000000000000e+00
6.982099999999999973e-01
0.000000000000000000e+00
0.000000000000000000e+00
0.000000000000000000e+00
0.000000000000000000e+00
7.219299999999999606e-01
0.000000000000000000e+00
0.000000000000000000e+00
6.395899999999999919e-01
0.000000000000000000e+00
0.000000000000000000e+00
5.515900000000000247e-01
0.000000000000000000e+00
5.161799999999999722e-01
0.000000000000000000e+00
0.000000000000000000e+00
0.000000000000000000e+00
5.413000000000000034e-01
0.000000000000000000e+00
0.000000000000000000e+00
0.000000000000000000e+00
5.158800000000000052e-01
0.000000000000000000e+00
0.000000000000000000e+00
8.147400000000000198e-01
0.000000000000000000e+00
6.485199999999999854e-01
0.000000000000000000e+00
0.000000000000000000e+00
0.000000000000000000e+00
5.642200000000000548e-01
0.000000000000000000e+00
0.000000000000000000e+00
0.000000000000000000e+00
5.044300000000000450e-01
0.000000000000000000e+00
0.000000000000000000e+00
5.880600000000000271e-01
0.000000000000000000e+00
0.000000000000000000e+00
0.000000000000000000e+00
4.810699999999999976e-01
0.000000000000000000e+00
8.549600000000000533e-01
0.000000000000000000e+00
0.000000000000000000e+00
5.094100000000000295e-01
0.000000000000000000e+00
6.570200000000000484e-01
0.000000000000000000e+00
0.000000000000000000e+00
5.926500000000000101e-01
0.000000000000000000e+00
0.000000000000000000e+00
5.870900000000000007e-01
0.000000000000000000e+00
5.942800000000000304e-01
0.000000000000000000e+00
5.615799999999999681e-01
0.000000000000000000e+00
0.000000000000000000e+00
6.066500000000000226e-01
0.000000000000000000e+00
0.000000000000000000e+00
0.000000000000000000e+00
5.798299999999999566e-01
0.000000000000000000e+00
0.000000000000000000e+00
4.950700000000000101e-01
0.000000000000000000e+00
0.000000000000000000e+00
7.132699999999999596e-01
0.000000000000000000e+00
0.000000000000000000e+00
0.000000000000000000e+00
0.000000000000000000e+00
6.072100000000000275e-01
0.000000000000000000e+00
0.000000000000000000e+00
5.698699999999999877e-01
0.000000000000000000e+00
0.000000000000000000e+00
0.000000000000000000e+00
0.000000000000000000e+00
5.524499999999999966e-01
0.000000000000000000e+00
6.534400000000000208e-01
0.000000000000000000e+00
0.000000000000000000e+00
6.625100000000000433e-01
0.000000000000000000e+00
0.000000000000000000e+00
6.778399999999999981e-01
0.000000000000000000e+00
6.056700000000000417e-01
0.000000000000000000e+00
5.659600000000000186e-01
0.000000000000000000e+00
0.000000000000000000e+00
5.662099999999999911e-01
0.000000000000000000e+00
0.000000000000000000e+00
0.000000000000000000e+00
6.406300000000000328e-01
0.000000000000000000e+00
0.000000000000000000e+00
0.000000000000000000e+00
0.000000000000000000e+00
5.709100000000000286e-01
0.000000000000000000e+00
0.000000000000000000e+00
1.318149999999999933e+00
0.000000000000000000e+00
0.000000000000000000e+00
0.000000000000000000e+00
6.259700000000000264e-01
0.000000000000000000e+00
6.085000000000000409e-01
0.000000000000000000e+00
0.000000000000000000e+00
5.812100000000000044e-01
0.000000000000000000e+00
0.000000000000000000e+00
0.000000000000000000e+00
0.000000000000000000e+00
0.000000000000000000e+00
6.753700000000000259e-01
0.000000000000000000e+00
5.859100000000000419e-01
0.000000000000000000e+00
0.000000000000000000e+00
0.000000000000000000e+00
0.000000000000000000e+00
0.000000000000000000e+00
0.000000000000000000e+00
0.000000000000000000e+00
0.000000000000000000e+00
0.000000000000000000e+00
0.000000000000000000e+00
0.000000000000000000e+00
0.000000000000000000e+00
0.000000000000000000e+00
0.000000000000000000e+00
0.000000000000000000e+00
0.000000000000000000e+00
0.000000000000000000e+00
0.000000000000000000e+00
0.000000000000000000e+00
0.000000000000000000e+00
0.000000000000000000e+00
0.000000000000000000e+00
0.000000000000000000e+00
6.089499999999999913e-01
0.000000000000000000e+00
0.000000000000000000e+00
0.000000000000000000e+00
0.000000000000000000e+00
5.257800000000000251e-01
0.000000000000000000e+00
0.000000000000000000e+00
0.000000000000000000e+00
0.000000000000000000e+00
5.182099999999999485e-01
0.000000000000000000e+00
0.000000000000000000e+00
0.000000000000000000e+00
5.546600000000000419e-01
0.000000000000000000e+00
6.618199999999999639e-01
0.000000000000000000e+00
6.029799999999999605e-01
0.000000000000000000e+00
5.794399999999999551e-01
0.000000000000000000e+00
6.056000000000000272e-01
0.000000000000000000e+00
0.000000000000000000e+00
0.000000000000000000e+00
0.000000000000000000e+00
0.000000000000000000e+00
6.437599999999999989e-01
0.000000000000000000e+00
5.467199999999999838e-01
0.000000000000000000e+00
9.562300000000000244e-01
0.000000000000000000e+00
0.000000000000000000e+00
0.000000000000000000e+00
5.757799999999999585e-01
0.000000000000000000e+00
0.000000000000000000e+00
5.218699999999999450e-01
0.000000000000000000e+00
0.000000000000000000e+00
0.000000000000000000e+00
5.930299999999999461e-01
0.000000000000000000e+00
0.000000000000000000e+00
7.881399999999999517e-01
0.000000000000000000e+00
6.015700000000000491e-01
0.000000000000000000e+00
5.431500000000000217e-01
0.000000000000000000e+00
0.000000000000000000e+00
0.000000000000000000e+00
7.961899999999999533e-01
0.000000000000000000e+00
0.000000000000000000e+00
0.000000000000000000e+00
0.000000000000000000e+00
0.000000000000000000e+00
0.000000000000000000e+00
5.585400000000000365e-01
0.000000000000000000e+00
0.000000000000000000e+00
0.000000000000000000e+00
0.000000000000000000e+00
8.889799999999999924e-01
0.000000000000000000e+00
0.000000000000000000e+00
0.000000000000000000e+00
0.000000000000000000e+00
5.435999999999999721e-01
0.000000000000000000e+00
0.000000000000000000e+00
0.000000000000000000e+00
6.262799999999999478e-01
0.000000000000000000e+00
0.000000000000000000e+00
0.000000000000000000e+00
5.526699999999999946e-01
0.000000000000000000e+00
0.000000000000000000e+00
6.396199999999999664e-01
0.000000000000000000e+00
0.000000000000000000e+00
0.000000000000000000e+00
6.062699999999999756e-01
0.000000000000000000e+00
5.864500000000000268e-01
0.000000000000000000e+00
0.000000000000000000e+00
5.809600000000000319e-01
0.000000000000000000e+00
0.000000000000000000e+00
6.629500000000000393e-01
0.000000000000000000e+00
0.000000000000000000e+00
8.799000000000000155e-01
0.000000000000000000e+00
5.223100000000000520e-01
0.000000000000000000e+00
6.312400000000000233e-01
0.000000000000000000e+00
0.000000000000000000e+00
0.000000000000000000e+00
0.000000000000000000e+00
5.154400000000000093e-01
0.000000000000000000e+00
0.000000000000000000e+00
0.000000000000000000e+00
0.000000000000000000e+00
0.000000000000000000e+00
1.158039999999999958e+00
0.000000000000000000e+00
0.000000000000000000e+00
0.000000000000000000e+00
6.592700000000000227e-01
0.000000000000000000e+00
0.000000000000000000e+00
4.841799999999999993e-01
0.000000000000000000e+00
0.000000000000000000e+00
4.801099999999999812e-01
0.000000000000000000e+00
0.000000000000000000e+00
7.052100000000000035e-01
0.000000000000000000e+00
5.682700000000000529e-01
0.000000000000000000e+00
5.673200000000000465e-01
0.000000000000000000e+00
0.000000000000000000e+00
0.000000000000000000e+00
0.000000000000000000e+00
0.000000000000000000e+00
5.908200000000000118e-01
0.000000000000000000e+00
0.000000000000000000e+00
7.328500000000000014e-01
0.000000000000000000e+00
0.000000000000000000e+00
0.000000000000000000e+00
5.574400000000000466e-01
0.000000000000000000e+00
0.000000000000000000e+00
0.000000000000000000e+00
0.000000000000000000e+00
5.749400000000000066e-01
0.000000000000000000e+00
0.000000000000000000e+00
0.000000000000000000e+00
0.000000000000000000e+00
0.000000000000000000e+00
5.827700000000000102e-01
0.000000000000000000e+00
0.000000000000000000e+00
0.000000000000000000e+00
5.614099999999999646e-01
0.000000000000000000e+00
0.000000000000000000e+00
5.453200000000000269e-01
0.000000000000000000e+00
0.000000000000000000e+00
5.876500000000000057e-01
0.000000000000000000e+00
5.554200000000000248e-01
0.000000000000000000e+00
0.000000000000000000e+00
6.425400000000000000e-01
0.000000000000000000e+00
0.000000000000000000e+00
0.000000000000000000e+00
0.000000000000000000e+00
7.628099999999999881e-01
0.000000000000000000e+00
0.000000000000000000e+00
0.000000000000000000e+00
5.391500000000000181e-01
0.000000000000000000e+00
0.000000000000000000e+00
0.000000000000000000e+00
5.859199999999999964e-01
0.000000000000000000e+00
0.000000000000000000e+00
0.000000000000000000e+00
6.402400000000000313e-01
0.000000000000000000e+00
0.000000000000000000e+00
0.000000000000000000e+00
0.000000000000000000e+00
5.816500000000000004e-01
0.000000000000000000e+00
0.000000000000000000e+00
5.853500000000000369e-01
0.000000000000000000e+00
0.000000000000000000e+00
0.000000000000000000e+00
0.000000000000000000e+00
0.000000000000000000e+00
0.000000000000000000e+00
5.901300000000000434e-01
0.000000000000000000e+00
0.000000000000000000e+00
6.176700000000000523e-01
0.000000000000000000e+00
0.000000000000000000e+00
0.000000000000000000e+00
6.613900000000000334e-01
0.000000000000000000e+00
0.000000000000000000e+00
0.000000000000000000e+00
6.266399999999999748e-01
0.000000000000000000e+00
5.389399999999999746e-01
0.000000000000000000e+00
0.000000000000000000e+00
5.063600000000000323e-01
0.000000000000000000e+00
0.000000000000000000e+00
0.000000000000000000e+00
5.518399999999999972e-01
0.000000000000000000e+00
0.000000000000000000e+00
0.000000000000000000e+00
5.417199999999999793e-01
0.000000000000000000e+00
8.228299999999999503e-01
0.000000000000000000e+00
0.000000000000000000e+00
0.000000000000000000e+00
7.840599999999999792e-01
0.000000000000000000e+00
0.000000000000000000e+00
0.000000000000000000e+00
0.000000000000000000e+00
0.000000000000000000e+00
0.000000000000000000e+00
5.070099999999999607e-01
0.000000000000000000e+00
0.000000000000000000e+00
0.000000000000000000e+00
0.000000000000000000e+00
5.703500000000000236e-01
0.000000000000000000e+00
0.000000000000000000e+00
1.293730000000000047e+00
0.000000000000000000e+00
0.000000000000000000e+00
0.000000000000000000e+00
6.264999999999999458e-01
0.000000000000000000e+00
0.000000000000000000e+00
0.000000000000000000e+00
7.265500000000000291e-01
0.000000000000000000e+00
5.664700000000000291e-01
0.000000000000000000e+00
6.117599999999999705e-01
0.000000000000000000e+00
0.000000000000000000e+00
0.000000000000000000e+00
0.000000000000000000e+00
0.000000000000000000e+00
4.997900000000000120e-01
0.000000000000000000e+00
0.000000000000000000e+00
0.000000000000000000e+00
5.013800000000000479e-01
0.000000000000000000e+00
5.641599999999999948e-01
0.000000000000000000e+00
5.694900000000000517e-01
0.000000000000000000e+00
0.000000000000000000e+00
0.000000000000000000e+00
0.000000000000000000e+00
1.160719999999999974e+00
0.000000000000000000e+00
0.000000000000000000e+00
0.000000000000000000e+00
6.066000000000000281e-01
0.000000000000000000e+00
0.000000000000000000e+00
7.428700000000000303e-01
0.000000000000000000e+00
0.000000000000000000e+00
0.000000000000000000e+00
4.982199999999999962e-01
0.000000000000000000e+00
0.000000000000000000e+00
0.000000000000000000e+00
0.000000000000000000e+00
0.000000000000000000e+00
0.000000000000000000e+00
0.000000000000000000e+00
0.000000000000000000e+00
0.000000000000000000e+00
0.000000000000000000e+00
0.000000000000000000e+00
0.000000000000000000e+00
0.000000000000000000e+00
0.000000000000000000e+00
0.000000000000000000e+00
0.000000000000000000e+00
0.000000000000000000e+00
0.000000000000000000e+00
0.000000000000000000e+00
0.000000000000000000e+00
0.000000000000000000e+00
0.000000000000000000e+00
0.000000000000000000e+00
0.000000000000000000e+00
5.792599999999999971e-01
0.000000000000000000e+00
0.000000000000000000e+00
0.000000000000000000e+00
0.000000000000000000e+00
0.000000000000000000e+00
4.979700000000000237e-01
0.000000000000000000e+00
0.000000000000000000e+00
5.691699999999999537e-01
0.000000000000000000e+00
0.000000000000000000e+00
0.000000000000000000e+00
0.000000000000000000e+00
0.000000000000000000e+00
6.124800000000000244e-01
0.000000000000000000e+00
5.599199999999999733e-01
0.000000000000000000e+00
6.091199999999999948e-01
0.000000000000000000e+00
0.000000000000000000e+00
5.122499999999999831e-01
0.000000000000000000e+00
0.000000000000000000e+00
0.000000000000000000e+00
8.219199999999999839e-01
0.000000000000000000e+00
0.000000000000000000e+00
6.037400000000000544e-01
0.000000000000000000e+00
5.147800000000000153e-01
0.000000000000000000e+00
0.000000000000000000e+00
0.000000000000000000e+00
4.937400000000000122e-01
0.000000000000000000e+00
0.000000000000000000e+00
5.275800000000000489e-01
0.000000000000000000e+00
0.000000000000000000e+00
1.079250000000000043e+00
0.000000000000000000e+00
6.949600000000000222e-01
0.000000000000000000e+00
0.000000000000000000e+00
0.000000000000000000e+00
0.000000000000000000e+00
0.000000000000000000e+00
1.301500000000000101e+00
0.000000000000000000e+00
0.000000000000000000e+00
0.000000000000000000e+00
6.416199999999999681e-01
0.000000000000000000e+00
0.000000000000000000e+00
5.178599999999999870e-01
0.000000000000000000e+00
5.982899999999999885e-01
0.000000000000000000e+00
0.000000000000000000e+00
0.000000000000000000e+00
5.871300000000000407e-01
0.000000000000000000e+00
0.000000000000000000e+00
5.728999999999999648e-01
0.000000000000000000e+00
9.048199999999999577e-01
0.000000000000000000e+00
0.000000000000000000e+00
0.000000000000000000e+00
9.882800000000000473e-01
0.000000000000000000e+00
0.000000000000000000e+00
5.603000000000000203e-01
0.000000000000000000e+00
0.000000000000000000e+00
7.376000000000000334e-01
0.000000000000000000e+00
5.927400000000000446e-01
0.000000000000000000e+00
0.000000000000000000e+00
6.026700000000000390e-01
0.000000000000000000e+00
0.000000000000000000e+00
0.000000000000000000e+00
5.391200000000000436e-01
0.000000000000000000e+00
0.000000000000000000e+00
1.392490000000000006e+00
0.000000000000000000e+00
0.000000000000000000e+00
5.450500000000000345e-01
0.000000000000000000e+00
5.513200000000000323e-01
0.000000000000000000e+00
0.000000000000000000e+00
0.000000000000000000e+00
5.437600000000000211e-01
0.000000000000000000e+00
0.000000000000000000e+00
0.000000000000000000e+00
5.866799999999999793e-01
0.000000000000000000e+00
0.000000000000000000e+00
0.000000000000000000e+00
0.000000000000000000e+00
0.000000000000000000e+00
7.080999999999999517e-01
0.000000000000000000e+00
0.000000000000000000e+00
6.392600000000000504e-01
0.000000000000000000e+00
0.000000000000000000e+00
0.000000000000000000e+00
0.000000000000000000e+00
5.823199999999999488e-01
0.000000000000000000e+00
0.000000000000000000e+00
0.000000000000000000e+00
5.642399999999999638e-01
0.000000000000000000e+00
0.000000000000000000e+00
5.738499999999999712e-01
0.000000000000000000e+00
0.000000000000000000e+00
7.238400000000000389e-01
0.000000000000000000e+00
0.000000000000000000e+00
0.000000000000000000e+00
0.000000000000000000e+00
0.000000000000000000e+00
5.371200000000000419e-01
0.000000000000000000e+00
0.000000000000000000e+00
5.050700000000000189e-01
0.000000000000000000e+00
0.000000000000000000e+00
0.000000000000000000e+00
0.000000000000000000e+00
6.368500000000000272e-01
0.000000000000000000e+00
0.000000000000000000e+00
0.000000000000000000e+00
1.034459999999999935e+00
0.000000000000000000e+00
6.217799999999999994e-01
0.000000000000000000e+00
0.000000000000000000e+00
0.000000000000000000e+00
5.953699999999999548e-01
0.000000000000000000e+00
0.000000000000000000e+00
0.000000000000000000e+00
0.000000000000000000e+00
7.842799999999999772e-01
0.000000000000000000e+00
5.876200000000000312e-01
0.000000000000000000e+00
5.779600000000000293e-01
0.000000000000000000e+00
1.280240000000000045e+00
0.000000000000000000e+00
6.045500000000000318e-01
0.000000000000000000e+00
0.000000000000000000e+00
5.726999999999999869e-01
0.000000000000000000e+00
0.000000000000000000e+00
0.000000000000000000e+00
0.000000000000000000e+00
0.000000000000000000e+00
4.964600000000000124e-01
0.000000000000000000e+00
5.792699999999999516e-01
0.000000000000000000e+00
0.000000000000000000e+00
0.000000000000000000e+00
5.342500000000000027e-01
0.000000000000000000e+00
0.000000000000000000e+00
4.990100000000000091e-01
0.000000000000000000e+00
0.000000000000000000e+00
0.000000000000000000e+00
5.328000000000000513e-01
0.000000000000000000e+00
0.000000000000000000e+00
0.000000000000000000e+00
6.312299999999999578e-01
0.000000000000000000e+00
0.000000000000000000e+00
5.173799999999999510e-01
0.000000000000000000e+00
0.000000000000000000e+00
0.000000000000000000e+00
0.000000000000000000e+00
6.372700000000000031e-01
0.000000000000000000e+00
0.000000000000000000e+00
0.000000000000000000e+00
0.000000000000000000e+00
0.000000000000000000e+00
0.000000000000000000e+00
6.558599999999999985e-01
0.000000000000000000e+00
0.000000000000000000e+00
0.000000000000000000e+00
6.290599999999999525e-01
0.000000000000000000e+00
0.000000000000000000e+00
0.000000000000000000e+00
6.422600000000000531e-01
0.000000000000000000e+00
0.000000000000000000e+00
0.000000000000000000e+00
0.000000000000000000e+00
0.000000000000000000e+00
6.509899999999999576e-01
0.000000000000000000e+00
0.000000000000000000e+00
0.000000000000000000e+00
0.000000000000000000e+00
7.875499999999999723e-01
0.000000000000000000e+00
0.000000000000000000e+00
0.000000000000000000e+00
4.969600000000000128e-01
0.000000000000000000e+00
0.000000000000000000e+00
0.000000000000000000e+00
0.000000000000000000e+00
0.000000000000000000e+00
0.000000000000000000e+00
5.672700000000000520e-01
0.000000000000000000e+00
0.000000000000000000e+00
0.000000000000000000e+00
7.815400000000000125e-01
0.000000000000000000e+00
0.000000000000000000e+00
0.000000000000000000e+00
0.000000000000000000e+00
7.511400000000000299e-01
0.000000000000000000e+00
0.000000000000000000e+00
5.339000000000000412e-01
0.000000000000000000e+00
0.000000000000000000e+00
0.000000000000000000e+00
0.000000000000000000e+00
0.000000000000000000e+00
5.568300000000000471e-01
0.000000000000000000e+00
0.000000000000000000e+00
6.409500000000000197e-01
0.000000000000000000e+00
0.000000000000000000e+00
1.641399999999999970e+00
0.000000000000000000e+00
6.907900000000000151e-01
0.000000000000000000e+00
5.744200000000000417e-01
0.000000000000000000e+00
0.000000000000000000e+00
0.000000000000000000e+00
8.577200000000000379e-01
0.000000000000000000e+00
0.000000000000000000e+00
0.000000000000000000e+00
0.000000000000000000e+00
0.000000000000000000e+00
0.000000000000000000e+00
0.000000000000000000e+00
6.136500000000000288e-01
0.000000000000000000e+00
0.000000000000000000e+00
5.677999999999999714e-01
0.000000000000000000e+00
6.860199999999999632e-01
0.000000000000000000e+00
5.672800000000000065e-01
0.000000000000000000e+00
0.000000000000000000e+00
6.752299999999999969e-01
0.000000000000000000e+00
6.310900000000000398e-01
0.000000000000000000e+00
0.000000000000000000e+00
0.000000000000000000e+00
0.000000000000000000e+00
0.000000000000000000e+00
0.000000000000000000e+00
0.000000000000000000e+00
0.000000000000000000e+00
0.000000000000000000e+00
0.000000000000000000e+00
0.000000000000000000e+00
0.000000000000000000e+00
0.000000000000000000e+00
0.000000000000000000e+00
0.000000000000000000e+00
0.000000000000000000e+00
0.000000000000000000e+00
0.000000000000000000e+00
0.000000000000000000e+00
0.000000000000000000e+00
0.000000000000000000e+00
0.000000000000000000e+00
0.000000000000000000e+00
0.000000000000000000e+00
6.158400000000000540e-01
0.000000000000000000e+00
5.280799999999999939e-01
0.000000000000000000e+00
0.000000000000000000e+00
0.000000000000000000e+00
5.594200000000000284e-01
0.000000000000000000e+00
0.000000000000000000e+00
0.000000000000000000e+00
0.000000000000000000e+00
4.849700000000000122e-01
0.000000000000000000e+00
0.000000000000000000e+00
7.248499999999999943e-01
0.000000000000000000e+00
0.000000000000000000e+00
0.000000000000000000e+00
0.000000000000000000e+00
7.676100000000000145e-01
0.000000000000000000e+00
5.161099999999999577e-01
0.000000000000000000e+00
6.263999999999999568e-01
0.000000000000000000e+00
0.000000000000000000e+00
6.187399999999999567e-01
0.000000000000000000e+00
6.776299999999999546e-01
0.000000000000000000e+00
0.000000000000000000e+00
6.114500000000000490e-01
0.000000000000000000e+00
6.394199999999999884e-01
0.000000000000000000e+00
0.000000000000000000e+00
6.629399999999999737e-01
0.000000000000000000e+00
0.000000000000000000e+00
5.986000000000000210e-01
0.000000000000000000e+00
0.000000000000000000e+00
0.000000000000000000e+00
0.000000000000000000e+00
4.668499999999999872e-01
0.000000000000000000e+00
0.000000000000000000e+00
8.357200000000000184e-01
0.000000000000000000e+00
0.000000000000000000e+00
0.000000000000000000e+00
5.663099999999999801e-01
0.000000000000000000e+00
0.000000000000000000e+00
5.650800000000000267e-01
0.000000000000000000e+00
5.703799999999999981e-01
0.000000000000000000e+00
0.000000000000000000e+00
0.000000000000000000e+00
5.409399999999999764e-01
0.000000000000000000e+00
0.000000000000000000e+00
0.000000000000000000e+00
9.365599999999999481e-01
0.000000000000000000e+00
6.079200000000000159e-01
0.000000000000000000e+00
0.000000000000000000e+00
7.609299999999999953e-01
0.000000000000000000e+00
0.000000000000000000e+00
0.000000000000000000e+00
6.298399999999999554e-01
0.000000000000000000e+00
0.000000000000000000e+00
5.982699999999999685e-01
0.000000000000000000e+00
5.423900000000000388e-01
0.000000000000000000e+00
0.000000000000000000e+00
0.000000000000000000e+00
0.000000000000000000e+00
0.000000000000000000e+00
7.087499999999999911e-01
0.000000000000000000e+00
0.000000000000000000e+00
0.000000000000000000e+00
0.000000000000000000e+00
6.417800000000000171e-01
0.000000000000000000e+00
0.000000000000000000e+00
5.819600000000000328e-01
0.000000000000000000e+00
0.000000000000000000e+00
6.988999999999999657e-01
0.000000000000000000e+00
0.000000000000000000e+00
0.000000000000000000e+00
6.651000000000000245e-01
0.000000000000000000e+00
5.485299999999999621e-01
0.000000000000000000e+00
0.000000000000000000e+00
8.013200000000000323e-01
0.000000000000000000e+00
0.000000000000000000e+00
0.000000000000000000e+00
8.038300000000000445e-01
0.000000000000000000e+00
7.721599999999999575e-01
0.000000000000000000e+00
6.795400000000000329e-01
0.000000000000000000e+00
5.580300000000000260e-01
0.000000000000000000e+00
0.000000000000000000e+00
0.000000000000000000e+00
0.000000000000000000e+00
0.000000000000000000e+00
5.045899999999999830e-01
0.000000000000000000e+00
0.000000000000000000e+00
0.000000000000000000e+00
5.671100000000000030e-01
0.000000000000000000e+00
0.000000000000000000e+00
0.000000000000000000e+00
0.000000000000000000e+00
5.903599999999999959e-01
0.000000000000000000e+00
0.000000000000000000e+00
0.000000000000000000e+00
6.512900000000000356e-01
0.000000000000000000e+00
0.000000000000000000e+00
5.651800000000000157e-01
0.000000000000000000e+00
1.024270000000000014e+00
0.000000000000000000e+00
0.000000000000000000e+00
7.320400000000000240e-01
0.000000000000000000e+00
5.983000000000000540e-01
0.000000000000000000e+00
0.000000000000000000e+00
0.000000000000000000e+00
6.768499999999999517e-01
0.000000000000000000e+00
0.000000000000000000e+00
0.000000000000000000e+00
0.000000000000000000e+00
5.293999999999999817e-01
0.000000000000000000e+00
0.000000000000000000e+00
0.000000000000000000e+00
0.000000000000000000e+00
1.296729999999999938e+00
0.000000000000000000e+00
0.000000000000000000e+00
0.000000000000000000e+00
0.000000000000000000e+00
0.000000000000000000e+00
1.060140000000000082e+00
0.000000000000000000e+00
7.584199999999999831e-01
0.000000000000000000e+00
6.595100000000000406e-01
0.000000000000000000e+00
0.000000000000000000e+00
7.186599999999999655e-01
0.000000000000000000e+00
0.000000000000000000e+00
0.000000000000000000e+00
1.383350000000000080e+00
0.000000000000000000e+00
6.276100000000000012e-01
0.000000000000000000e+00
0.000000000000000000e+00
0.000000000000000000e+00
5.102700000000000014e-01
0.000000000000000000e+00
0.000000000000000000e+00
6.759100000000000108e-01
0.000000000000000000e+00
0.000000000000000000e+00
0.000000000000000000e+00
4.997500000000000275e-01
0.000000000000000000e+00
6.838999999999999524e-01
0.000000000000000000e+00
6.611099999999999755e-01
0.000000000000000000e+00
1.924749999999999961e+00
0.000000000000000000e+00
0.000000000000000000e+00
0.000000000000000000e+00
0.000000000000000000e+00
1.155839999999999979e+00
0.000000000000000000e+00
8.119300000000000406e-01
0.000000000000000000e+00
8.731100000000000527e-01
0.000000000000000000e+00
0.000000000000000000e+00
0.000000000000000000e+00
6.179499999999999993e-01
0.000000000000000000e+00
0.000000000000000000e+00
0.000000000000000000e+00
0.000000000000000000e+00
0.000000000000000000e+00
5.936399999999999455e-01
0.000000000000000000e+00
0.000000000000000000e+00
0.000000000000000000e+00
0.000000000000000000e+00
5.401599999999999735e-01
0.000000000000000000e+00
0.000000000000000000e+00
4.929499999999999993e-01
0.000000000000000000e+00
8.348499999999999810e-01
0.000000000000000000e+00
0.000000000000000000e+00
0.000000000000000000e+00
5.305900000000000061e-01
0.000000000000000000e+00
7.548200000000000465e-01
0.000000000000000000e+00
0.000000000000000000e+00
7.383699999999999708e-01
0.000000000000000000e+00
0.000000000000000000e+00
0.000000000000000000e+00
0.000000000000000000e+00
0.000000000000000000e+00
0.000000000000000000e+00
9.764399999999999746e-01
0.000000000000000000e+00
0.000000000000000000e+00
5.411000000000000254e-01
0.000000000000000000e+00
5.916299999999999892e-01
0.000000000000000000e+00
0.000000000000000000e+00
0.000000000000000000e+00
8.281800000000000272e-01
0.000000000000000000e+00
8.475399999999999601e-01
0.000000000000000000e+00
7.346899999999999542e-01
0.000000000000000000e+00
0.000000000000000000e+00
0.000000000000000000e+00
7.783600000000000518e-01
0.000000000000000000e+00
0.000000000000000000e+00
0.000000000000000000e+00
0.000000000000000000e+00
5.161499999999999977e-01
0.000000000000000000e+00
1.172870000000000079e+00
0.000000000000000000e+00
0.000000000000000000e+00
0.000000000000000000e+00
0.000000000000000000e+00
0.000000000000000000e+00
0.000000000000000000e+00
0.000000000000000000e+00
0.000000000000000000e+00
0.000000000000000000e+00
0.000000000000000000e+00
0.000000000000000000e+00
0.000000000000000000e+00
0.000000000000000000e+00
0.000000000000000000e+00
0.000000000000000000e+00
0.000000000000000000e+00
0.000000000000000000e+00
0.000000000000000000e+00
0.000000000000000000e+00
0.000000000000000000e+00
0.000000000000000000e+00
0.000000000000000000e+00
1.235200000000000076e+00
0.000000000000000000e+00
0.000000000000000000e+00
0.000000000000000000e+00
7.783299999999999663e-01
0.000000000000000000e+00
0.000000000000000000e+00
0.000000000000000000e+00
9.051299999999999901e-01
0.000000000000000000e+00
0.000000000000000000e+00
0.000000000000000000e+00
0.000000000000000000e+00
6.644400000000000306e-01
0.000000000000000000e+00
0.000000000000000000e+00
0.000000000000000000e+00
7.369700000000000140e-01
0.000000000000000000e+00
7.897800000000000376e-01
0.000000000000000000e+00
0.000000000000000000e+00
0.000000000000000000e+00
5.536100000000000465e-01
0.000000000000000000e+00
0.000000000000000000e+00
4.281099999999999905e-01
0.000000000000000000e+00
5.639199999999999768e-01
0.000000000000000000e+00
0.000000000000000000e+00
6.116899999999999560e-01
0.000000000000000000e+00
0.000000000000000000e+00
0.000000000000000000e+00
6.024199999999999555e-01
0.000000000000000000e+00
6.722200000000000397e-01
0.000000000000000000e+00
7.535699999999999621e-01
0.000000000000000000e+00
6.777499999999999636e-01
0.000000000000000000e+00
0.000000000000000000e+00
6.782599999999999740e-01
0.000000000000000000e+00
0.000000000000000000e+00
6.109599999999999476e-01
0.000000000000000000e+00
0.000000000000000000e+00
7.998100000000000209e-01
0.000000000000000000e+00
0.000000000000000000e+00
0.000000000000000000e+00
6.216300000000000159e-01
0.000000000000000000e+00
5.738699999999999912e-01
0.000000000000000000e+00
0.000000000000000000e+00
0.000000000000000000e+00
6.217200000000000504e-01
0.000000000000000000e+00
0.000000000000000000e+00
0.000000000000000000e+00
0.000000000000000000e+00
6.246899999999999675e-01
0.000000000000000000e+00
7.278200000000000225e-01
0.000000000000000000e+00
0.000000000000000000e+00
0.000000000000000000e+00
1.279369999999999896e+00
0.000000000000000000e+00
0.000000000000000000e+00
5.924099999999999921e-01
0.000000000000000000e+00
0.000000000000000000e+00
0.000000000000000000e+00
0.000000000000000000e+00
0.000000000000000000e+00
5.352999999999999980e-01
0.000000000000000000e+00
7.352300000000000502e-01
0.000000000000000000e+00
0.000000000000000000e+00
0.000000000000000000e+00
6.149700000000000166e-01
0.000000000000000000e+00
0.000000000000000000e+00
0.000000000000000000e+00
0.000000000000000000e+00
6.244300000000000406e-01
0.000000000000000000e+00
0.000000000000000000e+00
7.390400000000000302e-01
0.000000000000000000e+00
0.000000000000000000e+00
5.842300000000000271e-01
0.000000000000000000e+00
0.000000000000000000e+00
0.000000000000000000e+00
8.838500000000000245e-01
0.000000000000000000e+00
0.000000000000000000e+00
1.227530000000000010e+00
0.000000000000000000e+00
0.000000000000000000e+00
1.218420000000000059e+00
0.000000000000000000e+00
0.000000000000000000e+00
0.000000000000000000e+00
6.690599999999999881e-01
0.000000000000000000e+00
5.565700000000000092e-01
0.000000000000000000e+00
6.297199999999999465e-01
0.000000000000000000e+00
0.000000000000000000e+00
0.000000000000000000e+00
0.000000000000000000e+00
1.927240000000000064e+00
0.000000000000000000e+00
0.000000000000000000e+00
8.568599999999999550e-01
0.000000000000000000e+00
0.000000000000000000e+00
0.000000000000000000e+00
6.795099999999999474e-01
0.000000000000000000e+00
0.000000000000000000e+00
0.000000000000000000e+00
6.599399999999999711e-01
0.000000000000000000e+00
5.622399999999999620e-01
0.000000000000000000e+00
0.000000000000000000e+00
0.000000000000000000e+00
0.000000000000000000e+00
5.636700000000000044e-01
0.000000000000000000e+00
0.000000000000000000e+00
5.305900000000000061e-01
0.000000000000000000e+00
0.000000000000000000e+00
6.031900000000000039e-01
0.000000000000000000e+00
0.000000000000000000e+00
0.000000000000000000e+00
8.760000000000000009e-01
0.000000000000000000e+00
0.000000000000000000e+00
5.828999999999999737e-01
0.000000000000000000e+00
1.244110000000000049e+00
0.000000000000000000e+00
0.000000000000000000e+00
0.000000000000000000e+00
1.066210000000000102e+00
0.000000000000000000e+00
0.000000000000000000e+00
7.124300000000000077e-01
0.000000000000000000e+00
0.000000000000000000e+00
0.000000000000000000e+00
1.479889999999999928e+00
0.000000000000000000e+00
0.000000000000000000e+00
0.000000000000000000e+00
6.222699999999999898e-01
0.000000000000000000e+00
0.000000000000000000e+00
5.934300000000000130e-01
0.000000000000000000e+00
0.000000000000000000e+00
0.000000000000000000e+00
0.000000000000000000e+00
0.000000000000000000e+00
0.000000000000000000e+00
0.000000000000000000e+00
6.480299999999999949e-01
0.000000000000000000e+00
0.000000000000000000e+00
0.000000000000000000e+00
5.345800000000000551e-01
0.000000000000000000e+00
0.000000000000000000e+00
0.000000000000000000e+00
0.000000000000000000e+00
0.000000000000000000e+00
6.105000000000000426e-01
0.000000000000000000e+00
0.000000000000000000e+00
6.480299999999999949e-01
0.000000000000000000e+00
6.964599999999999680e-01
0.000000000000000000e+00
0.000000000000000000e+00
1.924290000000000056e+00
0.000000000000000000e+00
0.000000000000000000e+00
0.000000000000000000e+00
0.000000000000000000e+00
0.000000000000000000e+00
5.824399999999999578e-01
0.000000000000000000e+00
0.000000000000000000e+00
0.000000000000000000e+00
0.000000000000000000e+00
5.222900000000000320e-01
0.000000000000000000e+00
7.177700000000000191e-01
0.000000000000000000e+00
0.000000000000000000e+00
0.000000000000000000e+00
0.000000000000000000e+00
5.621000000000000441e-01
0.000000000000000000e+00
0.000000000000000000e+00
0.000000000000000000e+00
0.000000000000000000e+00
0.000000000000000000e+00
7.037900000000000267e-01
0.000000000000000000e+00
0.000000000000000000e+00
6.112499999999999600e-01
0.000000000000000000e+00
0.000000000000000000e+00
5.902800000000000269e-01
0.000000000000000000e+00
0.000000000000000000e+00
8.295200000000000351e-01
0.000000000000000000e+00
0.000000000000000000e+00
5.311399999999999455e-01
0.000000000000000000e+00
0.000000000000000000e+00
0.000000000000000000e+00
7.431299999999999573e-01
0.000000000000000000e+00
0.000000000000000000e+00
5.719800000000000439e-01
0.000000000000000000e+00
8.034999999999999920e-01
0.000000000000000000e+00
0.000000000000000000e+00
7.468399999999999483e-01
0.000000000000000000e+00
0.000000000000000000e+00
7.108600000000000474e-01
0.000000000000000000e+00
0.000000000000000000e+00
7.186299999999999910e-01
0.000000000000000000e+00
0.000000000000000000e+00
0.000000000000000000e+00
1.007470000000000088e+00
0.000000000000000000e+00
0.000000000000000000e+00
0.000000000000000000e+00
6.070799999999999530e-01
0.000000000000000000e+00
5.775700000000000278e-01
0.000000000000000000e+00
0.000000000000000000e+00
5.850300000000000500e-01
0.000000000000000000e+00
0.000000000000000000e+00
7.122500000000000497e-01
0.000000000000000000e+00
0.000000000000000000e+00
0.000000000000000000e+00
0.000000000000000000e+00
0.000000000000000000e+00
6.226099999999999968e-01
0.000000000000000000e+00
0.000000000000000000e+00
6.123399999999999954e-01
0.000000000000000000e+00
0.000000000000000000e+00
0.000000000000000000e+00
0.000000000000000000e+00
0.000000000000000000e+00
0.000000000000000000e+00
0.000000000000000000e+00
0.000000000000000000e+00
0.000000000000000000e+00
0.000000000000000000e+00
0.000000000000000000e+00
0.000000000000000000e+00
0.000000000000000000e+00
0.000000000000000000e+00
0.000000000000000000e+00
0.000000000000000000e+00
0.000000000000000000e+00
0.000000000000000000e+00
0.000000000000000000e+00
0.000000000000000000e+00
0.000000000000000000e+00
0.000000000000000000e+00
9.606900000000000439e-01
0.000000000000000000e+00
0.000000000000000000e+00
5.645000000000000018e-01
0.000000000000000000e+00
0.000000000000000000e+00
5.589300000000000379e-01
0.000000000000000000e+00
0.000000000000000000e+00
5.759499999999999620e-01
0.000000000000000000e+00
5.449199999999999600e-01
0.000000000000000000e+00
6.793099999999999694e-01
0.000000000000000000e+00
0.000000000000000000e+00
7.353699999999999681e-01
0.000000000000000000e+00
7.606300000000000283e-01
0.000000000000000000e+00
0.000000000000000000e+00
7.745499999999999607e-01
0.000000000000000000e+00
0.000000000000000000e+00
7.231899999999999995e-01
0.000000000000000000e+00
0.000000000000000000e+00
7.951099999999999834e-01
0.000000000000000000e+00
0.000000000000000000e+00
0.000000000000000000e+00
0.000000000000000000e+00
8.815600000000000103e-01
0.000000000000000000e+00
0.000000000000000000e+00
0.000000000000000000e+00
6.451099999999999612e-01
0.000000000000000000e+00
6.676299999999999457e-01
0.000000000000000000e+00
0.000000000000000000e+00
6.597399999999999931e-01
0.000000000000000000e+00
9.164799999999999613e-01
0.000000000000000000e+00
0.000000000000000000e+00
6.946299999999999697e-01
0.000000000000000000e+00
0.000000000000000000e+00
0.000000000000000000e+00
5.831300000000000372e-01
0.000000000000000000e+00
0.000000000000000000e+00
6.846499999999999808e-01
0.000000000000000000e+00
6.072100000000000275e-01
0.000000000000000000e+00
1.136929999999999996e+00
0.000000000000000000e+00
0.000000000000000000e+00
0.000000000000000000e+00
5.433799999999999741e-01
0.000000000000000000e+00
0.000000000000000000e+00
0.000000000000000000e+00
5.537900000000000045e-01
0.000000000000000000e+00
9.998399999999999510e-01
0.000000000000000000e+00
0.000000000000000000e+00
0.000000000000000000e+00
0.000000000000000000e+00
0.000000000000000000e+00
1.220900000000000096e+00
0.000000000000000000e+00
0.000000000000000000e+00
5.675499999999999989e-01
0.000000000000000000e+00
0.000000000000000000e+00
0.000000000000000000e+00
0.000000000000000000e+00
0.000000000000000000e+00
5.371799999999999908e-01
0.000000000000000000e+00
0.000000000000000000e+00
6.628199999999999648e-01
0.000000000000000000e+00
0.000000000000000000e+00
4.976300000000000168e-01
0.000000000000000000e+00
0.000000000000000000e+00
0.000000000000000000e+00
0.000000000000000000e+00
0.000000000000000000e+00
6.476800000000000335e-01
0.000000000000000000e+00
0.000000000000000000e+00
5.265600000000000280e-01
0.000000000000000000e+00
0.000000000000000000e+00
6.075000000000000400e-01
0.000000000000000000e+00
0.000000000000000000e+00
0.000000000000000000e+00
0.000000000000000000e+00
5.167100000000000026e-01
0.000000000000000000e+00
0.000000000000000000e+00
4.980399999999999827e-01
0.000000000000000000e+00
0.000000000000000000e+00
5.199500000000000233e-01
0.000000000000000000e+00
0.000000000000000000e+00
8.046699999999999964e-01
0.000000000000000000e+00
0.000000000000000000e+00
0.000000000000000000e+00
0.000000000000000000e+00
0.000000000000000000e+00
0.000000000000000000e+00
0.000000000000000000e+00
5.845399999999999485e-01
0.000000000000000000e+00
0.000000000000000000e+00
4.752500000000000058e-01
0.000000000000000000e+00
8.586899999999999533e-01
0.000000000000000000e+00
0.000000000000000000e+00
7.733900000000000219e-01
0.000000000000000000e+00
0.000000000000000000e+00
0.000000000000000000e+00
0.000000000000000000e+00
6.309099999999999708e-01
0.000000000000000000e+00
0.000000000000000000e+00
0.000000000000000000e+00
7.737899999999999778e-01
0.000000000000000000e+00
8.194700000000000317e-01
0.000000000000000000e+00
0.000000000000000000e+00
5.985599999999999810e-01
0.000000000000000000e+00
0.000000000000000000e+00
7.553800000000000514e-01
0.000000000000000000e+00
0.000000000000000000e+00
0.000000000000000000e+00
1.327630000000000088e+00
0.000000000000000000e+00
5.422200000000000353e-01
0.000000000000000000e+00
1.030380000000000074e+00
0.000000000000000000e+00
0.000000000000000000e+00
0.000000000000000000e+00
6.361700000000000133e-01
0.000000000000000000e+00
8.043900000000000494e-01
0.000000000000000000e+00
6.268500000000000183e-01
0.000000000000000000e+00
0.000000000000000000e+00
7.707100000000000062e-01
0.000000000000000000e+00
0.000000000000000000e+00
0.000000000000000000e+00
7.170199999999999907e-01
0.000000000000000000e+00
0.000000000000000000e+00
0.000000000000000000e+00
7.736499999999999488e-01
0.000000000000000000e+00
0.000000000000000000e+00
1.143340000000000023e+00
0.000000000000000000e+00
0.000000000000000000e+00
7.114099999999999868e-01
0.000000000000000000e+00
0.000000000000000000e+00
8.727500000000000258e-01
0.000000000000000000e+00
7.467099999999999849e-01
0.000000000000000000e+00
0.000000000000000000e+00
8.116900000000000226e-01
0.000000000000000000e+00
0.000000000000000000e+00
0.000000000000000000e+00
8.448700000000000099e-01
0.000000000000000000e+00
0.000000000000000000e+00
1.525120000000000031e+00
0.000000000000000000e+00
0.000000000000000000e+00
0.000000000000000000e+00
7.048299999999999566e-01
0.000000000000000000e+00
9.519499999999999629e-01
0.000000000000000000e+00
0.000000000000000000e+00
0.000000000000000000e+00
0.000000000000000000e+00
0.000000000000000000e+00
6.758999999999999453e-01
0.000000000000000000e+00
0.000000000000000000e+00
0.000000000000000000e+00
6.934399999999999453e-01
0.000000000000000000e+00
0.000000000000000000e+00
8.114700000000000246e-01
0.000000000000000000e+00
0.000000000000000000e+00
0.000000000000000000e+00
0.000000000000000000e+00
5.801399999999999890e-01
0.000000000000000000e+00
7.728099999999999969e-01
0.000000000000000000e+00
0.000000000000000000e+00
0.000000000000000000e+00
0.000000000000000000e+00
1.014150000000000107e+00
0.000000000000000000e+00
0.000000000000000000e+00
0.000000000000000000e+00
1.351509999999999989e+00
0.000000000000000000e+00
7.997300000000000519e-01
0.000000000000000000e+00
0.000000000000000000e+00
0.000000000000000000e+00
5.364499999999999824e-01
0.000000000000000000e+00
0.000000000000000000e+00
0.000000000000000000e+00
0.000000000000000000e+00
0.000000000000000000e+00
0.000000000000000000e+00
5.880400000000000071e-01
0.000000000000000000e+00
0.000000000000000000e+00
0.000000000000000000e+00
6.343499999999999694e-01
0.000000000000000000e+00
0.000000000000000000e+00
0.000000000000000000e+00
6.571900000000000519e-01
0.000000000000000000e+00
0.000000000000000000e+00
5.738400000000000167e-01
0.000000000000000000e+00
9.014600000000000390e-01
0.000000000000000000e+00
0.000000000000000000e+00
0.000000000000000000e+00
0.000000000000000000e+00
0.000000000000000000e+00
0.000000000000000000e+00
0.000000000000000000e+00
0.000000000000000000e+00
0.000000000000000000e+00
0.000000000000000000e+00
0.000000000000000000e+00
0.000000000000000000e+00
0.000000000000000000e+00
0.000000000000000000e+00
0.000000000000000000e+00
0.000000000000000000e+00
0.000000000000000000e+00
0.000000000000000000e+00
0.000000000000000000e+00
0.000000000000000000e+00
0.000000000000000000e+00
0.000000000000000000e+00
0.000000000000000000e+00
0.000000000000000000e+00
0.000000000000000000e+00
0.000000000000000000e+00
0.000000000000000000e+00
0.000000000000000000e+00
0.000000000000000000e+00
0.000000000000000000e+00
