0.000000000000000000e+00
0.000000000000000000e+00
0.000000000000000000e+00
0.000000000000000000e+00
0.000000000000000000e+00
0.000000000000000000e+00
0.000000000000000000e+00
0.000000000000000000e+00
0.000000000000000000e+00
0.000000000000000000e+00
6.823099999999999721e-01
0.000000000000000000e+00
6.480000000000000204e-01
0.000000000000000000e+00
0.000000000000000000e+00
5.714900000000000535e-01
0.000000000000000000e+00
0.000000000000000000e+00
1.043630000000000058e+00
0.000000000000000000e+00
1.280000000000000027e+00
0.000000000000000000e+00
0.000000000000000000e+00
0.000000000000000000e+00
6.915599999999999525e-01
0.000000000000000000e+00
0.000000000000000000e+00
0.000000000000000000e+00
5.860100000000000309e-01
0.000000000000000000e+00
0.000000000000000000e+00
5.760100000000000220e-01
0.000000000000000000e+00
0.000000000000000000e+00
0.000000000000000000e+00
1.037260000000000071e+00
0.000000000000000000e+00
7.417200000000000459e-01
0.000000000000000000e+00
0.000000000000000000e+00
7.477200000000000513e-01
0.000000000000000000e+00
9.555900000000000505e-01
0.000000000000000000e+00
1.332759999999999945e+00
0.000000000000000000e+00
0.000000000000000000e+00
0.000000000000000000e+00
0.000000000000000000e+00
5.203200000000000047e-01
0.000000000000000000e+00
0.000000000000000000e+00
0.000000000000000000e+00
1.421529999999999960e+00
0.000000000000000000e+00
8.220699999999999674e-01
0.000000000000000000e+00
0.000000000000000000e+00
5.834899999999999531e-01
0.000000000000000000e+00
0.000000000000000000e+00
0.000000000000000000e+00
6.115899999999999670e-01
0.000000000000000000e+00
0.000000000000000000e+00
0.000000000000000000e+00
8.669900000000000384e-01
0.000000000000000000e+00
0.000000000000000000e+00
0.000000000000000000e+00
0.000000000000000000e+00
0.000000000000000000e+00
0.000000000000000000e+00
5.776099999999999568e-01
0.000000000000000000e+00
0.000000000000000000e+00
0.000000000000000000e+00
1.591139999999999999e+00
0.000000000000000000e+00
0.000000000000000000e+00
0.000000000000000000e+00
1.700609999999999955e+00
0.000000000000000000e+00
0.000000000000000000e+00
9.364200000000000301e-01
0.000000000000000000e+00
5.931699999999999751e-01
0.000000000000000000e+00
0.000000000000000000e+00
0.000000000000000000e+00
9.311000000000000387e-01
0.000000000000000000e+00
0.000000000000000000e+00
0.000000000000000000e+00
0.000000000000000000e+00
1.088940000000000019e+00
0.000000000000000000e+00
0.000000000000000000e+00
0.000000000000000000e+00
0.000000000000000000e+00
0.000000000000000000e+00
1.553500000000000103e+00
0.000000000000000000e+00
0.000000000000000000e+00
0.000000000000000000e+00
0.000000000000000000e+00
4.864800000000000235e-01
0.000000000000000000e+00
0.000000000000000000e+00
0.000000000000000000e+00
0.000000000000000000e+00
1.305700000000000083e+00
0.000000000000000000e+00
7.343100000000000183e-01
0.000000000000000000e+00
8.679599999999999538e-01
0.000000000000000000e+00
0.000000000000000000e+00
0.000000000000000000e+00
6.827199999999999935e-01
0.000000000000000000e+00
0.000000000000000000e+00
4.931200000000000028e-01
0.000000000000000000e+00
0.000000000000000000e+00
0.000000000000000000e+00
8.029300000000000326e-01
0.000000000000000000e+00
0.000000000000000000e+00
1.936239999999999961e+00
0.000000000000000000e+00
0.000000000000000000e+00
0.000000000000000000e+00
6.443100000000000493e-01
0.000000000000000000e+00
0.000000000000000000e+00
5.924500000000000322e-01
0.000000000000000000e+00
0.000000000000000000e+00
0.000000000000000000e+00
6.963599999999999790e-01
0.000000000000000000e+00
0.000000000000000000e+00
0.000000000000000000e+00
0.000000000000000000e+00
1.739449999999999941e+00
0.000000000000000000e+00
0.000000000000000000e+00
0.000000000000000000e+00
5.455400000000000249e-01
0.000000000000000000e+00
0.000000000000000000e+00
0.000000000000000000e+00
7.802499999999999991e-01
0.000000000000000000e+00
0.000000000000000000e+00
0.000000000000000000e+00
0.000000000000000000e+00
5.221400000000000485e-01
0.000000000000000000e+00
0.000000000000000000e+00
5.502500000000000169e-01
0.000000000000000000e+00
0.000000000000000000e+00
0.000000000000000000e+00
0.000000000000000000e+00
8.974900000000000100e-01
0.000000000000000000e+00
0.000000000000000000e+00
0.000000000000000000e+00
5.347899999999999876e-01
0.000000000000000000e+00
1.090340000000000087e+00
0.000000000000000000e+00
0.000000000000000000e+00
0.000000000000000000e+00
1.931000000000000050e+00
0.000000000000000000e+00
0.000000000000000000e+00
4.957799999999999985e-01
0.000000000000000000e+00
0.000000000000000000e+00
4.916099999999999914e-01
0.000000000000000000e+00
0.000000000000000000e+00
5.988200000000000189e-01
0.000000000000000000e+00
0.000000000000000000e+00
0.000000000000000000e+00
4.920300000000000229e-01
0.000000000000000000e+00
0.000000000000000000e+00
0.000000000000000000e+00
5.046199999999999575e-01
0.000000000000000000e+00
0.000000000000000000e+00
0.000000000000000000e+00
0.000000000000000000e+00
6.148500000000000076e-01
0.000000000000000000e+00
8.475700000000000456e-01
0.000000000000000000e+00
0.000000000000000000e+00
5.503200000000000314e-01
0.000000000000000000e+00
7.729200000000000514e-01
0.000000000000000000e+00
0.000000000000000000e+00
0.000000000000000000e+00
0.000000000000000000e+00
0.000000000000000000e+00
0.000000000000000000e+00
5.691699999999999537e-01
0.000000000000000000e+00
0.000000000000000000e+00
0.000000000000000000e+00
0.000000000000000000e+00
5.631000000000000449e-01
0.000000000000000000e+00
0.000000000000000000e+00
0.000000000000000000e+00
0.000000000000000000e+00
6.044899999999999718e-01
0.000000000000000000e+00
0.000000000000000000e+00
0.000000000000000000e+00
5.736400000000000388e-01
0.000000000000000000e+00
0.000000000000000000e+00
6.403200000000000003e-01
0.000000000000000000e+00
9.308899999999999952e-01
0.000000000000000000e+00
0.000000000000000000e+00
0.000000000000000000e+00
0.000000000000000000e+00
0.000000000000000000e+00
0.000000000000000000e+00
0.000000000000000000e+00
4.690599999999999770e-01
0.000000000000000000e+00
0.000000000000000000e+00
5.618900000000000006e-01
0.000000000000000000e+00
0.000000000000000000e+00
4.655500000000000194e-01
0.000000000000000000e+00
0.000000000000000000e+00
5.946200000000000374e-01
0.000000000000000000e+00
5.500099999999999989e-01
0.000000000000000000e+00
0.000000000000000000e+00
0.000000000000000000e+00
9.246499999999999719e-01
0.000000000000000000e+00
0.000000000000000000e+00
0.000000000000000000e+00
0.000000000000000000e+00
1.366540000000000088e+00
0.000000000000000000e+00
0.000000000000000000e+00
0.000000000000000000e+00
5.725299999999999834e-01
0.000000000000000000e+00
0.000000000000000000e+00
5.160900000000000487e-01
0.000000000000000000e+00
0.000000000000000000e+00
6.267700000000000493e-01
0.000000000000000000e+00
0.000000000000000000e+00
4.840099999999999958e-01
0.000000000000000000e+00
0.000000000000000000e+00
0.000000000000000000e+00
0.000000000000000000e+00
4.363000000000000211e-01
0.000000000000000000e+00
0.000000000000000000e+00
6.825900000000000301e-01
0.000000000000000000e+00
0.000000000000000000e+00
0.000000000000000000e+00
9.033700000000000063e-01
0.000000000000000000e+00
0.000000000000000000e+00
5.575700000000000101e-01
0.000000000000000000e+00
0.000000000000000000e+00
0.000000000000000000e+00
0.000000000000000000e+00
7.726899999999999880e-01
0.000000000000000000e+00
0.000000000000000000e+00
0.000000000000000000e+00
0.000000000000000000e+00
0.000000000000000000e+00
5.010400000000000409e-01
0.000000000000000000e+00
9.336299999999999599e-01
0.000000000000000000e+00
0.000000000000000000e+00
0.000000000000000000e+00
0.000000000000000000e+00
0.000000000000000000e+00
0.000000000000000000e+00
0.000000000000000000e+00
0.000000000000000000e+00
0.000000000000000000e+00
0.000000000000000000e+00
0.000000000000000000e+00
0.000000000000000000e+00
0.000000000000000000e+00
0.000000000000000000e+00
0.000000000000000000e+00
0.000000000000000000e+00
0.000000000000000000e+00
0.000000000000000000e+00
0.000000000000000000e+00
0.000000000000000000e+00
0.000000000000000000e+00
0.000000000000000000e+00
0.000000000000000000e+00
0.000000000000000000e+00
0.000000000000000000e+00
0.000000000000000000e+00
8.539200000000000124e-01
0.000000000000000000e+00
0.000000000000000000e+00
1.216490000000000071e+00
0.000000000000000000e+00
7.038200000000000012e-01
0.000000000000000000e+00
0.000000000000000000e+00
0.000000000000000000e+00
0.000000000000000000e+00
8.242199999999999527e-01
0.000000000000000000e+00
1.227219999999999978e+00
0.000000000000000000e+00
0.000000000000000000e+00
9.453200000000000491e-01
0.000000000000000000e+00
0.000000000000000000e+00
0.000000000000000000e+00
6.891899999999999693e-01
0.000000000000000000e+00
0.000000000000000000e+00
8.112700000000000466e-01
0.000000000000000000e+00
0.000000000000000000e+00
0.000000000000000000e+00
5.548699999999999743e-01
0.000000000000000000e+00
5.955000000000000293e-01
0.000000000000000000e+00
0.000000000000000000e+00
0.000000000000000000e+00
6.575900000000000079e-01
0.000000000000000000e+00
1.381140000000000034e+00
0.000000000000000000e+00
6.527600000000000069e-01
0.000000000000000000e+00
0.000000000000000000e+00
0.000000000000000000e+00
0.000000000000000000e+00
6.388599999999999834e-01
0.000000000000000000e+00
0.000000000000000000e+00
0.000000000000000000e+00
0.000000000000000000e+00
5.716200000000000170e-01
0.000000000000000000e+00
5.706900000000000306e-01
0.000000000000000000e+00
4.879200000000000204e-01
0.000000000000000000e+00
4.979399999999999937e-01
0.000000000000000000e+00
0.000000000000000000e+00
0.000000000000000000e+00
5.124999999999999556e-01
0.000000000000000000e+00
1.072189999999999976e+00
0.000000000000000000e+00
0.000000000000000000e+00
0.000000000000000000e+00
6.830500000000000460e-01
0.000000000000000000e+00
0.000000000000000000e+00
6.512000000000000011e-01
0.000000000000000000e+00
5.546400000000000219e-01
0.000000000000000000e+00
0.000000000000000000e+00
7.918399999999999883e-01
0.000000000000000000e+00
0.000000000000000000e+00
1.939140000000000086e+00
0.000000000000000000e+00
0.000000000000000000e+00
6.045599999999999863e-01
0.000000000000000000e+00
0.000000000000000000e+00
0.000000000000000000e+00
0.000000000000000000e+00
0.000000000000000000e+00
0.000000000000000000e+00
4.770300000000000096e-01
0.000000000000000000e+00
0.000000000000000000e+00
6.108200000000000296e-01
0.000000000000000000e+00
1.024969999999999937e+00
0.000000000000000000e+00
5.448499999999999455e-01
0.000000000000000000e+00
8.325299999999999923e-01
0.000000000000000000e+00
0.000000000000000000e+00
0.000000000000000000e+00
0.000000000000000000e+00
5.641699999999999493e-01
0.000000000000000000e+00
0.000000000000000000e+00
1.007439999999999891e+00
0.000000000000000000e+00
0.000000000000000000e+00
6.115099999999999980e-01
0.000000000000000000e+00
0.000000000000000000e+00
0.000000000000000000e+00
0.000000000000000000e+00
0.000000000000000000e+00
6.274100000000000232e-01
0.000000000000000000e+00
9.984699999999999687e-01
0.000000000000000000e+00
1.942479999999999984e+00
0.000000000000000000e+00
8.304599999999999760e-01
0.000000000000000000e+00
5.078399999999999581e-01
0.000000000000000000e+00
0.000000000000000000e+00
1.483540000000000081e+00
0.000000000000000000e+00
0.000000000000000000e+00
0.000000000000000000e+00
1.117040000000000033e+00
0.000000000000000000e+00
0.000000000000000000e+00
0.000000000000000000e+00
0.000000000000000000e+00
5.444200000000000150e-01
0.000000000000000000e+00
0.000000000000000000e+00
6.801899999999999613e-01
0.000000000000000000e+00
0.000000000000000000e+00
0.000000000000000000e+00
5.528999999999999471e-01
0.000000000000000000e+00
0.000000000000000000e+00
0.000000000000000000e+00
0.000000000000000000e+00
0.000000000000000000e+00
6.889199999999999768e-01
0.000000000000000000e+00
8.210199999999999720e-01
0.000000000000000000e+00
0.000000000000000000e+00
0.000000000000000000e+00
5.756200000000000205e-01
0.000000000000000000e+00
0.000000000000000000e+00
5.172400000000000331e-01
0.000000000000000000e+00
7.963000000000000078e-01
0.000000000000000000e+00
0.000000000000000000e+00
4.988699999999999801e-01
0.000000000000000000e+00
0.000000000000000000e+00
5.709999999999999520e-01
0.000000000000000000e+00
1.101159999999999917e+00
0.000000000000000000e+00
0.000000000000000000e+00
0.000000000000000000e+00
9.175100000000000477e-01
0.000000000000000000e+00
0.000000000000000000e+00
0.000000000000000000e+00
1.943130000000000024e+00
0.000000000000000000e+00
0.000000000000000000e+00
0.000000000000000000e+00
5.407800000000000384e-01
0.000000000000000000e+00
0.000000000000000000e+00
0.000000000000000000e+00
0.000000000000000000e+00
0.000000000000000000e+00
6.146399999999999642e-01
0.000000000000000000e+00
5.740300000000000402e-01
0.000000000000000000e+00
6.977600000000000469e-01
0.000000000000000000e+00
5.245900000000000007e-01
0.000000000000000000e+00
0.000000000000000000e+00
0.000000000000000000e+00
0.000000000000000000e+00
0.000000000000000000e+00
0.000000000000000000e+00
7.406700000000000506e-01
0.000000000000000000e+00
0.000000000000000000e+00
0.000000000000000000e+00
8.006400000000000183e-01
0.000000000000000000e+00
0.000000000000000000e+00
1.403340000000000032e+00
0.000000000000000000e+00
8.975300000000000500e-01
0.000000000000000000e+00
0.000000000000000000e+00
0.000000000000000000e+00
0.000000000000000000e+00
6.479300000000000059e-01
0.000000000000000000e+00
0.000000000000000000e+00
0.000000000000000000e+00
1.933110000000000106e+00
0.000000000000000000e+00
7.296399999999999553e-01
0.000000000000000000e+00
0.000000000000000000e+00
5.187100000000000044e-01
0.000000000000000000e+00
0.000000000000000000e+00
7.260799999999999477e-01
0.000000000000000000e+00
1.295549999999999979e+00
0.000000000000000000e+00
0.000000000000000000e+00
0.000000000000000000e+00
0.000000000000000000e+00
5.534999999999999920e-01
0.000000000000000000e+00
0.000000000000000000e+00
0.000000000000000000e+00
0.000000000000000000e+00
7.461699999999999999e-01
0.000000000000000000e+00
5.327499999999999458e-01
0.000000000000000000e+00
0.000000000000000000e+00
0.000000000000000000e+00
0.000000000000000000e+00
1.104100000000000081e+00
0.000000000000000000e+00
0.000000000000000000e+00
1.956180000000000030e+00
0.000000000000000000e+00
0.000000000000000000e+00
0.000000000000000000e+00
7.246099999999999763e-01
0.000000000000000000e+00
0.000000000000000000e+00
9.300699999999999523e-01
0.000000000000000000e+00
0.000000000000000000e+00
6.047400000000000553e-01
0.000000000000000000e+00
0.000000000000000000e+00
7.032399999999999762e-01
0.000000000000000000e+00
0.000000000000000000e+00
0.000000000000000000e+00
1.941030000000000033e+00
0.000000000000000000e+00
0.000000000000000000e+00
0.000000000000000000e+00
0.000000000000000000e+00
5.584799999999999764e-01
0.000000000000000000e+00
0.000000000000000000e+00
0.000000000000000000e+00
0.000000000000000000e+00
0.000000000000000000e+00
0.000000000000000000e+00
0.000000000000000000e+00
0.000000000000000000e+00
0.000000000000000000e+00
0.000000000000000000e+00
0.000000000000000000e+00
0.000000000000000000e+00
0.000000000000000000e+00
0.000000000000000000e+00
0.000000000000000000e+00
0.000000000000000000e+00
0.000000000000000000e+00
0.000000000000000000e+00
0.000000000000000000e+00
0.000000000000000000e+00
0.000000000000000000e+00
0.000000000000000000e+00
0.000000000000000000e+00
0.000000000000000000e+00
9.383500000000000174e-01
0.000000000000000000e+00
0.000000000000000000e+00
0.000000000000000000e+00
6.129700000000000149e-01
0.000000000000000000e+00
0.000000000000000000e+00
0.000000000000000000e+00
1.940120000000000067e+00
0.000000000000000000e+00
0.000000000000000000e+00
0.000000000000000000e+00
0.000000000000000000e+00
4.486399999999999832e-01
0.000000000000000000e+00
0.000000000000000000e+00
0.000000000000000000e+00
0.000000000000000000e+00
1.089269999999999960e+00
0.000000000000000000e+00
0.000000000000000000e+00
1.000580000000000025e+00
0.000000000000000000e+00
0.000000000000000000e+00
9.122599999999999598e-01
0.000000000000000000e+00
0.000000000000000000e+00
0.000000000000000000e+00
0.000000000000000000e+00
0.000000000000000000e+00
0.000000000000000000e+00
5.659899999999999931e-01
0.000000000000000000e+00
1.474110000000000031e+00
0.000000000000000000e+00
0.000000000000000000e+00
1.119660000000000100e+00
0.000000000000000000e+00
0.000000000000000000e+00
5.649999999999999467e-01
0.000000000000000000e+00
0.000000000000000000e+00
4.352900000000000102e-01
0.000000000000000000e+00
0.000000000000000000e+00
0.000000000000000000e+00
5.838299999999999601e-01
0.000000000000000000e+00
0.000000000000000000e+00
0.000000000000000000e+00
0.000000000000000000e+00
7.907899999999999929e-01
0.000000000000000000e+00
0.000000000000000000e+00
1.933070000000000066e+00
0.000000000000000000e+00
4.796199999999999908e-01
0.000000000000000000e+00
0.000000000000000000e+00
0.000000000000000000e+00
5.587699999999999889e-01
0.000000000000000000e+00
0.000000000000000000e+00
6.570700000000000429e-01
0.000000000000000000e+00
1.174490000000000034e+00
0.000000000000000000e+00
1.415270000000000028e+00
0.000000000000000000e+00
0.000000000000000000e+00
9.550199999999999800e-01
0.000000000000000000e+00
0.000000000000000000e+00
0.000000000000000000e+00
0.000000000000000000e+00
1.936220000000000052e+00
0.000000000000000000e+00
0.000000000000000000e+00
4.732600000000000140e-01
0.000000000000000000e+00
0.000000000000000000e+00
0.000000000000000000e+00
0.000000000000000000e+00
5.503599999999999604e-01
0.000000000000000000e+00
0.000000000000000000e+00
0.000000000000000000e+00
8.591900000000000093e-01
0.000000000000000000e+00
0.000000000000000000e+00
0.000000000000000000e+00
8.826100000000000056e-01
0.000000000000000000e+00
1.936139999999999972e+00
0.000000000000000000e+00
0.000000000000000000e+00
0.000000000000000000e+00
0.000000000000000000e+00
6.110999999999999766e-01
0.000000000000000000e+00
5.658600000000000296e-01
0.000000000000000000e+00
0.000000000000000000e+00
0.000000000000000000e+00
0.000000000000000000e+00
0.000000000000000000e+00
9.373299999999999965e-01
0.000000000000000000e+00
0.000000000000000000e+00
0.000000000000000000e+00
5.447800000000000420e-01
0.000000000000000000e+00
7.862200000000000299e-01
0.000000000000000000e+00
0.000000000000000000e+00
1.940090000000000092e+00
0.000000000000000000e+00
5.920499999999999652e-01
0.000000000000000000e+00
4.807799999999999851e-01
0.000000000000000000e+00
0.000000000000000000e+00
5.335900000000000087e-01
0.000000000000000000e+00
0.000000000000000000e+00
0.000000000000000000e+00
0.000000000000000000e+00
4.394700000000000273e-01
0.000000000000000000e+00
7.848600000000000021e-01
0.000000000000000000e+00
0.000000000000000000e+00
0.000000000000000000e+00
1.952229999999999910e+00
0.000000000000000000e+00
0.000000000000000000e+00
0.000000000000000000e+00
0.000000000000000000e+00
5.698800000000000532e-01
0.000000000000000000e+00
0.000000000000000000e+00
5.792699999999999516e-01
0.000000000000000000e+00
0.000000000000000000e+00
1.618559999999999999e+00
0.000000000000000000e+00
0.000000000000000000e+00
0.000000000000000000e+00
0.000000000000000000e+00
1.512310000000000043e+00
0.000000000000000000e+00
0.000000000000000000e+00
0.000000000000000000e+00
1.740820000000000034e+00
0.000000000000000000e+00
0.000000000000000000e+00
0.000000000000000000e+00
0.000000000000000000e+00
8.974600000000000355e-01
0.000000000000000000e+00
0.000000000000000000e+00
0.000000000000000000e+00
0.000000000000000000e+00
9.889499999999999957e-01
0.000000000000000000e+00
1.162639999999999896e+00
0.000000000000000000e+00
0.000000000000000000e+00
0.000000000000000000e+00
1.289740000000000109e+00
0.000000000000000000e+00
0.000000000000000000e+00
0.000000000000000000e+00
5.455799999999999539e-01
0.000000000000000000e+00
0.000000000000000000e+00
0.000000000000000000e+00
0.000000000000000000e+00
8.642699999999999827e-01
0.000000000000000000e+00
6.523499999999999854e-01
0.000000000000000000e+00
0.000000000000000000e+00
1.511530000000000040e+00
0.000000000000000000e+00
0.000000000000000000e+00
0.000000000000000000e+00
7.791299999999999892e-01
0.000000000000000000e+00
0.000000000000000000e+00
0.000000000000000000e+00
0.000000000000000000e+00
0.000000000000000000e+00
7.834600000000000453e-01
0.000000000000000000e+00
0.000000000000000000e+00
0.000000000000000000e+00
0.000000000000000000e+00
1.521660000000000013e+00
0.000000000000000000e+00
0.000000000000000000e+00
1.207000000000000073e+00
0.000000000000000000e+00
0.000000000000000000e+00
0.000000000000000000e+00
9.680199999999999916e-01
0.000000000000000000e+00
1.941019999999999968e+00
0.000000000000000000e+00
5.614299999999999846e-01
0.000000000000000000e+00
0.000000000000000000e+00
0.000000000000000000e+00
4.762299999999999867e-01
0.000000000000000000e+00
0.000000000000000000e+00
1.933610000000000051e+00
0.000000000000000000e+00
0.000000000000000000e+00
0.000000000000000000e+00
5.376600000000000268e-01
0.000000000000000000e+00
0.000000000000000000e+00
0.000000000000000000e+00
1.939640000000000031e+00
0.000000000000000000e+00
8.667300000000000004e-01
0.000000000000000000e+00
1.703140000000000098e+00
0.000000000000000000e+00
5.748900000000000121e-01
0.000000000000000000e+00
0.000000000000000000e+00
7.166299999999999892e-01
0.000000000000000000e+00
0.000000000000000000e+00
5.284900000000000153e-01
0.000000000000000000e+00
0.000000000000000000e+00
0.000000000000000000e+00
0.000000000000000000e+00
6.332999999999999741e-01
0.000000000000000000e+00
0.000000000000000000e+00
0.000000000000000000e+00
7.303199999999999692e-01
0.000000000000000000e+00
0.000000000000000000e+00
6.572299999999999809e-01
0.000000000000000000e+00
1.933340000000000058e+00
0.000000000000000000e+00
0.000000000000000000e+00
0.000000000000000000e+00
0.000000000000000000e+00
8.705699999999999550e-01
0.000000000000000000e+00
0.000000000000000000e+00
1.939040000000000097e+00
0.000000000000000000e+00
0.000000000000000000e+00
0.000000000000000000e+00
7.375300000000000189e-01
0.000000000000000000e+00
0.000000000000000000e+00
5.789100000000000357e-01
0.000000000000000000e+00
0.000000000000000000e+00
4.501399999999999846e-01
0.000000000000000000e+00
0.000000000000000000e+00
0.000000000000000000e+00
9.911799999999999500e-01
0.000000000000000000e+00
0.000000000000000000e+00
6.146099999999999897e-01
0.000000000000000000e+00
0.000000000000000000e+00
0.000000000000000000e+00
5.564999999999999947e-01
0.000000000000000000e+00
0.000000000000000000e+00
0.000000000000000000e+00
0.000000000000000000e+00
0.000000000000000000e+00
0.000000000000000000e+00
0.000000000000000000e+00
0.000000000000000000e+00
0.000000000000000000e+00
0.000000000000000000e+00
0.000000000000000000e+00
0.000000000000000000e+00
0.000000000000000000e+00
0.000000000000000000e+00
0.000000000000000000e+00
0.000000000000000000e+00
0.000000000000000000e+00
0.000000000000000000e+00
0.000000000000000000e+00
0.000000000000000000e+00
0.000000000000000000e+00
1.381680000000000019e+00
0.000000000000000000e+00
0.000000000000000000e+00
0.000000000000000000e+00
1.154279999999999973e+00
0.000000000000000000e+00
4.846599999999999797e-01
0.000000000000000000e+00
0.000000000000000000e+00
6.014800000000000146e-01
0.000000000000000000e+00
0.000000000000000000e+00
0.000000000000000000e+00
5.501599999999999824e-01
0.000000000000000000e+00
0.000000000000000000e+00
5.571700000000000541e-01
0.000000000000000000e+00
0.000000000000000000e+00
6.096099999999999852e-01
0.000000000000000000e+00
0.000000000000000000e+00
5.110799999999999788e-01
0.000000000000000000e+00
0.000000000000000000e+00
0.000000000000000000e+00
5.870499999999999607e-01
0.000000000000000000e+00
0.000000000000000000e+00
6.194800000000000306e-01
0.000000000000000000e+00
1.574370000000000047e+00
0.000000000000000000e+00
0.000000000000000000e+00
0.000000000000000000e+00
1.405629999999999935e+00
0.000000000000000000e+00
0.000000000000000000e+00
6.259500000000000064e-01
0.000000000000000000e+00
0.000000000000000000e+00
0.000000000000000000e+00
6.707699999999999774e-01
0.000000000000000000e+00
5.501500000000000279e-01
0.000000000000000000e+00
0.000000000000000000e+00
0.000000000000000000e+00
5.315699999999999870e-01
0.000000000000000000e+00
0.000000000000000000e+00
0.000000000000000000e+00
0.000000000000000000e+00
5.525400000000000311e-01
0.000000000000000000e+00
0.000000000000000000e+00
5.448699999999999655e-01
0.000000000000000000e+00
0.000000000000000000e+00
0.000000000000000000e+00
1.044829999999999925e+00
0.000000000000000000e+00
0.000000000000000000e+00
0.000000000000000000e+00
1.528010000000000090e+00
0.000000000000000000e+00
9.038899999999999713e-01
0.000000000000000000e+00
7.091100000000000181e-01
0.000000000000000000e+00
1.527209999999999956e+00
0.000000000000000000e+00
0.000000000000000000e+00
0.000000000000000000e+00
5.817099999999999493e-01
0.000000000000000000e+00
0.000000000000000000e+00
0.000000000000000000e+00
6.207899999999999530e-01
0.000000000000000000e+00
0.000000000000000000e+00
0.000000000000000000e+00
1.673799999999999955e+00
0.000000000000000000e+00
4.678599999999999981e-01
0.000000000000000000e+00
0.000000000000000000e+00
0.000000000000000000e+00
6.029299999999999660e-01
0.000000000000000000e+00
0.000000000000000000e+00
0.000000000000000000e+00
0.000000000000000000e+00
0.000000000000000000e+00
0.000000000000000000e+00
1.681480000000000086e+00
0.000000000000000000e+00
8.736399999999999721e-01
0.000000000000000000e+00
1.020469999999999988e+00
0.000000000000000000e+00
1.385340000000000016e+00
0.000000000000000000e+00
0.000000000000000000e+00
0.000000000000000000e+00
0.000000000000000000e+00
7.524399999999999977e-01
0.000000000000000000e+00
0.000000000000000000e+00
5.773700000000000498e-01
0.000000000000000000e+00
1.933329999999999993e+00
0.000000000000000000e+00
5.773399999999999643e-01
0.000000000000000000e+00
0.000000000000000000e+00
0.000000000000000000e+00
6.249400000000000510e-01
0.000000000000000000e+00
0.000000000000000000e+00
6.270999999999999908e-01
0.000000000000000000e+00
0.000000000000000000e+00
6.642400000000000526e-01
0.000000000000000000e+00
0.000000000000000000e+00
1.379750000000000032e+00
0.000000000000000000e+00
1.933429999999999982e+00
0.000000000000000000e+00
0.000000000000000000e+00
9.800699999999999967e-01
0.000000000000000000e+00
0.000000000000000000e+00
0.000000000000000000e+00
5.941800000000000415e-01
0.000000000000000000e+00
1.332759999999999945e+00
0.000000000000000000e+00
0.000000000000000000e+00
9.901999999999999691e-01
0.000000000000000000e+00
0.000000000000000000e+00
1.134430000000000049e+00
0.000000000000000000e+00
0.000000000000000000e+00
4.831699999999999884e-01
0.000000000000000000e+00
5.397600000000000176e-01
0.000000000000000000e+00
0.000000000000000000e+00
0.000000000000000000e+00
0.000000000000000000e+00
8.859900000000000553e-01
0.000000000000000000e+00
0.000000000000000000e+00
0.000000000000000000e+00
0.000000000000000000e+00
0.000000000000000000e+00
8.687099999999999822e-01
0.000000000000000000e+00
0.000000000000000000e+00
0.000000000000000000e+00
8.235999999999999988e-01
0.000000000000000000e+00
0.000000000000000000e+00
0.000000000000000000e+00
0.000000000000000000e+00
0.000000000000000000e+00
6.684700000000000086e-01
0.000000000000000000e+00
0.000000000000000000e+00
7.611400000000000388e-01
0.000000000000000000e+00
4.678899999999999726e-01
0.000000000000000000e+00
0.000000000000000000e+00
0.000000000000000000e+00
0.000000000000000000e+00
1.130370000000000097e+00
0.000000000000000000e+00
0.000000000000000000e+00
7.237099999999999644e-01
0.000000000000000000e+00
1.935619999999999896e+00
0.000000000000000000e+00
9.621899999999999897e-01
0.000000000000000000e+00
0.000000000000000000e+00
1.179349999999999898e+00
0.000000000000000000e+00
0.000000000000000000e+00
1.940590000000000037e+00
0.000000000000000000e+00
0.000000000000000000e+00
0.000000000000000000e+00
6.016700000000000381e-01
0.000000000000000000e+00
1.248909999999999965e+00
0.000000000000000000e+00
0.000000000000000000e+00
6.196800000000000086e-01
0.000000000000000000e+00
0.000000000000000000e+00
0.000000000000000000e+00
8.372199999999999642e-01
0.000000000000000000e+00
0.000000000000000000e+00
0.000000000000000000e+00
0.000000000000000000e+00
5.399599999999999955e-01
0.000000000000000000e+00
8.914999999999999591e-01
0.000000000000000000e+00
0.000000000000000000e+00
0.000000000000000000e+00
6.642900000000000471e-01
0.000000000000000000e+00
0.000000000000000000e+00
7.528799999999999937e-01
0.000000000000000000e+00
0.000000000000000000e+00
0.000000000000000000e+00
1.937629999999999963e+00
0.000000000000000000e+00
0.000000000000000000e+00
0.000000000000000000e+00
6.533099999999999463e-01
0.000000000000000000e+00
6.360700000000000243e-01
0.000000000000000000e+00
0.000000000000000000e+00
1.355169999999999986e+00
0.000000000000000000e+00
0.000000000000000000e+00
0.000000000000000000e+00
4.997099999999999875e-01
0.000000000000000000e+00
0.000000000000000000e+00
0.000000000000000000e+00
0.000000000000000000e+00
5.540800000000000169e-01
0.000000000000000000e+00
6.056000000000000272e-01
0.000000000000000000e+00
5.060000000000000053e-01
0.000000000000000000e+00
5.356499999999999595e-01
0.000000000000000000e+00
0.000000000000000000e+00
8.963299999999999601e-01
0.000000000000000000e+00
0.000000000000000000e+00
0.000000000000000000e+00
6.220400000000000373e-01
0.000000000000000000e+00
0.000000000000000000e+00
6.557899999999999840e-01
0.000000000000000000e+00
0.000000000000000000e+00
0.000000000000000000e+00
0.000000000000000000e+00
0.000000000000000000e+00
0.000000000000000000e+00
0.000000000000000000e+00
0.000000000000000000e+00
0.000000000000000000e+00
0.000000000000000000e+00
0.000000000000000000e+00
0.000000000000000000e+00
0.000000000000000000e+00
0.000000000000000000e+00
0.000000000000000000e+00
0.000000000000000000e+00
0.000000000000000000e+00
0.000000000000000000e+00
0.000000000000000000e+00
0.000000000000000000e+00
0.000000000000000000e+00
7.414399999999999880e-01
0.000000000000000000e+00
0.000000000000000000e+00
0.000000000000000000e+00
0.000000000000000000e+00
1.939859999999999918e+00
0.000000000000000000e+00
5.894599999999999840e-01
0.000000000000000000e+00
0.000000000000000000e+00
0.000000000000000000e+00
0.000000000000000000e+00
1.514780000000000015e+00
0.000000000000000000e+00
5.905000000000000249e-01
0.000000000000000000e+00
0.000000000000000000e+00
0.000000000000000000e+00
6.445400000000000018e-01
0.000000000000000000e+00
0.000000000000000000e+00
0.000000000000000000e+00
8.745699999999999585e-01
0.000000000000000000e+00
0.000000000000000000e+00
0.000000000000000000e+00
0.000000000000000000e+00
0.000000000000000000e+00
6.066500000000000226e-01
0.000000000000000000e+00
0.000000000000000000e+00
6.691500000000000226e-01
0.000000000000000000e+00
0.000000000000000000e+00
0.000000000000000000e+00
0.000000000000000000e+00
5.032400000000000206e-01
0.000000000000000000e+00
0.000000000000000000e+00
0.000000000000000000e+00
1.939329999999999998e+00
0.000000000000000000e+00
0.000000000000000000e+00
4.396499999999999853e-01
0.000000000000000000e+00
1.017600000000000060e+00
0.000000000000000000e+00
0.000000000000000000e+00
0.000000000000000000e+00
0.000000000000000000e+00
1.933670000000000000e+00
0.000000000000000000e+00
0.000000000000000000e+00
0.000000000000000000e+00
0.000000000000000000e+00
0.000000000000000000e+00
0.000000000000000000e+00
4.299799999999999733e-01
0.000000000000000000e+00
0.000000000000000000e+00
0.000000000000000000e+00
7.221699999999999786e-01
0.000000000000000000e+00
0.000000000000000000e+00
5.464599999999999458e-01
0.000000000000000000e+00
0.000000000000000000e+00
5.647999999999999687e-01
0.000000000000000000e+00
0.000000000000000000e+00
0.000000000000000000e+00
0.000000000000000000e+00
0.000000000000000000e+00
4.904499999999999971e-01
0.000000000000000000e+00
0.000000000000000000e+00
4.877500000000000169e-01
0.000000000000000000e+00
0.000000000000000000e+00
6.849300000000000388e-01
0.000000000000000000e+00
0.000000000000000000e+00
0.000000000000000000e+00
6.245800000000000241e-01
0.000000000000000000e+00
8.391899999999999915e-01
0.000000000000000000e+00
7.913700000000000179e-01
0.000000000000000000e+00
6.161999999999999700e-01
0.000000000000000000e+00
0.000000000000000000e+00
0.000000000000000000e+00
0.000000000000000000e+00
1.184590000000000032e+00
0.000000000000000000e+00
1.517239999999999922e+00
0.000000000000000000e+00
0.000000000000000000e+00
0.000000000000000000e+00
9.764300000000000201e-01
0.000000000000000000e+00
0.000000000000000000e+00
6.485499999999999599e-01
0.000000000000000000e+00
0.000000000000000000e+00
7.615100000000000202e-01
0.000000000000000000e+00
0.000000000000000000e+00
0.000000000000000000e+00
1.815080000000000027e+00
0.000000000000000000e+00
0.000000000000000000e+00
0.000000000000000000e+00
0.000000000000000000e+00
0.000000000000000000e+00
6.739199999999999635e-01
0.000000000000000000e+00
0.000000000000000000e+00
0.000000000000000000e+00
6.385999999999999455e-01
0.000000000000000000e+00
1.932320000000000038e+00
0.000000000000000000e+00
0.000000000000000000e+00
5.835299999999999931e-01
0.000000000000000000e+00
0.000000000000000000e+00
0.000000000000000000e+00
0.000000000000000000e+00
0.000000000000000000e+00
8.349199999999999955e-01
0.000000000000000000e+00
0.000000000000000000e+00
7.739500000000000268e-01
0.000000000000000000e+00
0.000000000000000000e+00
0.000000000000000000e+00
5.735299999999999843e-01
0.000000000000000000e+00
0.000000000000000000e+00
0.000000000000000000e+00
0.000000000000000000e+00
6.759199999999999653e-01
0.000000000000000000e+00
1.950590000000000046e+00
0.000000000000000000e+00
0.000000000000000000e+00
5.043699999999999850e-01
0.000000000000000000e+00
0.000000000000000000e+00
0.000000000000000000e+00
0.000000000000000000e+00
4.099200000000000066e-01
0.000000000000000000e+00
0.000000000000000000e+00
0.000000000000000000e+00
0.000000000000000000e+00
0.000000000000000000e+00
0.000000000000000000e+00
0.000000000000000000e+00
5.730899999999999883e-01
0.000000000000000000e+00
7.757100000000000106e-01
0.000000000000000000e+00
5.459199999999999608e-01
0.000000000000000000e+00
6.514699999999999935e-01
0.000000000000000000e+00
1.892190000000000039e+00
0.000000000000000000e+00
0.000000000000000000e+00
6.533600000000000518e-01
0.000000000000000000e+00
0.000000000000000000e+00
0.000000000000000000e+00
0.000000000000000000e+00
0.000000000000000000e+00
6.270000000000000018e-01
0.000000000000000000e+00
1.937329999999999997e+00
0.000000000000000000e+00
5.724200000000000399e-01
0.000000000000000000e+00
0.000000000000000000e+00
0.000000000000000000e+00
7.795900000000000052e-01
0.000000000000000000e+00
6.639899999999999691e-01
0.000000000000000000e+00
0.000000000000000000e+00
0.000000000000000000e+00
7.136400000000000521e-01
0.000000000000000000e+00
1.947089999999999987e+00
0.000000000000000000e+00
0.000000000000000000e+00
0.000000000000000000e+00
0.000000000000000000e+00
5.696999999999999842e-01
0.000000000000000000e+00
0.000000000000000000e+00
0.000000000000000000e+00
0.000000000000000000e+00
0.000000000000000000e+00
0.000000000000000000e+00
1.942930000000000046e+00
0.000000000000000000e+00
0.000000000000000000e+00
0.000000000000000000e+00
7.350400000000000267e-01
0.000000000000000000e+00
0.000000000000000000e+00
5.685099999999999598e-01
0.000000000000000000e+00
0.000000000000000000e+00
0.000000000000000000e+00
5.374999999999999778e-01
0.000000000000000000e+00
0.000000000000000000e+00
4.683399999999999785e-01
0.000000000000000000e+00
0.000000000000000000e+00
0.000000000000000000e+00
0.000000000000000000e+00
0.000000000000000000e+00
5.437400000000000011e-01
0.000000000000000000e+00
6.845099999999999518e-01
0.000000000000000000e+00
0.000000000000000000e+00
5.711500000000000465e-01
0.000000000000000000e+00
0.000000000000000000e+00
0.000000000000000000e+00
0.000000000000000000e+00
1.044680000000000053e+00
0.000000000000000000e+00
0.000000000000000000e+00
0.000000000000000000e+00
0.000000000000000000e+00
1.941969999999999974e+00
0.000000000000000000e+00
0.000000000000000000e+00
6.437000000000000499e-01
0.000000000000000000e+00
5.250000000000000222e-01
0.000000000000000000e+00
7.464399999999999924e-01
0.000000000000000000e+00
1.227870000000000017e+00
0.000000000000000000e+00
8.269800000000000484e-01
0.000000000000000000e+00
0.000000000000000000e+00
1.075819999999999999e+00
0.000000000000000000e+00
0.000000000000000000e+00
1.531449999999999978e+00
0.000000000000000000e+00
0.000000000000000000e+00
4.899299999999999766e-01
0.000000000000000000e+00
0.000000000000000000e+00
5.596499999999999808e-01
0.000000000000000000e+00
0.000000000000000000e+00
0.000000000000000000e+00
1.935349999999999904e+00
0.000000000000000000e+00
6.643799999999999706e-01
0.000000000000000000e+00
0.000000000000000000e+00
1.000040000000000040e+00
0.000000000000000000e+00
0.000000000000000000e+00
6.935400000000000453e-01
0.000000000000000000e+00
0.000000000000000000e+00
0.000000000000000000e+00
0.000000000000000000e+00
4.848700000000000232e-01
0.000000000000000000e+00
0.000000000000000000e+00
0.000000000000000000e+00
0.000000000000000000e+00
0.000000000000000000e+00
0.000000000000000000e+00
0.000000000000000000e+00
0.000000000000000000e+00
0.000000000000000000e+00
0.000000000000000000e+00
0.000000000000000000e+00
0.000000000000000000e+00
0.000000000000000000e+00
0.000000000000000000e+00
0.000000000000000000e+00
0.000000000000000000e+00
0.000000000000000000e+00
0.000000000000000000e+00
0.000000000000000000e+00
0.000000000000000000e+00
0.000000000000000000e+00
0.000000000000000000e+00
0.000000000000000000e+00
5.660600000000000076e-01
0.000000000000000000e+00
0.000000000000000000e+00
1.039500000000000091e+00
0.000000000000000000e+00
0.000000000000000000e+00
7.446599999999999886e-01
0.000000000000000000e+00
0.000000000000000000e+00
0.000000000000000000e+00
9.592100000000000071e-01
0.000000000000000000e+00
0.000000000000000000e+00
0.000000000000000000e+00
0.000000000000000000e+00
5.061200000000000143e-01
0.000000000000000000e+00
0.000000000000000000e+00
5.575099999999999500e-01
0.000000000000000000e+00
0.000000000000000000e+00
0.000000000000000000e+00
5.151599999999999513e-01
0.000000000000000000e+00
0.000000000000000000e+00
0.000000000000000000e+00
5.291200000000000347e-01
0.000000000000000000e+00
0.000000000000000000e+00
5.879999999999999671e-01
0.000000000000000000e+00
1.942460000000000075e+00
0.000000000000000000e+00
4.865900000000000225e-01
0.000000000000000000e+00
0.000000000000000000e+00
0.000000000000000000e+00
9.946199999999999486e-01
0.000000000000000000e+00
1.949699999999999989e+00
0.000000000000000000e+00
0.000000000000000000e+00
0.000000000000000000e+00
0.000000000000000000e+00
4.498699999999999921e-01
0.000000000000000000e+00
0.000000000000000000e+00
0.000000000000000000e+00
0.000000000000000000e+00
5.952899999999999858e-01
0.000000000000000000e+00
0.000000000000000000e+00
5.587699999999999889e-01
0.000000000000000000e+00
5.452700000000000324e-01
0.000000000000000000e+00
1.353909999999999947e+00
0.000000000000000000e+00
0.000000000000000000e+00
0.000000000000000000e+00
0.000000000000000000e+00
5.300399999999999556e-01
0.000000000000000000e+00
0.000000000000000000e+00
5.003400000000000070e-01
0.000000000000000000e+00
0.000000000000000000e+00
7.286099999999999799e-01
0.000000000000000000e+00
0.000000000000000000e+00
5.636299999999999644e-01
0.000000000000000000e+00
0.000000000000000000e+00
5.833199999999999497e-01
0.000000000000000000e+00
0.000000000000000000e+00
5.154999999999999583e-01
0.000000000000000000e+00
0.000000000000000000e+00
0.000000000000000000e+00
0.000000000000000000e+00
0.000000000000000000e+00
0.000000000000000000e+00
7.263500000000000512e-01
0.000000000000000000e+00
0.000000000000000000e+00
0.000000000000000000e+00
0.000000000000000000e+00
6.510599999999999721e-01
0.000000000000000000e+00
0.000000000000000000e+00
0.000000000000000000e+00
5.464900000000000313e-01
0.000000000000000000e+00
0.000000000000000000e+00
7.277799999999999825e-01
0.000000000000000000e+00
1.939470000000000027e+00
0.000000000000000000e+00
0.000000000000000000e+00
5.181299999999999795e-01
0.000000000000000000e+00
0.000000000000000000e+00
7.078699999999999992e-01
0.000000000000000000e+00
0.000000000000000000e+00
0.000000000000000000e+00
0.000000000000000000e+00
0.000000000000000000e+00
4.824800000000000200e-01
0.000000000000000000e+00
5.987999999999999989e-01
0.000000000000000000e+00
7.522999999999999687e-01
0.000000000000000000e+00
8.677599999999999758e-01
0.000000000000000000e+00
0.000000000000000000e+00
7.068600000000000438e-01
0.000000000000000000e+00
0.000000000000000000e+00
7.012899999999999689e-01
0.000000000000000000e+00
0.000000000000000000e+00
4.555799999999999850e-01
0.000000000000000000e+00
0.000000000000000000e+00
0.000000000000000000e+00
0.000000000000000000e+00
5.160599999999999632e-01
0.000000000000000000e+00
0.000000000000000000e+00
0.000000000000000000e+00
1.290159999999999973e+00
0.000000000000000000e+00
6.292299999999999560e-01
0.000000000000000000e+00
0.000000000000000000e+00
0.000000000000000000e+00
6.036200000000000454e-01
0.000000000000000000e+00
1.125439999999999996e+00
0.000000000000000000e+00
0.000000000000000000e+00
0.000000000000000000e+00
5.629899999999999904e-01
0.000000000000000000e+00
5.017099999999999893e-01
0.000000000000000000e+00
0.000000000000000000e+00
0.000000000000000000e+00
0.000000000000000000e+00
0.000000000000000000e+00
4.554699999999999860e-01
0.000000000000000000e+00
9.524599999999999733e-01
0.000000000000000000e+00
0.000000000000000000e+00
0.000000000000000000e+00
8.794399999999999995e-01
0.000000000000000000e+00
1.734799999999999898e+00
0.000000000000000000e+00
0.000000000000000000e+00
0.000000000000000000e+00
0.000000000000000000e+00
0.000000000000000000e+00
0.000000000000000000e+00
4.816900000000000071e-01
0.000000000000000000e+00
0.000000000000000000e+00
0.000000000000000000e+00
5.127099999999999991e-01
0.000000000000000000e+00
0.000000000000000000e+00
0.000000000000000000e+00
1.287959999999999994e+00
0.000000000000000000e+00
0.000000000000000000e+00
9.304599999999999538e-01
0.000000000000000000e+00
0.000000000000000000e+00
7.170600000000000307e-01
0.000000000000000000e+00
5.350000000000000311e-01
0.000000000000000000e+00
0.000000000000000000e+00
6.402200000000000113e-01
0.000000000000000000e+00
0.000000000000000000e+00
0.000000000000000000e+00
0.000000000000000000e+00
4.955899999999999750e-01
0.000000000000000000e+00
5.077199999999999491e-01
0.000000000000000000e+00
0.000000000000000000e+00
0.000000000000000000e+00
0.000000000000000000e+00
4.560600000000000209e-01
0.000000000000000000e+00
0.000000000000000000e+00
0.000000000000000000e+00
1.586230000000000029e+00
0.000000000000000000e+00
4.885599999999999943e-01
0.000000000000000000e+00
0.000000000000000000e+00
0.000000000000000000e+00
0.000000000000000000e+00
5.507699999999999818e-01
0.000000000000000000e+00
0.000000000000000000e+00
0.000000000000000000e+00
0.000000000000000000e+00
0.000000000000000000e+00
4.924100000000000144e-01
0.000000000000000000e+00
0.000000000000000000e+00
0.000000000000000000e+00
0.000000000000000000e+00
5.639999999999999458e-01
0.000000000000000000e+00
0.000000000000000000e+00
8.183300000000000018e-01
0.000000000000000000e+00
7.304300000000000237e-01
0.000000000000000000e+00
0.000000000000000000e+00
5.827400000000000357e-01
0.000000000000000000e+00
0.000000000000000000e+00
9.019800000000000040e-01
0.000000000000000000e+00
0.000000000000000000e+00
0.000000000000000000e+00
0.000000000000000000e+00
6.968600000000000350e-01
0.000000000000000000e+00
7.288900000000000379e-01
0.000000000000000000e+00
0.000000000000000000e+00
6.636999999999999567e-01
0.000000000000000000e+00
0.000000000000000000e+00
1.320619999999999905e+00
0.000000000000000000e+00
0.000000000000000000e+00
0.000000000000000000e+00
8.636899999999999578e-01
0.000000000000000000e+00
1.189729999999999954e+00
0.000000000000000000e+00
0.000000000000000000e+00
1.288010000000000099e+00
0.000000000000000000e+00
1.949680000000000080e+00
0.000000000000000000e+00
7.610299999999999843e-01
0.000000000000000000e+00
5.693300000000000027e-01
0.000000000000000000e+00
0.000000000000000000e+00
0.000000000000000000e+00
0.000000000000000000e+00
5.408800000000000274e-01
0.000000000000000000e+00
0.000000000000000000e+00
1.931359999999999966e+00
0.000000000000000000e+00
0.000000000000000000e+00
0.000000000000000000e+00
0.000000000000000000e+00
0.000000000000000000e+00
0.000000000000000000e+00
0.000000000000000000e+00
0.000000000000000000e+00
0.000000000000000000e+00
0.000000000000000000e+00
0.000000000000000000e+00
0.000000000000000000e+00
0.000000000000000000e+00
