0.000000000000000000e+00
0.000000000000000000e+00
0.000000000000000000e+00
0.000000000000000000e+00
0.000000000000000000e+00
0.000000000000000000e+00
0.000000000000000000e+00
0.000000000000000000e+00
0.000000000000000000e+00
0.000000000000000000e+00
6.256399999999999739e-01
0.000000000000000000e+00
0.000000000000000000e+00
1.194290000000000074e+00
0.000000000000000000e+00
0.000000000000000000e+00
0.000000000000000000e+00
0.000000000000000000e+00
5.254199999999999982e-01
0.000000000000000000e+00
5.936099999999999710e-01
0.000000000000000000e+00
0.000000000000000000e+00
8.118100000000000316e-01
0.000000000000000000e+00
7.018299999999999539e-01
0.000000000000000000e+00
0.000000000000000000e+00
4.928500000000000103e-01
0.000000000000000000e+00
6.147500000000000187e-01
0.000000000000000000e+00
0.000000000000000000e+00
0.000000000000000000e+00
7.366700000000000470e-01
0.000000000000000000e+00
0.000000000000000000e+00
0.000000000000000000e+00
0.000000000000000000e+00
0.000000000000000000e+00
0.000000000000000000e+00
4.960600000000000009e-01
0.000000000000000000e+00
0.000000000000000000e+00
0.000000000000000000e+00
6.466199999999999726e-01
0.000000000000000000e+00
4.964899999999999869e-01
0.000000000000000000e+00
0.000000000000000000e+00
0.000000000000000000e+00
0.000000000000000000e+00
8.183599999999999763e-01
0.000000000000000000e+00
0.000000000000000000e+00
5.447100000000000275e-01
0.000000000000000000e+00
0.000000000000000000e+00
5.139500000000000179e-01
0.000000000000000000e+00
7.080800000000000427e-01
0.000000000000000000e+00
0.000000000000000000e+00
0.000000000000000000e+00
9.288300000000000445e-01
0.000000000000000000e+00
0.000000000000000000e+00
7.156799999999999828e-01
0.000000000000000000e+00
0.000000000000000000e+00
0.000000000000000000e+00
0.000000000000000000e+00
6.577300000000000368e-01
0.000000000000000000e+00
0.000000000000000000e+00
4.639599999999999835e-01
0.000000000000000000e+00
6.109700000000000131e-01
0.000000000000000000e+00
0.000000000000000000e+00
0.000000000000000000e+00
0.000000000000000000e+00
7.653799999999999493e-01
0.000000000000000000e+00
5.326899999999999968e-01
0.000000000000000000e+00
0.000000000000000000e+00
0.000000000000000000e+00
0.000000000000000000e+00
0.000000000000000000e+00
8.648599999999999621e-01
0.000000000000000000e+00
0.000000000000000000e+00
5.096100000000000074e-01
0.000000000000000000e+00
0.000000000000000000e+00
5.371899999999999453e-01
0.000000000000000000e+00
6.856200000000000072e-01
0.000000000000000000e+00
0.000000000000000000e+00
0.000000000000000000e+00
0.000000000000000000e+00
6.788999999999999480e-01
0.000000000000000000e+00
0.000000000000000000e+00
0.000000000000000000e+00
4.824899999999999745e-01
0.000000000000000000e+00
0.000000000000000000e+00
0.000000000000000000e+00
0.000000000000000000e+00
7.197999999999999954e-01
0.000000000000000000e+00
0.000000000000000000e+00
4.408699999999999841e-01
0.000000000000000000e+00
0.000000000000000000e+00
4.676500000000000101e-01
0.000000000000000000e+00
6.002999999999999448e-01
0.000000000000000000e+00
6.742599999999999705e-01
0.000000000000000000e+00
0.000000000000000000e+00
6.226199999999999513e-01
0.000000000000000000e+00
0.000000000000000000e+00
0.000000000000000000e+00
5.247100000000000097e-01
0.000000000000000000e+00
0.000000000000000000e+00
0.000000000000000000e+00
0.000000000000000000e+00
0.000000000000000000e+00
0.000000000000000000e+00
5.553599999999999648e-01
0.000000000000000000e+00
0.000000000000000000e+00
0.000000000000000000e+00
5.365999999999999659e-01
0.000000000000000000e+00
4.950399999999999801e-01
0.000000000000000000e+00
5.901699999999999724e-01
0.000000000000000000e+00
0.000000000000000000e+00
0.000000000000000000e+00
0.000000000000000000e+00
6.314999999999999503e-01
0.000000000000000000e+00
0.000000000000000000e+00
0.000000000000000000e+00
5.142099999999999449e-01
0.000000000000000000e+00
0.000000000000000000e+00
0.000000000000000000e+00
5.515499999999999847e-01
0.000000000000000000e+00
9.719100000000000517e-01
0.000000000000000000e+00
0.000000000000000000e+00
0.000000000000000000e+00
6.614600000000000479e-01
0.000000000000000000e+00
0.000000000000000000e+00
0.000000000000000000e+00
1.146819999999999951e+00
0.000000000000000000e+00
6.092699999999999783e-01
0.000000000000000000e+00
5.238099999999999978e-01
0.000000000000000000e+00
0.000000000000000000e+00
0.000000000000000000e+00
0.000000000000000000e+00
6.388700000000000490e-01
0.000000000000000000e+00
0.000000000000000000e+00
0.000000000000000000e+00
4.532700000000000062e-01
0.000000000000000000e+00
0.000000000000000000e+00
1.047339999999999938e+00
0.000000000000000000e+00
0.000000000000000000e+00
0.000000000000000000e+00
7.330200000000000049e-01
0.000000000000000000e+00
8.236499999999999932e-01
0.000000000000000000e+00
0.000000000000000000e+00
0.000000000000000000e+00
0.000000000000000000e+00
6.094199999999999617e-01
0.000000000000000000e+00
0.000000000000000000e+00
0.000000000000000000e+00
0.000000000000000000e+00
7.244199999999999529e-01
0.000000000000000000e+00
0.000000000000000000e+00
0.000000000000000000e+00
5.499100000000000099e-01
0.000000000000000000e+00
0.000000000000000000e+00
0.000000000000000000e+00
7.629599999999999715e-01
0.000000000000000000e+00
1.188879999999999937e+00
0.000000000000000000e+00
0.000000000000000000e+00
6.482700000000000129e-01
0.000000000000000000e+00
4.185099999999999931e-01
0.000000000000000000e+00
0.000000000000000000e+00
0.000000000000000000e+00
0.000000000000000000e+00
6.331599999999999451e-01
0.000000000000000000e+00
8.825499999999999456e-01
0.000000000000000000e+00
0.000000000000000000e+00
0.000000000000000000e+00
0.000000000000000000e+00
4.888299999999999867e-01
0.000000000000000000e+00
8.570400000000000240e-01
0.000000000000000000e+00
0.000000000000000000e+00
0.000000000000000000e+00
0.000000000000000000e+00
0.000000000000000000e+00
6.601799999999999891e-01
0.000000000000000000e+00
0.000000000000000000e+00
0.000000000000000000e+00
5.768799999999999484e-01
0.000000000000000000e+00
0.000000000000000000e+00
0.000000000000000000e+00
5.729800000000000448e-01
0.000000000000000000e+00
0.000000000000000000e+00
1.091040000000000010e+00
0.000000000000000000e+00
0.000000000000000000e+00
0.000000000000000000e+00
9.965699999999999559e-01
0.000000000000000000e+00
0.000000000000000000e+00
0.000000000000000000e+00
5.514400000000000412e-01
0.000000000000000000e+00
0.000000000000000000e+00
4.524799999999999933e-01
0.000000000000000000e+00
0.000000000000000000e+00
7.979199999999999626e-01
0.000000000000000000e+00
5.561899999999999622e-01
0.000000000000000000e+00
0.000000000000000000e+00
0.000000000000000000e+00
5.030700000000000172e-01
0.000000000000000000e+00
0.000000000000000000e+00
6.898800000000000487e-01
0.000000000000000000e+00
0.000000000000000000e+00
0.000000000000000000e+00
8.964100000000000401e-01
0.000000000000000000e+00
0.000000000000000000e+00
5.135800000000000365e-01
0.000000000000000000e+00
0.000000000000000000e+00
0.000000000000000000e+00
8.607200000000000406e-01
0.000000000000000000e+00
6.230700000000000127e-01
0.000000000000000000e+00
0.000000000000000000e+00
8.881799999999999695e-01
0.000000000000000000e+00
0.000000000000000000e+00
0.000000000000000000e+00
0.000000000000000000e+00
0.000000000000000000e+00
0.000000000000000000e+00
0.000000000000000000e+00
0.000000000000000000e+00
0.000000000000000000e+00
0.000000000000000000e+00
0.000000000000000000e+00
0.000000000000000000e+00
0.000000000000000000e+00
0.000000000000000000e+00
0.000000000000000000e+00
0.000000000000000000e+00
0.000000000000000000e+00
0.000000000000000000e+00
0.000000000000000000e+00
0.000000000000000000e+00
0.000000000000000000e+00
0.000000000000000000e+00
4.394500000000000073e-01
0.000000000000000000e+00
0.000000000000000000e+00
5.440800000000000081e-01
0.000000000000000000e+00
0.000000000000000000e+00
6.119900000000000340e-01
0.000000000000000000e+00
0.000000000000000000e+00
6.435400000000000009e-01
0.000000000000000000e+00
5.393599999999999506e-01
0.000000000000000000e+00
0.000000000000000000e+00
0.000000000000000000e+00
5.681100000000000039e-01
0.000000000000000000e+00
0.000000000000000000e+00
4.821199999999999930e-01
0.000000000000000000e+00
0.000000000000000000e+00
7.472100000000000408e-01
0.000000000000000000e+00
0.000000000000000000e+00
6.664700000000000069e-01
0.000000000000000000e+00
0.000000000000000000e+00
5.564400000000000457e-01
0.000000000000000000e+00
0.000000000000000000e+00
0.000000000000000000e+00
0.000000000000000000e+00
0.000000000000000000e+00
6.494999999999999662e-01
0.000000000000000000e+00
0.000000000000000000e+00
0.000000000000000000e+00
4.171000000000000263e-01
0.000000000000000000e+00
0.000000000000000000e+00
0.000000000000000000e+00
6.338899999999999535e-01
0.000000000000000000e+00
0.000000000000000000e+00
0.000000000000000000e+00
0.000000000000000000e+00
5.429500000000000437e-01
0.000000000000000000e+00
0.000000000000000000e+00
6.996299999999999741e-01
0.000000000000000000e+00
0.000000000000000000e+00
0.000000000000000000e+00
5.375199999999999978e-01
0.000000000000000000e+00
0.000000000000000000e+00
0.000000000000000000e+00
4.791599999999999748e-01
0.000000000000000000e+00
5.181400000000000450e-01
0.000000000000000000e+00
0.000000000000000000e+00
8.843400000000000150e-01
0.000000000000000000e+00
7.157099999999999573e-01
0.000000000000000000e+00
0.000000000000000000e+00
0.000000000000000000e+00
6.121400000000000174e-01
0.000000000000000000e+00
0.000000000000000000e+00
0.000000000000000000e+00
0.000000000000000000e+00
4.801400000000000112e-01
0.000000000000000000e+00
0.000000000000000000e+00
0.000000000000000000e+00
4.258899999999999908e-01
0.000000000000000000e+00
0.000000000000000000e+00
7.187099999999999600e-01
0.000000000000000000e+00
0.000000000000000000e+00
0.000000000000000000e+00
0.000000000000000000e+00
0.000000000000000000e+00
6.887400000000000189e-01
0.000000000000000000e+00
0.000000000000000000e+00
5.292499999999999982e-01
0.000000000000000000e+00
5.297800000000000287e-01
0.000000000000000000e+00
5.709400000000000031e-01
0.000000000000000000e+00
4.823500000000000010e-01
0.000000000000000000e+00
0.000000000000000000e+00
0.000000000000000000e+00
9.420600000000000085e-01
0.000000000000000000e+00
0.000000000000000000e+00
0.000000000000000000e+00
0.000000000000000000e+00
5.272499999999999964e-01
0.000000000000000000e+00
0.000000000000000000e+00
0.000000000000000000e+00
0.000000000000000000e+00
0.000000000000000000e+00
0.000000000000000000e+00
5.074999999999999512e-01
0.000000000000000000e+00
0.000000000000000000e+00
0.000000000000000000e+00
9.091000000000000192e-01
0.000000000000000000e+00
0.000000000000000000e+00
4.583999999999999742e-01
0.000000000000000000e+00
0.000000000000000000e+00
9.059800000000000075e-01
0.000000000000000000e+00
0.000000000000000000e+00
0.000000000000000000e+00
4.926300000000000123e-01
0.000000000000000000e+00
0.000000000000000000e+00
5.598499999999999588e-01
0.000000000000000000e+00
1.045020000000000060e+00
0.000000000000000000e+00
1.303949999999999942e+00
0.000000000000000000e+00
0.000000000000000000e+00
0.000000000000000000e+00
0.000000000000000000e+00
1.042820000000000080e+00
0.000000000000000000e+00
0.000000000000000000e+00
5.764399999999999524e-01
0.000000000000000000e+00
0.000000000000000000e+00
0.000000000000000000e+00
0.000000000000000000e+00
4.894299999999999762e-01
0.000000000000000000e+00
0.000000000000000000e+00
5.183699999999999974e-01
0.000000000000000000e+00
6.056700000000000417e-01
0.000000000000000000e+00
0.000000000000000000e+00
5.435999999999999721e-01
0.000000000000000000e+00
0.000000000000000000e+00
0.000000000000000000e+00
5.583799999999999875e-01
0.000000000000000000e+00
0.000000000000000000e+00
1.176209999999999978e+00
0.000000000000000000e+00
0.000000000000000000e+00
0.000000000000000000e+00
0.000000000000000000e+00
0.000000000000000000e+00
0.000000000000000000e+00
4.768800000000000261e-01
0.000000000000000000e+00
0.000000000000000000e+00
0.000000000000000000e+00
6.460000000000000187e-01
0.000000000000000000e+00
7.553199999999999914e-01
0.000000000000000000e+00
4.978000000000000203e-01
0.000000000000000000e+00
0.000000000000000000e+00
6.846700000000000008e-01
0.000000000000000000e+00
4.511000000000000010e-01
0.000000000000000000e+00
0.000000000000000000e+00
0.000000000000000000e+00
0.000000000000000000e+00
0.000000000000000000e+00
8.578000000000000069e-01
0.000000000000000000e+00
7.461699999999999999e-01
0.000000000000000000e+00
0.000000000000000000e+00
0.000000000000000000e+00
1.559209999999999985e+00
0.000000000000000000e+00
0.000000000000000000e+00
6.037500000000000089e-01
0.000000000000000000e+00
0.000000000000000000e+00
0.000000000000000000e+00
9.540899999999999936e-01
0.000000000000000000e+00
0.000000000000000000e+00
5.121400000000000396e-01
0.000000000000000000e+00
0.000000000000000000e+00
8.960700000000000331e-01
0.000000000000000000e+00
0.000000000000000000e+00
0.000000000000000000e+00
5.478300000000000392e-01
0.000000000000000000e+00
0.000000000000000000e+00
0.000000000000000000e+00
0.000000000000000000e+00
0.000000000000000000e+00
7.798000000000000487e-01
0.000000000000000000e+00
0.000000000000000000e+00
0.000000000000000000e+00
0.000000000000000000e+00
5.226300000000000390e-01
0.000000000000000000e+00
0.000000000000000000e+00
4.265200000000000102e-01
0.000000000000000000e+00
0.000000000000000000e+00
0.000000000000000000e+00
5.985899999999999554e-01
0.000000000000000000e+00
7.759800000000000031e-01
0.000000000000000000e+00
0.000000000000000000e+00
5.484400000000000386e-01
0.000000000000000000e+00
0.000000000000000000e+00
8.357499999999999929e-01
0.000000000000000000e+00
0.000000000000000000e+00
0.000000000000000000e+00
0.000000000000000000e+00
0.000000000000000000e+00
0.000000000000000000e+00
6.377899999999999681e-01
0.000000000000000000e+00
0.000000000000000000e+00
0.000000000000000000e+00
6.160200000000000120e-01
0.000000000000000000e+00
0.000000000000000000e+00
0.000000000000000000e+00
0.000000000000000000e+00
7.276899999999999480e-01
0.000000000000000000e+00
0.000000000000000000e+00
0.000000000000000000e+00
0.000000000000000000e+00
4.796799999999999953e-01
0.000000000000000000e+00
7.309499999999999886e-01
0.000000000000000000e+00
0.000000000000000000e+00
0.000000000000000000e+00
0.000000000000000000e+00
6.821300000000000141e-01
0.000000000000000000e+00
5.705500000000000016e-01
0.000000000000000000e+00
0.000000000000000000e+00
0.000000000000000000e+00
4.250700000000000034e-01
0.000000000000000000e+00
0.000000000000000000e+00
4.609900000000000109e-01
0.000000000000000000e+00
0.000000000000000000e+00
0.000000000000000000e+00
0.000000000000000000e+00
5.693099999999999827e-01
0.000000000000000000e+00
0.000000000000000000e+00
5.561099999999999932e-01
0.000000000000000000e+00
0.000000000000000000e+00
6.451900000000000412e-01
0.000000000000000000e+00
0.000000000000000000e+00
0.000000000000000000e+00
0.000000000000000000e+00
0.000000000000000000e+00
0.000000000000000000e+00
0.000000000000000000e+00
0.000000000000000000e+00
0.000000000000000000e+00
0.000000000000000000e+00
0.000000000000000000e+00
0.000000000000000000e+00
0.000000000000000000e+00
0.000000000000000000e+00
0.000000000000000000e+00
0.000000000000000000e+00
0.000000000000000000e+00
0.000000000000000000e+00
0.000000000000000000e+00
0.000000000000000000e+00
0.000000000000000000e+00
0.000000000000000000e+00
4.689800000000000080e-01
0.000000000000000000e+00
0.000000000000000000e+00
0.000000000000000000e+00
5.069700000000000317e-01
0.000000000000000000e+00
0.000000000000000000e+00
5.604400000000000492e-01
0.000000000000000000e+00
0.000000000000000000e+00
3.993399999999999728e-01
0.000000000000000000e+00
0.000000000000000000e+00
0.000000000000000000e+00
8.670299999999999674e-01
0.000000000000000000e+00
0.000000000000000000e+00
9.556299999999999795e-01
0.000000000000000000e+00
0.000000000000000000e+00
0.000000000000000000e+00
5.905500000000000194e-01
0.000000000000000000e+00
0.000000000000000000e+00
4.702200000000000268e-01
0.000000000000000000e+00
0.000000000000000000e+00
0.000000000000000000e+00
0.000000000000000000e+00
0.000000000000000000e+00
0.000000000000000000e+00
6.976900000000000324e-01
0.000000000000000000e+00
5.770899999999999919e-01
0.000000000000000000e+00
0.000000000000000000e+00
0.000000000000000000e+00
5.604999999999999982e-01
0.000000000000000000e+00
0.000000000000000000e+00
0.000000000000000000e+00
0.000000000000000000e+00
0.000000000000000000e+00
5.373900000000000343e-01
0.000000000000000000e+00
0.000000000000000000e+00
4.987199999999999966e-01
0.000000000000000000e+00
0.000000000000000000e+00
0.000000000000000000e+00
0.000000000000000000e+00
6.026200000000000445e-01
0.000000000000000000e+00
0.000000000000000000e+00
4.772500000000000075e-01
0.000000000000000000e+00
0.000000000000000000e+00
7.435500000000000442e-01
0.000000000000000000e+00
0.000000000000000000e+00
1.049530000000000074e+00
0.000000000000000000e+00
0.000000000000000000e+00
1.191200000000000037e+00
0.000000000000000000e+00
0.000000000000000000e+00
0.000000000000000000e+00
0.000000000000000000e+00
0.000000000000000000e+00
8.201100000000000056e-01
0.000000000000000000e+00
0.000000000000000000e+00
6.148099999999999676e-01
0.000000000000000000e+00
0.000000000000000000e+00
0.000000000000000000e+00
0.000000000000000000e+00
5.402099999999999680e-01
0.000000000000000000e+00
0.000000000000000000e+00
5.210599999999999676e-01
0.000000000000000000e+00
0.000000000000000000e+00
6.229700000000000237e-01
0.000000000000000000e+00
0.000000000000000000e+00
0.000000000000000000e+00
0.000000000000000000e+00
6.270299999999999763e-01
0.000000000000000000e+00
0.000000000000000000e+00
1.174020000000000064e+00
0.000000000000000000e+00
0.000000000000000000e+00
5.332700000000000218e-01
0.000000000000000000e+00
0.000000000000000000e+00
6.530000000000000249e-01
0.000000000000000000e+00
5.492799999999999905e-01
0.000000000000000000e+00
0.000000000000000000e+00
0.000000000000000000e+00
4.491299999999999737e-01
0.000000000000000000e+00
0.000000000000000000e+00
4.871099999999999874e-01
0.000000000000000000e+00
0.000000000000000000e+00
0.000000000000000000e+00
9.651600000000000179e-01
0.000000000000000000e+00
0.000000000000000000e+00
0.000000000000000000e+00
5.377899999999999903e-01
0.000000000000000000e+00
0.000000000000000000e+00
0.000000000000000000e+00
5.854300000000000059e-01
0.000000000000000000e+00
0.000000000000000000e+00
0.000000000000000000e+00
0.000000000000000000e+00
5.436600000000000321e-01
0.000000000000000000e+00
0.000000000000000000e+00
0.000000000000000000e+00
5.690699999999999648e-01
0.000000000000000000e+00
7.567199999999999482e-01
0.000000000000000000e+00
0.000000000000000000e+00
0.000000000000000000e+00
0.000000000000000000e+00
8.723699999999999788e-01
0.000000000000000000e+00
8.040500000000000425e-01
0.000000000000000000e+00
0.000000000000000000e+00
1.162150000000000016e+00
0.000000000000000000e+00
0.000000000000000000e+00
0.000000000000000000e+00
9.821299999999999475e-01
0.000000000000000000e+00
5.191500000000000004e-01
0.000000000000000000e+00
5.809400000000000119e-01
0.000000000000000000e+00
0.000000000000000000e+00
4.809899999999999731e-01
0.000000000000000000e+00
1.053490000000000038e+00
0.000000000000000000e+00
0.000000000000000000e+00
0.000000000000000000e+00
6.178700000000000303e-01
0.000000000000000000e+00
4.870700000000000029e-01
0.000000000000000000e+00
0.000000000000000000e+00
0.000000000000000000e+00
0.000000000000000000e+00
0.000000000000000000e+00
0.000000000000000000e+00
0.000000000000000000e+00
8.439200000000000035e-01
0.000000000000000000e+00
0.000000000000000000e+00
0.000000000000000000e+00
0.000000000000000000e+00
0.000000000000000000e+00
4.831099999999999839e-01
0.000000000000000000e+00
0.000000000000000000e+00
0.000000000000000000e+00
0.000000000000000000e+00
7.349700000000000122e-01
0.000000000000000000e+00
6.817100000000000382e-01
0.000000000000000000e+00
0.000000000000000000e+00
0.000000000000000000e+00
0.000000000000000000e+00
5.189399999999999569e-01
0.000000000000000000e+00
4.014300000000000090e-01
0.000000000000000000e+00
3.794399999999999995e-01
0.000000000000000000e+00
0.000000000000000000e+00
0.000000000000000000e+00
0.000000000000000000e+00
0.000000000000000000e+00
0.000000000000000000e+00
5.407800000000000384e-01
0.000000000000000000e+00
0.000000000000000000e+00
4.338600000000000234e-01
0.000000000000000000e+00
0.000000000000000000e+00
9.176499999999999657e-01
0.000000000000000000e+00
0.000000000000000000e+00
0.000000000000000000e+00
6.185500000000000442e-01
0.000000000000000000e+00
0.000000000000000000e+00
0.000000000000000000e+00
0.000000000000000000e+00
0.000000000000000000e+00
5.108800000000000008e-01
0.000000000000000000e+00
0.000000000000000000e+00
4.608700000000000019e-01
0.000000000000000000e+00
0.000000000000000000e+00
0.000000000000000000e+00
7.095200000000000395e-01
0.000000000000000000e+00
0.000000000000000000e+00
0.000000000000000000e+00
1.022440000000000015e+00
0.000000000000000000e+00
5.526999999999999691e-01
0.000000000000000000e+00
0.000000000000000000e+00
0.000000000000000000e+00
6.774400000000000421e-01
0.000000000000000000e+00
0.000000000000000000e+00
0.000000000000000000e+00
0.000000000000000000e+00
1.317409999999999970e+00
0.000000000000000000e+00
6.256500000000000394e-01
0.000000000000000000e+00
0.000000000000000000e+00
0.000000000000000000e+00
4.642100000000000115e-01
0.000000000000000000e+00
0.000000000000000000e+00
0.000000000000000000e+00
0.000000000000000000e+00
0.000000000000000000e+00
0.000000000000000000e+00
5.668400000000000105e-01
0.000000000000000000e+00
0.000000000000000000e+00
0.000000000000000000e+00
5.523799999999999821e-01
0.000000000000000000e+00
8.515300000000000091e-01
0.000000000000000000e+00
0.000000000000000000e+00
3.714399999999999924e-01
0.000000000000000000e+00
6.787300000000000555e-01
0.000000000000000000e+00
0.000000000000000000e+00
0.000000000000000000e+00
9.752499999999999503e-01
0.000000000000000000e+00
0.000000000000000000e+00
6.668300000000000338e-01
0.000000000000000000e+00
0.000000000000000000e+00
5.607699999999999907e-01
0.000000000000000000e+00
0.000000000000000000e+00
1.289360000000000062e+00
0.000000000000000000e+00
0.000000000000000000e+00
0.000000000000000000e+00
1.233670000000000044e+00
0.000000000000000000e+00
0.000000000000000000e+00
7.212100000000000177e-01
0.000000000000000000e+00
0.000000000000000000e+00
5.312599999999999545e-01
0.000000000000000000e+00
0.000000000000000000e+00
0.000000000000000000e+00
0.000000000000000000e+00
5.212299999999999711e-01
0.000000000000000000e+00
4.812000000000000166e-01
0.000000000000000000e+00
0.000000000000000000e+00
0.000000000000000000e+00
0.000000000000000000e+00
0.000000000000000000e+00
0.000000000000000000e+00
0.000000000000000000e+00
0.000000000000000000e+00
0.000000000000000000e+00
0.000000000000000000e+00
0.000000000000000000e+00
0.000000000000000000e+00
0.000000000000000000e+00
0.000000000000000000e+00
0.000000000000000000e+00
0.000000000000000000e+00
0.000000000000000000e+00
0.000000000000000000e+00
0.000000000000000000e+00
0.000000000000000000e+00
0.000000000000000000e+00
0.000000000000000000e+00
8.437500000000000000e-01
0.000000000000000000e+00
8.832999999999999741e-01
0.000000000000000000e+00
0.000000000000000000e+00
0.000000000000000000e+00
5.859600000000000364e-01
0.000000000000000000e+00
0.000000000000000000e+00
0.000000000000000000e+00
0.000000000000000000e+00
0.000000000000000000e+00
6.748699999999999699e-01
0.000000000000000000e+00
0.000000000000000000e+00
1.811109999999999998e+00
0.000000000000000000e+00
0.000000000000000000e+00
0.000000000000000000e+00
0.000000000000000000e+00
0.000000000000000000e+00
8.731799999999999562e-01
0.000000000000000000e+00
6.531099999999999683e-01
0.000000000000000000e+00
0.000000000000000000e+00
0.000000000000000000e+00
7.082800000000000207e-01
0.000000000000000000e+00
0.000000000000000000e+00
6.111900000000000110e-01
0.000000000000000000e+00
6.146599999999999842e-01
0.000000000000000000e+00
6.156399999999999650e-01
0.000000000000000000e+00
6.521599999999999620e-01
0.000000000000000000e+00
0.000000000000000000e+00
0.000000000000000000e+00
0.000000000000000000e+00
0.000000000000000000e+00
0.000000000000000000e+00
6.594600000000000461e-01
0.000000000000000000e+00
0.000000000000000000e+00
0.000000000000000000e+00
5.620399999999999840e-01
0.000000000000000000e+00
0.000000000000000000e+00
0.000000000000000000e+00
7.134700000000000486e-01
0.000000000000000000e+00
0.000000000000000000e+00
0.000000000000000000e+00
0.000000000000000000e+00
5.750699999999999701e-01
0.000000000000000000e+00
1.159820000000000073e+00
0.000000000000000000e+00
0.000000000000000000e+00
0.000000000000000000e+00
8.866000000000000547e-01
0.000000000000000000e+00
0.000000000000000000e+00
0.000000000000000000e+00
0.000000000000000000e+00
0.000000000000000000e+00
0.000000000000000000e+00
6.966099999999999515e-01
0.000000000000000000e+00
7.192100000000000160e-01
0.000000000000000000e+00
6.229599999999999582e-01
0.000000000000000000e+00
0.000000000000000000e+00
0.000000000000000000e+00
0.000000000000000000e+00
0.000000000000000000e+00
0.000000000000000000e+00
1.010159999999999947e+00
0.000000000000000000e+00
1.064259999999999984e+00
0.000000000000000000e+00
0.000000000000000000e+00
0.000000000000000000e+00
0.000000000000000000e+00
6.837199999999999944e-01
0.000000000000000000e+00
1.075050000000000061e+00
0.000000000000000000e+00
0.000000000000000000e+00
0.000000000000000000e+00
1.041819999999999968e+00
0.000000000000000000e+00
7.241600000000000259e-01
0.000000000000000000e+00
5.425400000000000222e-01
0.000000000000000000e+00
0.000000000000000000e+00
5.407699999999999729e-01
0.000000000000000000e+00
0.000000000000000000e+00
0.000000000000000000e+00
0.000000000000000000e+00
4.871599999999999819e-01
0.000000000000000000e+00
6.096000000000000307e-01
0.000000000000000000e+00
5.539800000000000280e-01
0.000000000000000000e+00
0.000000000000000000e+00
0.000000000000000000e+00
0.000000000000000000e+00
0.000000000000000000e+00
5.498199999999999754e-01
0.000000000000000000e+00
0.000000000000000000e+00
5.398899999999999810e-01
0.000000000000000000e+00
0.000000000000000000e+00
0.000000000000000000e+00
0.000000000000000000e+00
0.000000000000000000e+00
6.352900000000000214e-01
0.000000000000000000e+00
0.000000000000000000e+00
5.900600000000000289e-01
0.000000000000000000e+00
0.000000000000000000e+00
0.000000000000000000e+00
0.000000000000000000e+00
0.000000000000000000e+00
8.664199999999999680e-01
0.000000000000000000e+00
1.112759999999999971e+00
0.000000000000000000e+00
0.000000000000000000e+00
0.000000000000000000e+00
0.000000000000000000e+00
0.000000000000000000e+00
6.679599999999999982e-01
0.000000000000000000e+00
0.000000000000000000e+00
0.000000000000000000e+00
7.749800000000000022e-01
0.000000000000000000e+00
0.000000000000000000e+00
0.000000000000000000e+00
6.756799999999999473e-01
0.000000000000000000e+00
0.000000000000000000e+00
0.000000000000000000e+00
6.421599999999999531e-01
0.000000000000000000e+00
0.000000000000000000e+00
0.000000000000000000e+00
0.000000000000000000e+00
0.000000000000000000e+00
8.009699999999999598e-01
0.000000000000000000e+00
9.220399999999999707e-01
0.000000000000000000e+00
0.000000000000000000e+00
0.000000000000000000e+00
6.009499999999999842e-01
0.000000000000000000e+00
0.000000000000000000e+00
0.000000000000000000e+00
6.123499999999999499e-01
0.000000000000000000e+00
6.057200000000000362e-01
0.000000000000000000e+00
0.000000000000000000e+00
0.000000000000000000e+00
0.000000000000000000e+00
5.901499999999999524e-01
0.000000000000000000e+00
0.000000000000000000e+00
6.470599999999999685e-01
0.000000000000000000e+00
6.661899999999999489e-01
0.000000000000000000e+00
0.000000000000000000e+00
0.000000000000000000e+00
4.605099999999999749e-01
0.000000000000000000e+00
6.230499999999999927e-01
0.000000000000000000e+00
5.853899999999999659e-01
0.000000000000000000e+00
4.405100000000000127e-01
0.000000000000000000e+00
0.000000000000000000e+00
4.629300000000000082e-01
0.000000000000000000e+00
0.000000000000000000e+00
6.160499999999999865e-01
0.000000000000000000e+00
4.625699999999999812e-01
0.000000000000000000e+00
0.000000000000000000e+00
4.812500000000000111e-01
0.000000000000000000e+00
5.999100000000000543e-01
0.000000000000000000e+00
7.240600000000000369e-01
0.000000000000000000e+00
0.000000000000000000e+00
0.000000000000000000e+00
0.000000000000000000e+00
5.274799999999999489e-01
0.000000000000000000e+00
5.264199999999999990e-01
0.000000000000000000e+00
5.141499999999999959e-01
0.000000000000000000e+00
5.514099999999999557e-01
0.000000000000000000e+00
5.412000000000000144e-01
0.000000000000000000e+00
4.567399999999999793e-01
0.000000000000000000e+00
5.678400000000000114e-01
0.000000000000000000e+00
0.000000000000000000e+00
4.967900000000000094e-01
0.000000000000000000e+00
0.000000000000000000e+00
5.788499999999999757e-01
0.000000000000000000e+00
0.000000000000000000e+00
4.629099999999999882e-01
0.000000000000000000e+00
0.000000000000000000e+00
0.000000000000000000e+00
0.000000000000000000e+00
7.202899999999999858e-01
0.000000000000000000e+00
5.879799999999999471e-01
0.000000000000000000e+00
0.000000000000000000e+00
0.000000000000000000e+00
6.223300000000000498e-01
0.000000000000000000e+00
0.000000000000000000e+00
5.926500000000000101e-01
0.000000000000000000e+00
0.000000000000000000e+00
0.000000000000000000e+00
4.927000000000000268e-01
0.000000000000000000e+00
6.182699999999999863e-01
0.000000000000000000e+00
0.000000000000000000e+00
7.893099999999999561e-01
0.000000000000000000e+00
0.000000000000000000e+00
0.000000000000000000e+00
8.408200000000000118e-01
0.000000000000000000e+00
0.000000000000000000e+00
4.727899999999999880e-01
0.000000000000000000e+00
0.000000000000000000e+00
3.687300000000000022e-01
0.000000000000000000e+00
0.000000000000000000e+00
0.000000000000000000e+00
0.000000000000000000e+00
0.000000000000000000e+00
0.000000000000000000e+00
0.000000000000000000e+00
0.000000000000000000e+00
0.000000000000000000e+00
0.000000000000000000e+00
0.000000000000000000e+00
0.000000000000000000e+00
0.000000000000000000e+00
0.000000000000000000e+00
0.000000000000000000e+00
0.000000000000000000e+00
0.000000000000000000e+00
0.000000000000000000e+00
0.000000000000000000e+00
0.000000000000000000e+00
0.000000000000000000e+00
5.970499999999999696e-01
0.000000000000000000e+00
0.000000000000000000e+00
0.000000000000000000e+00
0.000000000000000000e+00
0.000000000000000000e+00
4.755599999999999827e-01
0.000000000000000000e+00
0.000000000000000000e+00
0.000000000000000000e+00
0.000000000000000000e+00
6.095000000000000417e-01
0.000000000000000000e+00
0.000000000000000000e+00
0.000000000000000000e+00
0.000000000000000000e+00
0.000000000000000000e+00
7.079699999999999882e-01
0.000000000000000000e+00
0.000000000000000000e+00
0.000000000000000000e+00
0.000000000000000000e+00
1.026540000000000008e+00
0.000000000000000000e+00
6.189999999999999947e-01
0.000000000000000000e+00
0.000000000000000000e+00
5.639899999999999913e-01
0.000000000000000000e+00
0.000000000000000000e+00
0.000000000000000000e+00
0.000000000000000000e+00
5.603700000000000347e-01
0.000000000000000000e+00
4.457300000000000151e-01
0.000000000000000000e+00
0.000000000000000000e+00
0.000000000000000000e+00
0.000000000000000000e+00
8.247900000000000231e-01
0.000000000000000000e+00
0.000000000000000000e+00
0.000000000000000000e+00
5.531399999999999650e-01
0.000000000000000000e+00
0.000000000000000000e+00
0.000000000000000000e+00
0.000000000000000000e+00
0.000000000000000000e+00
0.000000000000000000e+00
4.828100000000000169e-01
0.000000000000000000e+00
8.944100000000000383e-01
0.000000000000000000e+00
0.000000000000000000e+00
8.631699999999999928e-01
0.000000000000000000e+00
0.000000000000000000e+00
0.000000000000000000e+00
9.026499999999999524e-01
0.000000000000000000e+00
0.000000000000000000e+00
5.455100000000000504e-01
0.000000000000000000e+00
0.000000000000000000e+00
0.000000000000000000e+00
0.000000000000000000e+00
5.216100000000000181e-01
0.000000000000000000e+00
0.000000000000000000e+00
0.000000000000000000e+00
9.272399999999999531e-01
0.000000000000000000e+00
5.525799999999999601e-01
0.000000000000000000e+00
5.469199999999999617e-01
0.000000000000000000e+00
0.000000000000000000e+00
0.000000000000000000e+00
4.736099999999999755e-01
0.000000000000000000e+00
0.000000000000000000e+00
7.322499999999999565e-01
0.000000000000000000e+00
0.000000000000000000e+00
0.000000000000000000e+00
6.664299999999999669e-01
0.000000000000000000e+00
0.000000000000000000e+00
0.000000000000000000e+00
5.995899999999999563e-01
0.000000000000000000e+00
0.000000000000000000e+00
0.000000000000000000e+00
0.000000000000000000e+00
1.141729999999999912e+00
0.000000000000000000e+00
1.145860000000000101e+00
0.000000000000000000e+00
0.000000000000000000e+00
6.922599999999999865e-01
0.000000000000000000e+00
5.481300000000000061e-01
0.000000000000000000e+00
5.032299999999999551e-01
0.000000000000000000e+00
0.000000000000000000e+00
0.000000000000000000e+00
4.860900000000000221e-01
0.000000000000000000e+00
0.000000000000000000e+00
0.000000000000000000e+00
5.690499999999999448e-01
0.000000000000000000e+00
5.704200000000000381e-01
0.000000000000000000e+00
0.000000000000000000e+00
6.407699999999999507e-01
0.000000000000000000e+00
0.000000000000000000e+00
0.000000000000000000e+00
5.535499999999999865e-01
0.000000000000000000e+00
0.000000000000000000e+00
0.000000000000000000e+00
5.816999999999999948e-01
0.000000000000000000e+00
0.000000000000000000e+00
0.000000000000000000e+00
5.776900000000000368e-01
0.000000000000000000e+00
5.728199999999999958e-01
0.000000000000000000e+00
0.000000000000000000e+00
0.000000000000000000e+00
5.592899999999999539e-01
0.000000000000000000e+00
0.000000000000000000e+00
0.000000000000000000e+00
1.096479999999999899e+00
0.000000000000000000e+00
5.996399999999999508e-01
0.000000000000000000e+00
0.000000000000000000e+00
5.320200000000000484e-01
0.000000000000000000e+00
6.542200000000000237e-01
0.000000000000000000e+00
0.000000000000000000e+00
0.000000000000000000e+00
0.000000000000000000e+00
4.217699999999999783e-01
0.000000000000000000e+00
0.000000000000000000e+00
0.000000000000000000e+00
9.193799999999999750e-01
0.000000000000000000e+00
0.000000000000000000e+00
0.000000000000000000e+00
5.697900000000000187e-01
0.000000000000000000e+00
0.000000000000000000e+00
6.573200000000000154e-01
0.000000000000000000e+00
5.867900000000000338e-01
0.000000000000000000e+00
7.173599999999999977e-01
0.000000000000000000e+00
7.315700000000000536e-01
0.000000000000000000e+00
0.000000000000000000e+00
8.954600000000000337e-01
0.000000000000000000e+00
0.000000000000000000e+00
0.000000000000000000e+00
5.939299999999999580e-01
0.000000000000000000e+00
0.000000000000000000e+00
0.000000000000000000e+00
4.698800000000000199e-01
0.000000000000000000e+00
4.978799999999999892e-01
0.000000000000000000e+00
0.000000000000000000e+00
0.000000000000000000e+00
4.603400000000000269e-01
0.000000000000000000e+00
0.000000000000000000e+00
0.000000000000000000e+00
0.000000000000000000e+00
0.000000000000000000e+00
0.000000000000000000e+00
0.000000000000000000e+00
5.493900000000000450e-01
0.000000000000000000e+00
0.000000000000000000e+00
4.796300000000000008e-01
0.000000000000000000e+00
0.000000000000000000e+00
1.084039999999999893e+00
0.000000000000000000e+00
0.000000000000000000e+00
0.000000000000000000e+00
0.000000000000000000e+00
7.316000000000000281e-01
0.000000000000000000e+00
0.000000000000000000e+00
6.853799999999999892e-01
0.000000000000000000e+00
0.000000000000000000e+00
5.766599999999999504e-01
0.000000000000000000e+00
0.000000000000000000e+00
7.115700000000000358e-01
0.000000000000000000e+00
0.000000000000000000e+00
4.802600000000000202e-01
0.000000000000000000e+00
0.000000000000000000e+00
0.000000000000000000e+00
0.000000000000000000e+00
0.000000000000000000e+00
0.000000000000000000e+00
4.296400000000000219e-01
0.000000000000000000e+00
0.000000000000000000e+00
0.000000000000000000e+00
4.564400000000000124e-01
0.000000000000000000e+00
0.000000000000000000e+00
0.000000000000000000e+00
5.368600000000000039e-01
0.000000000000000000e+00
0.000000000000000000e+00
9.147499999999999520e-01
0.000000000000000000e+00
9.591899999999999871e-01
0.000000000000000000e+00
0.000000000000000000e+00
0.000000000000000000e+00
0.000000000000000000e+00
1.141580000000000039e+00
0.000000000000000000e+00
8.649099999999999566e-01
0.000000000000000000e+00
0.000000000000000000e+00
0.000000000000000000e+00
1.197959999999999914e+00
0.000000000000000000e+00
0.000000000000000000e+00
0.000000000000000000e+00
1.351799999999999891e+00
0.000000000000000000e+00
8.538200000000000234e-01
0.000000000000000000e+00
0.000000000000000000e+00
0.000000000000000000e+00
4.787299999999999889e-01
0.000000000000000000e+00
0.000000000000000000e+00
4.805200000000000027e-01
0.000000000000000000e+00
0.000000000000000000e+00
0.000000000000000000e+00
5.439300000000000246e-01
0.000000000000000000e+00
0.000000000000000000e+00
0.000000000000000000e+00
4.909499999999999975e-01
0.000000000000000000e+00
0.000000000000000000e+00
4.664200000000000013e-01
0.000000000000000000e+00
0.000000000000000000e+00
0.000000000000000000e+00
7.831700000000000328e-01
0.000000000000000000e+00
0.000000000000000000e+00
0.000000000000000000e+00
1.048540000000000028e+00
0.000000000000000000e+00
0.000000000000000000e+00
0.000000000000000000e+00
5.703300000000000036e-01
0.000000000000000000e+00
0.000000000000000000e+00
0.000000000000000000e+00
0.000000000000000000e+00
0.000000000000000000e+00
0.000000000000000000e+00
0.000000000000000000e+00
0.000000000000000000e+00
0.000000000000000000e+00
0.000000000000000000e+00
0.000000000000000000e+00
0.000000000000000000e+00
0.000000000000000000e+00
0.000000000000000000e+00
0.000000000000000000e+00
0.000000000000000000e+00
0.000000000000000000e+00
0.000000000000000000e+00
0.000000000000000000e+00
0.000000000000000000e+00
0.000000000000000000e+00
7.013800000000000034e-01
0.000000000000000000e+00
0.000000000000000000e+00
0.000000000000000000e+00
6.867100000000000426e-01
0.000000000000000000e+00
0.000000000000000000e+00
0.000000000000000000e+00
0.000000000000000000e+00
0.000000000000000000e+00
5.404700000000000060e-01
0.000000000000000000e+00
0.000000000000000000e+00
7.247700000000000253e-01
0.000000000000000000e+00
0.000000000000000000e+00
6.297000000000000375e-01
0.000000000000000000e+00
6.029299999999999660e-01
0.000000000000000000e+00
0.000000000000000000e+00
0.000000000000000000e+00
0.000000000000000000e+00
4.639099999999999890e-01
0.000000000000000000e+00
5.593500000000000139e-01
0.000000000000000000e+00
0.000000000000000000e+00
0.000000000000000000e+00
0.000000000000000000e+00
0.000000000000000000e+00
6.132499999999999618e-01
0.000000000000000000e+00
0.000000000000000000e+00
9.433799999999999963e-01
0.000000000000000000e+00
0.000000000000000000e+00
0.000000000000000000e+00
0.000000000000000000e+00
0.000000000000000000e+00
9.368199999999999861e-01
0.000000000000000000e+00
0.000000000000000000e+00
1.198909999999999920e+00
0.000000000000000000e+00
0.000000000000000000e+00
0.000000000000000000e+00
5.353400000000000380e-01
0.000000000000000000e+00
0.000000000000000000e+00
5.966399999999999482e-01
0.000000000000000000e+00
6.067200000000000371e-01
0.000000000000000000e+00
0.000000000000000000e+00
5.615900000000000336e-01
0.000000000000000000e+00
0.000000000000000000e+00
0.000000000000000000e+00
6.540700000000000403e-01
0.000000000000000000e+00
0.000000000000000000e+00
0.000000000000000000e+00
5.836999999999999966e-01
0.000000000000000000e+00
0.000000000000000000e+00
6.836299999999999599e-01
0.000000000000000000e+00
1.006979999999999986e+00
0.000000000000000000e+00
0.000000000000000000e+00
1.065630000000000077e+00
0.000000000000000000e+00
7.440099999999999492e-01
0.000000000000000000e+00
0.000000000000000000e+00
8.771600000000000508e-01
0.000000000000000000e+00
0.000000000000000000e+00
7.586100000000000065e-01
0.000000000000000000e+00
7.801500000000000101e-01
0.000000000000000000e+00
0.000000000000000000e+00
9.521899999999999809e-01
0.000000000000000000e+00
0.000000000000000000e+00
0.000000000000000000e+00
9.338600000000000234e-01
0.000000000000000000e+00
0.000000000000000000e+00
1.011870000000000047e+00
0.000000000000000000e+00
0.000000000000000000e+00
0.000000000000000000e+00
0.000000000000000000e+00
0.000000000000000000e+00
0.000000000000000000e+00
5.790800000000000392e-01
0.000000000000000000e+00
0.000000000000000000e+00
1.018000000000000016e+00
0.000000000000000000e+00
7.391900000000000137e-01
0.000000000000000000e+00
0.000000000000000000e+00
0.000000000000000000e+00
0.000000000000000000e+00
0.000000000000000000e+00
6.204499999999999460e-01
0.000000000000000000e+00
0.000000000000000000e+00
5.514000000000000012e-01
0.000000000000000000e+00
8.883900000000000130e-01
0.000000000000000000e+00
0.000000000000000000e+00
9.043700000000000072e-01
0.000000000000000000e+00
8.843600000000000350e-01
0.000000000000000000e+00
8.697099999999999831e-01
0.000000000000000000e+00
0.000000000000000000e+00
0.000000000000000000e+00
9.345599999999999463e-01
0.000000000000000000e+00
0.000000000000000000e+00
0.000000000000000000e+00
5.210799999999999876e-01
0.000000000000000000e+00
5.763000000000000345e-01
0.000000000000000000e+00
0.000000000000000000e+00
0.000000000000000000e+00
0.000000000000000000e+00
5.491800000000000015e-01
0.000000000000000000e+00
6.187700000000000422e-01
0.000000000000000000e+00
0.000000000000000000e+00
5.526600000000000401e-01
0.000000000000000000e+00
7.359700000000000131e-01
0.000000000000000000e+00
0.000000000000000000e+00
0.000000000000000000e+00
0.000000000000000000e+00
0.000000000000000000e+00
1.581919999999999993e+00
0.000000000000000000e+00
0.000000000000000000e+00
0.000000000000000000e+00
8.103900000000000547e-01
0.000000000000000000e+00
0.000000000000000000e+00
0.000000000000000000e+00
0.000000000000000000e+00
5.957500000000000018e-01
0.000000000000000000e+00
7.461100000000000509e-01
0.000000000000000000e+00
5.502899999999999459e-01
0.000000000000000000e+00
0.000000000000000000e+00
5.231599999999999584e-01
0.000000000000000000e+00
0.000000000000000000e+00
6.789100000000000135e-01
0.000000000000000000e+00
0.000000000000000000e+00
0.000000000000000000e+00
0.000000000000000000e+00
5.780499999999999527e-01
0.000000000000000000e+00
0.000000000000000000e+00
9.614300000000000068e-01
0.000000000000000000e+00
7.955100000000000504e-01
0.000000000000000000e+00
0.000000000000000000e+00
5.901999999999999469e-01
0.000000000000000000e+00
0.000000000000000000e+00
0.000000000000000000e+00
4.518400000000000194e-01
0.000000000000000000e+00
0.000000000000000000e+00
5.608199999999999852e-01
0.000000000000000000e+00
0.000000000000000000e+00
0.000000000000000000e+00
5.725599999999999579e-01
0.000000000000000000e+00
0.000000000000000000e+00
0.000000000000000000e+00
1.009949999999999903e+00
0.000000000000000000e+00
0.000000000000000000e+00
9.255700000000000038e-01
0.000000000000000000e+00
0.000000000000000000e+00
0.000000000000000000e+00
1.314400000000000013e+00
0.000000000000000000e+00
0.000000000000000000e+00
6.662900000000000489e-01
0.000000000000000000e+00
0.000000000000000000e+00
5.403299999999999770e-01
0.000000000000000000e+00
0.000000000000000000e+00
0.000000000000000000e+00
7.650599999999999623e-01
0.000000000000000000e+00
0.000000000000000000e+00
6.119700000000000140e-01
0.000000000000000000e+00
0.000000000000000000e+00
0.000000000000000000e+00
0.000000000000000000e+00
4.002499999999999947e-01
0.000000000000000000e+00
6.662000000000000144e-01
0.000000000000000000e+00
0.000000000000000000e+00
0.000000000000000000e+00
0.000000000000000000e+00
0.000000000000000000e+00
8.161800000000000166e-01
0.000000000000000000e+00
0.000000000000000000e+00
5.692599999999999882e-01
0.000000000000000000e+00
0.000000000000000000e+00
6.552099999999999591e-01
0.000000000000000000e+00
6.942000000000000393e-01
0.000000000000000000e+00
0.000000000000000000e+00
6.583299999999999708e-01
0.000000000000000000e+00
0.000000000000000000e+00
7.278700000000000170e-01
0.000000000000000000e+00
0.000000000000000000e+00
5.629100000000000215e-01
0.000000000000000000e+00
0.000000000000000000e+00
5.949600000000000444e-01
0.000000000000000000e+00
0.000000000000000000e+00
0.000000000000000000e+00
0.000000000000000000e+00
0.000000000000000000e+00
0.000000000000000000e+00
0.000000000000000000e+00
0.000000000000000000e+00
0.000000000000000000e+00
0.000000000000000000e+00
0.000000000000000000e+00
0.000000000000000000e+00
0.000000000000000000e+00
0.000000000000000000e+00
0.000000000000000000e+00
0.000000000000000000e+00
0.000000000000000000e+00
0.000000000000000000e+00
0.000000000000000000e+00
0.000000000000000000e+00
0.000000000000000000e+00
0.000000000000000000e+00
0.000000000000000000e+00
0.000000000000000000e+00
0.000000000000000000e+00
0.000000000000000000e+00
0.000000000000000000e+00
0.000000000000000000e+00
0.000000000000000000e+00
0.000000000000000000e+00
0.000000000000000000e+00
