0.000000000000000000e+00
0.000000000000000000e+00
0.000000000000000000e+00
0.000000000000000000e+00
0.000000000000000000e+00
0.000000000000000000e+00
0.000000000000000000e+00
0.000000000000000000e+00
0.000000000000000000e+00
0.000000000000000000e+00
9.002299999999999747e-01
0.000000000000000000e+00
6.343299999999999494e-01
0.000000000000000000e+00
0.000000000000000000e+00
6.196500000000000341e-01
0.000000000000000000e+00
0.000000000000000000e+00
5.618499999999999606e-01
0.000000000000000000e+00
7.044899999999999496e-01
0.000000000000000000e+00
0.000000000000000000e+00
0.000000000000000000e+00
6.571799999999999864e-01
0.000000000000000000e+00
0.000000000000000000e+00
0.000000000000000000e+00
7.865400000000000169e-01
0.000000000000000000e+00
0.000000000000000000e+00
6.731300000000000061e-01
0.000000000000000000e+00
0.000000000000000000e+00
0.000000000000000000e+00
5.445499999999999785e-01
0.000000000000000000e+00
5.862000000000000544e-01
0.000000000000000000e+00
0.000000000000000000e+00
5.580899999999999750e-01
0.000000000000000000e+00
4.950499999999999901e-01
0.000000000000000000e+00
5.531099999999999905e-01
0.000000000000000000e+00
0.000000000000000000e+00
0.000000000000000000e+00
0.000000000000000000e+00
5.293499999999999872e-01
0.000000000000000000e+00
0.000000000000000000e+00
0.000000000000000000e+00
5.510000000000000453e-01
0.000000000000000000e+00
5.934800000000000075e-01
0.000000000000000000e+00
0.000000000000000000e+00
6.488599999999999923e-01
0.000000000000000000e+00
0.000000000000000000e+00
0.000000000000000000e+00
6.329599999999999671e-01
0.000000000000000000e+00
0.000000000000000000e+00
0.000000000000000000e+00
5.699600000000000222e-01
0.000000000000000000e+00
0.000000000000000000e+00
0.000000000000000000e+00
0.000000000000000000e+00
0.000000000000000000e+00
0.000000000000000000e+00
5.392700000000000271e-01
0.000000000000000000e+00
0.000000000000000000e+00
0.000000000000000000e+00
7.268700000000000161e-01
0.000000000000000000e+00
0.000000000000000000e+00
0.000000000000000000e+00
6.074800000000000200e-01
0.000000000000000000e+00
0.000000000000000000e+00
5.313700000000000090e-01
0.000000000000000000e+00
6.624100000000000543e-01
0.000000000000000000e+00
0.000000000000000000e+00
0.000000000000000000e+00
5.489500000000000490e-01
0.000000000000000000e+00
0.000000000000000000e+00
0.000000000000000000e+00
0.000000000000000000e+00
5.269500000000000295e-01
0.000000000000000000e+00
0.000000000000000000e+00
0.000000000000000000e+00
0.000000000000000000e+00
0.000000000000000000e+00
7.564400000000000013e-01
0.000000000000000000e+00
0.000000000000000000e+00
0.000000000000000000e+00
0.000000000000000000e+00
5.544499999999999984e-01
0.000000000000000000e+00
0.000000000000000000e+00
0.000000000000000000e+00
0.000000000000000000e+00
5.269399999999999640e-01
0.000000000000000000e+00
6.174500000000000544e-01
0.000000000000000000e+00
5.588199999999999834e-01
0.000000000000000000e+00
0.000000000000000000e+00
0.000000000000000000e+00
7.460299999999999709e-01
0.000000000000000000e+00
0.000000000000000000e+00
5.627299999999999525e-01
0.000000000000000000e+00
0.000000000000000000e+00
0.000000000000000000e+00
6.113899999999999890e-01
0.000000000000000000e+00
0.000000000000000000e+00
8.753300000000000525e-01
0.000000000000000000e+00
0.000000000000000000e+00
0.000000000000000000e+00
5.036599999999999966e-01
0.000000000000000000e+00
0.000000000000000000e+00
6.284999999999999476e-01
0.000000000000000000e+00
0.000000000000000000e+00
0.000000000000000000e+00
5.431200000000000472e-01
0.000000000000000000e+00
0.000000000000000000e+00
0.000000000000000000e+00
0.000000000000000000e+00
4.894100000000000117e-01
0.000000000000000000e+00
0.000000000000000000e+00
0.000000000000000000e+00
5.132400000000000295e-01
0.000000000000000000e+00
0.000000000000000000e+00
0.000000000000000000e+00
5.495999999999999774e-01
0.000000000000000000e+00
0.000000000000000000e+00
0.000000000000000000e+00
0.000000000000000000e+00
5.509100000000000108e-01
0.000000000000000000e+00
0.000000000000000000e+00
8.004000000000000004e-01
0.000000000000000000e+00
0.000000000000000000e+00
0.000000000000000000e+00
0.000000000000000000e+00
5.552300000000000013e-01
0.000000000000000000e+00
0.000000000000000000e+00
0.000000000000000000e+00
4.461999999999999855e-01
0.000000000000000000e+00
5.589100000000000179e-01
0.000000000000000000e+00
0.000000000000000000e+00
0.000000000000000000e+00
5.133999999999999675e-01
0.000000000000000000e+00
0.000000000000000000e+00
1.015179999999999971e+00
0.000000000000000000e+00
0.000000000000000000e+00
5.849100000000000410e-01
0.000000000000000000e+00
0.000000000000000000e+00
5.328699999999999548e-01
0.000000000000000000e+00
0.000000000000000000e+00
0.000000000000000000e+00
6.459000000000000297e-01
0.000000000000000000e+00
0.000000000000000000e+00
0.000000000000000000e+00
6.470700000000000340e-01
0.000000000000000000e+00
0.000000000000000000e+00
0.000000000000000000e+00
0.000000000000000000e+00
6.324400000000000022e-01
0.000000000000000000e+00
1.080349999999999921e+00
0.000000000000000000e+00
0.000000000000000000e+00
5.678600000000000314e-01
0.000000000000000000e+00
6.306899999999999729e-01
0.000000000000000000e+00
0.000000000000000000e+00
0.000000000000000000e+00
0.000000000000000000e+00
0.000000000000000000e+00
0.000000000000000000e+00
7.430999999999999828e-01
0.000000000000000000e+00
0.000000000000000000e+00
0.000000000000000000e+00
0.000000000000000000e+00
6.879300000000000415e-01
0.000000000000000000e+00
0.000000000000000000e+00
0.000000000000000000e+00
0.000000000000000000e+00
5.045500000000000540e-01
0.000000000000000000e+00
0.000000000000000000e+00
0.000000000000000000e+00
6.085000000000000409e-01
0.000000000000000000e+00
0.000000000000000000e+00
5.047399999999999665e-01
0.000000000000000000e+00
4.573599999999999888e-01
0.000000000000000000e+00
0.000000000000000000e+00
0.000000000000000000e+00
0.000000000000000000e+00
0.000000000000000000e+00
0.000000000000000000e+00
0.000000000000000000e+00
5.125899999999999901e-01
0.000000000000000000e+00
0.000000000000000000e+00
7.453400000000000025e-01
0.000000000000000000e+00
0.000000000000000000e+00
6.065500000000000336e-01
0.000000000000000000e+00
0.000000000000000000e+00
4.979399999999999937e-01
0.000000000000000000e+00
8.244599999999999707e-01
0.000000000000000000e+00
0.000000000000000000e+00
0.000000000000000000e+00
5.485999999999999766e-01
0.000000000000000000e+00
0.000000000000000000e+00
0.000000000000000000e+00
0.000000000000000000e+00
5.339800000000000102e-01
0.000000000000000000e+00
0.000000000000000000e+00
0.000000000000000000e+00
8.189999999999999503e-01
0.000000000000000000e+00
0.000000000000000000e+00
5.642300000000000093e-01
0.000000000000000000e+00
0.000000000000000000e+00
5.955899999999999528e-01
0.000000000000000000e+00
0.000000000000000000e+00
6.002199999999999758e-01
0.000000000000000000e+00
0.000000000000000000e+00
0.000000000000000000e+00
0.000000000000000000e+00
5.097599999999999909e-01
0.000000000000000000e+00
0.000000000000000000e+00
9.746299999999999963e-01
0.000000000000000000e+00
0.000000000000000000e+00
0.000000000000000000e+00
1.106630000000000003e+00
0.000000000000000000e+00
0.000000000000000000e+00
7.118900000000000228e-01
0.000000000000000000e+00
0.000000000000000000e+00
0.000000000000000000e+00
0.000000000000000000e+00
6.183899999999999952e-01
0.000000000000000000e+00
0.000000000000000000e+00
0.000000000000000000e+00
0.000000000000000000e+00
0.000000000000000000e+00
5.328600000000000003e-01
0.000000000000000000e+00
8.565300000000000136e-01
0.000000000000000000e+00
0.000000000000000000e+00
0.000000000000000000e+00
0.000000000000000000e+00
0.000000000000000000e+00
0.000000000000000000e+00
0.000000000000000000e+00
0.000000000000000000e+00
0.000000000000000000e+00
0.000000000000000000e+00
0.000000000000000000e+00
0.000000000000000000e+00
0.000000000000000000e+00
0.000000000000000000e+00
0.000000000000000000e+00
0.000000000000000000e+00
0.000000000000000000e+00
0.000000000000000000e+00
0.000000000000000000e+00
0.000000000000000000e+00
0.000000000000000000e+00
0.000000000000000000e+00
0.000000000000000000e+00
0.000000000000000000e+00
0.000000000000000000e+00
0.000000000000000000e+00
5.046500000000000430e-01
0.000000000000000000e+00
0.000000000000000000e+00
5.970600000000000351e-01
0.000000000000000000e+00
7.880500000000000282e-01
0.000000000000000000e+00
0.000000000000000000e+00
0.000000000000000000e+00
0.000000000000000000e+00
5.517300000000000537e-01
0.000000000000000000e+00
5.218300000000000161e-01
0.000000000000000000e+00
0.000000000000000000e+00
7.546399999999999775e-01
0.000000000000000000e+00
0.000000000000000000e+00
0.000000000000000000e+00
6.461000000000000076e-01
0.000000000000000000e+00
0.000000000000000000e+00
6.070900000000000185e-01
0.000000000000000000e+00
0.000000000000000000e+00
0.000000000000000000e+00
5.632200000000000539e-01
0.000000000000000000e+00
5.598699999999999788e-01
0.000000000000000000e+00
0.000000000000000000e+00
0.000000000000000000e+00
7.412600000000000300e-01
0.000000000000000000e+00
5.652599999999999847e-01
0.000000000000000000e+00
8.197200000000000042e-01
0.000000000000000000e+00
0.000000000000000000e+00
0.000000000000000000e+00
0.000000000000000000e+00
5.653599999999999737e-01
0.000000000000000000e+00
0.000000000000000000e+00
0.000000000000000000e+00
0.000000000000000000e+00
5.056800000000000184e-01
0.000000000000000000e+00
5.704200000000000381e-01
0.000000000000000000e+00
5.015699999999999603e-01
0.000000000000000000e+00
5.236600000000000144e-01
0.000000000000000000e+00
0.000000000000000000e+00
0.000000000000000000e+00
5.332500000000000018e-01
0.000000000000000000e+00
6.038700000000000179e-01
0.000000000000000000e+00
0.000000000000000000e+00
0.000000000000000000e+00
4.345600000000000018e-01
0.000000000000000000e+00
0.000000000000000000e+00
5.111700000000000133e-01
0.000000000000000000e+00
5.548399999999999999e-01
0.000000000000000000e+00
0.000000000000000000e+00
4.975700000000000123e-01
0.000000000000000000e+00
0.000000000000000000e+00
5.514599999999999502e-01
0.000000000000000000e+00
0.000000000000000000e+00
5.668499999999999650e-01
0.000000000000000000e+00
0.000000000000000000e+00
0.000000000000000000e+00
0.000000000000000000e+00
0.000000000000000000e+00
0.000000000000000000e+00
5.165499999999999536e-01
0.000000000000000000e+00
0.000000000000000000e+00
5.308599999999999985e-01
0.000000000000000000e+00
4.479099999999999748e-01
0.000000000000000000e+00
5.260599999999999721e-01
0.000000000000000000e+00
5.011200000000000099e-01
0.000000000000000000e+00
0.000000000000000000e+00
0.000000000000000000e+00
0.000000000000000000e+00
5.030200000000000227e-01
0.000000000000000000e+00
0.000000000000000000e+00
4.912000000000000255e-01
0.000000000000000000e+00
0.000000000000000000e+00
6.522200000000000220e-01
0.000000000000000000e+00
0.000000000000000000e+00
0.000000000000000000e+00
0.000000000000000000e+00
0.000000000000000000e+00
5.832000000000000517e-01
0.000000000000000000e+00
5.384100000000000552e-01
0.000000000000000000e+00
6.887799999999999478e-01
0.000000000000000000e+00
4.503900000000000126e-01
0.000000000000000000e+00
4.433900000000000063e-01
0.000000000000000000e+00
0.000000000000000000e+00
4.620799999999999907e-01
0.000000000000000000e+00
0.000000000000000000e+00
0.000000000000000000e+00
5.542200000000000459e-01
0.000000000000000000e+00
0.000000000000000000e+00
0.000000000000000000e+00
0.000000000000000000e+00
6.536999999999999478e-01
0.000000000000000000e+00
0.000000000000000000e+00
5.589699999999999669e-01
0.000000000000000000e+00
0.000000000000000000e+00
0.000000000000000000e+00
5.016800000000000148e-01
0.000000000000000000e+00
0.000000000000000000e+00
0.000000000000000000e+00
0.000000000000000000e+00
0.000000000000000000e+00
7.811000000000000165e-01
0.000000000000000000e+00
6.561900000000000510e-01
0.000000000000000000e+00
0.000000000000000000e+00
0.000000000000000000e+00
1.413389999999999924e+00
0.000000000000000000e+00
0.000000000000000000e+00
5.812199999999999589e-01
0.000000000000000000e+00
7.648000000000000353e-01
0.000000000000000000e+00
0.000000000000000000e+00
5.499699999999999589e-01
0.000000000000000000e+00
0.000000000000000000e+00
7.543699999999999850e-01
0.000000000000000000e+00
8.459100000000000508e-01
0.000000000000000000e+00
0.000000000000000000e+00
0.000000000000000000e+00
5.829100000000000392e-01
0.000000000000000000e+00
0.000000000000000000e+00
0.000000000000000000e+00
6.400000000000000133e-01
0.000000000000000000e+00
0.000000000000000000e+00
0.000000000000000000e+00
5.372400000000000508e-01
0.000000000000000000e+00
0.000000000000000000e+00
0.000000000000000000e+00
0.000000000000000000e+00
0.000000000000000000e+00
7.518899999999999473e-01
0.000000000000000000e+00
1.054759999999999920e+00
0.000000000000000000e+00
5.923800000000000177e-01
0.000000000000000000e+00
5.799600000000000311e-01
0.000000000000000000e+00
0.000000000000000000e+00
0.000000000000000000e+00
0.000000000000000000e+00
0.000000000000000000e+00
0.000000000000000000e+00
5.167100000000000026e-01
0.000000000000000000e+00
0.000000000000000000e+00
0.000000000000000000e+00
5.142999999999999794e-01
0.000000000000000000e+00
0.000000000000000000e+00
7.545699999999999630e-01
0.000000000000000000e+00
5.278599999999999959e-01
0.000000000000000000e+00
0.000000000000000000e+00
0.000000000000000000e+00
0.000000000000000000e+00
4.946400000000000241e-01
0.000000000000000000e+00
0.000000000000000000e+00
0.000000000000000000e+00
5.340899999999999537e-01
0.000000000000000000e+00
6.451400000000000468e-01
0.000000000000000000e+00
0.000000000000000000e+00
5.748699999999999921e-01
0.000000000000000000e+00
0.000000000000000000e+00
7.122100000000000097e-01
0.000000000000000000e+00
6.962199999999999500e-01
0.000000000000000000e+00
0.000000000000000000e+00
0.000000000000000000e+00
0.000000000000000000e+00
6.458599999999999897e-01
0.000000000000000000e+00
0.000000000000000000e+00
0.000000000000000000e+00
0.000000000000000000e+00
5.639300000000000423e-01
0.000000000000000000e+00
5.391299999999999981e-01
0.000000000000000000e+00
0.000000000000000000e+00
0.000000000000000000e+00
0.000000000000000000e+00
4.628099999999999992e-01
0.000000000000000000e+00
0.000000000000000000e+00
6.726900000000000102e-01
0.000000000000000000e+00
0.000000000000000000e+00
0.000000000000000000e+00
7.078799999999999537e-01
0.000000000000000000e+00
0.000000000000000000e+00
5.340000000000000302e-01
0.000000000000000000e+00
0.000000000000000000e+00
5.403900000000000370e-01
0.000000000000000000e+00
0.000000000000000000e+00
6.982300000000000173e-01
0.000000000000000000e+00
0.000000000000000000e+00
0.000000000000000000e+00
7.018799999999999484e-01
0.000000000000000000e+00
0.000000000000000000e+00
0.000000000000000000e+00
0.000000000000000000e+00
8.146999999999999797e-01
0.000000000000000000e+00
0.000000000000000000e+00
0.000000000000000000e+00
0.000000000000000000e+00
0.000000000000000000e+00
0.000000000000000000e+00
0.000000000000000000e+00
0.000000000000000000e+00
0.000000000000000000e+00
0.000000000000000000e+00
0.000000000000000000e+00
0.000000000000000000e+00
0.000000000000000000e+00
0.000000000000000000e+00
0.000000000000000000e+00
0.000000000000000000e+00
0.000000000000000000e+00
0.000000000000000000e+00
0.000000000000000000e+00
0.000000000000000000e+00
0.000000000000000000e+00
0.000000000000000000e+00
0.000000000000000000e+00
0.000000000000000000e+00
9.335799999999999654e-01
0.000000000000000000e+00
0.000000000000000000e+00
0.000000000000000000e+00
7.801700000000000301e-01
0.000000000000000000e+00
0.000000000000000000e+00
0.000000000000000000e+00
6.386800000000000255e-01
0.000000000000000000e+00
0.000000000000000000e+00
0.000000000000000000e+00
0.000000000000000000e+00
6.033199999999999674e-01
0.000000000000000000e+00
0.000000000000000000e+00
0.000000000000000000e+00
0.000000000000000000e+00
5.535400000000000320e-01
0.000000000000000000e+00
0.000000000000000000e+00
5.996899999999999453e-01
0.000000000000000000e+00
0.000000000000000000e+00
5.715299999999999825e-01
0.000000000000000000e+00
0.000000000000000000e+00
0.000000000000000000e+00
0.000000000000000000e+00
0.000000000000000000e+00
0.000000000000000000e+00
6.635499999999999732e-01
0.000000000000000000e+00
5.768400000000000194e-01
0.000000000000000000e+00
0.000000000000000000e+00
6.588500000000000467e-01
0.000000000000000000e+00
0.000000000000000000e+00
5.671599999999999975e-01
0.000000000000000000e+00
0.000000000000000000e+00
5.989200000000000079e-01
0.000000000000000000e+00
0.000000000000000000e+00
0.000000000000000000e+00
5.778400000000000203e-01
0.000000000000000000e+00
0.000000000000000000e+00
0.000000000000000000e+00
0.000000000000000000e+00
5.381799999999999917e-01
0.000000000000000000e+00
0.000000000000000000e+00
5.592599999999999794e-01
0.000000000000000000e+00
5.854200000000000514e-01
0.000000000000000000e+00
0.000000000000000000e+00
0.000000000000000000e+00
5.584000000000000075e-01
0.000000000000000000e+00
0.000000000000000000e+00
7.039600000000000302e-01
0.000000000000000000e+00
4.738299999999999734e-01
0.000000000000000000e+00
6.528699999999999504e-01
0.000000000000000000e+00
0.000000000000000000e+00
6.426100000000000145e-01
0.000000000000000000e+00
0.000000000000000000e+00
0.000000000000000000e+00
0.000000000000000000e+00
5.773899999999999588e-01
0.000000000000000000e+00
0.000000000000000000e+00
5.727499999999999813e-01
0.000000000000000000e+00
0.000000000000000000e+00
0.000000000000000000e+00
0.000000000000000000e+00
7.131600000000000161e-01
0.000000000000000000e+00
0.000000000000000000e+00
0.000000000000000000e+00
6.421900000000000386e-01
0.000000000000000000e+00
0.000000000000000000e+00
0.000000000000000000e+00
7.849800000000000111e-01
0.000000000000000000e+00
6.015099999999999891e-01
0.000000000000000000e+00
0.000000000000000000e+00
0.000000000000000000e+00
0.000000000000000000e+00
8.635899999999999688e-01
0.000000000000000000e+00
1.107939999999999925e+00
0.000000000000000000e+00
0.000000000000000000e+00
0.000000000000000000e+00
0.000000000000000000e+00
0.000000000000000000e+00
7.128400000000000292e-01
0.000000000000000000e+00
0.000000000000000000e+00
0.000000000000000000e+00
8.230399999999999938e-01
0.000000000000000000e+00
8.709299999999999820e-01
0.000000000000000000e+00
0.000000000000000000e+00
1.072319999999999940e+00
0.000000000000000000e+00
7.566800000000000193e-01
0.000000000000000000e+00
5.650899999999999812e-01
0.000000000000000000e+00
0.000000000000000000e+00
6.955099999999999616e-01
0.000000000000000000e+00
0.000000000000000000e+00
0.000000000000000000e+00
0.000000000000000000e+00
5.845799999999999885e-01
0.000000000000000000e+00
6.145800000000000152e-01
0.000000000000000000e+00
0.000000000000000000e+00
0.000000000000000000e+00
6.207599999999999785e-01
0.000000000000000000e+00
0.000000000000000000e+00
0.000000000000000000e+00
0.000000000000000000e+00
6.237700000000000466e-01
0.000000000000000000e+00
0.000000000000000000e+00
9.544099999999999806e-01
0.000000000000000000e+00
0.000000000000000000e+00
5.777799999999999603e-01
0.000000000000000000e+00
0.000000000000000000e+00
0.000000000000000000e+00
0.000000000000000000e+00
6.161499999999999755e-01
0.000000000000000000e+00
0.000000000000000000e+00
0.000000000000000000e+00
5.121799999999999686e-01
0.000000000000000000e+00
0.000000000000000000e+00
0.000000000000000000e+00
0.000000000000000000e+00
5.530599999999999961e-01
0.000000000000000000e+00
0.000000000000000000e+00
0.000000000000000000e+00
0.000000000000000000e+00
5.032600000000000406e-01
0.000000000000000000e+00
1.324419999999999931e+00
0.000000000000000000e+00
0.000000000000000000e+00
0.000000000000000000e+00
6.545699999999999852e-01
0.000000000000000000e+00
0.000000000000000000e+00
0.000000000000000000e+00
1.148069999999999924e+00
0.000000000000000000e+00
0.000000000000000000e+00
0.000000000000000000e+00
0.000000000000000000e+00
5.560800000000000187e-01
0.000000000000000000e+00
1.045560000000000045e+00
0.000000000000000000e+00
0.000000000000000000e+00
5.106899999999999773e-01
0.000000000000000000e+00
0.000000000000000000e+00
0.000000000000000000e+00
5.288899999999999713e-01
0.000000000000000000e+00
0.000000000000000000e+00
0.000000000000000000e+00
0.000000000000000000e+00
0.000000000000000000e+00
6.221200000000000063e-01
0.000000000000000000e+00
0.000000000000000000e+00
0.000000000000000000e+00
0.000000000000000000e+00
6.798999999999999488e-01
0.000000000000000000e+00
0.000000000000000000e+00
5.222099999999999520e-01
0.000000000000000000e+00
0.000000000000000000e+00
0.000000000000000000e+00
5.681500000000000439e-01
0.000000000000000000e+00
5.537400000000000100e-01
0.000000000000000000e+00
4.909299999999999775e-01
0.000000000000000000e+00
0.000000000000000000e+00
0.000000000000000000e+00
5.329599999999999893e-01
0.000000000000000000e+00
0.000000000000000000e+00
5.413299999999999779e-01
0.000000000000000000e+00
0.000000000000000000e+00
0.000000000000000000e+00
5.848499999999999810e-01
0.000000000000000000e+00
0.000000000000000000e+00
0.000000000000000000e+00
7.677500000000000435e-01
0.000000000000000000e+00
6.396399999999999864e-01
0.000000000000000000e+00
5.801800000000000290e-01
0.000000000000000000e+00
5.545099999999999474e-01
0.000000000000000000e+00
0.000000000000000000e+00
4.569099999999999828e-01
0.000000000000000000e+00
0.000000000000000000e+00
5.657999999999999696e-01
0.000000000000000000e+00
0.000000000000000000e+00
0.000000000000000000e+00
0.000000000000000000e+00
5.724599999999999689e-01
0.000000000000000000e+00
0.000000000000000000e+00
0.000000000000000000e+00
6.028799999999999715e-01
0.000000000000000000e+00
0.000000000000000000e+00
1.210569999999999924e+00
0.000000000000000000e+00
1.357639999999999958e+00
0.000000000000000000e+00
0.000000000000000000e+00
0.000000000000000000e+00
0.000000000000000000e+00
5.638900000000000023e-01
0.000000000000000000e+00
0.000000000000000000e+00
5.776200000000000223e-01
0.000000000000000000e+00
0.000000000000000000e+00
0.000000000000000000e+00
1.064859999999999918e+00
0.000000000000000000e+00
0.000000000000000000e+00
6.116399999999999615e-01
0.000000000000000000e+00
0.000000000000000000e+00
4.858999999999999986e-01
0.000000000000000000e+00
0.000000000000000000e+00
0.000000000000000000e+00
4.799200000000000133e-01
0.000000000000000000e+00
0.000000000000000000e+00
5.782500000000000417e-01
0.000000000000000000e+00
0.000000000000000000e+00
0.000000000000000000e+00
5.690499999999999448e-01
0.000000000000000000e+00
0.000000000000000000e+00
0.000000000000000000e+00
0.000000000000000000e+00
0.000000000000000000e+00
0.000000000000000000e+00
0.000000000000000000e+00
0.000000000000000000e+00
0.000000000000000000e+00
0.000000000000000000e+00
0.000000000000000000e+00
0.000000000000000000e+00
0.000000000000000000e+00
0.000000000000000000e+00
0.000000000000000000e+00
0.000000000000000000e+00
0.000000000000000000e+00
0.000000000000000000e+00
0.000000000000000000e+00
0.000000000000000000e+00
0.000000000000000000e+00
4.804399999999999782e-01
0.000000000000000000e+00
0.000000000000000000e+00
0.000000000000000000e+00
5.364999999999999769e-01
0.000000000000000000e+00
5.226100000000000190e-01
0.000000000000000000e+00
0.000000000000000000e+00
5.923300000000000232e-01
0.000000000000000000e+00
0.000000000000000000e+00
0.000000000000000000e+00
6.257899999999999574e-01
0.000000000000000000e+00
0.000000000000000000e+00
5.334200000000000053e-01
0.000000000000000000e+00
0.000000000000000000e+00
1.009149999999999991e+00
0.000000000000000000e+00
0.000000000000000000e+00
9.669100000000000472e-01
0.000000000000000000e+00
0.000000000000000000e+00
0.000000000000000000e+00
5.490000000000000435e-01
0.000000000000000000e+00
0.000000000000000000e+00
5.692399999999999682e-01
0.000000000000000000e+00
5.424400000000000333e-01
0.000000000000000000e+00
0.000000000000000000e+00
0.000000000000000000e+00
4.755699999999999927e-01
0.000000000000000000e+00
0.000000000000000000e+00
5.252999999999999892e-01
0.000000000000000000e+00
0.000000000000000000e+00
0.000000000000000000e+00
4.968600000000000239e-01
0.000000000000000000e+00
1.177400000000000002e+00
0.000000000000000000e+00
0.000000000000000000e+00
0.000000000000000000e+00
8.356799999999999784e-01
0.000000000000000000e+00
0.000000000000000000e+00
0.000000000000000000e+00
0.000000000000000000e+00
7.943900000000000405e-01
0.000000000000000000e+00
0.000000000000000000e+00
6.781199999999999450e-01
0.000000000000000000e+00
0.000000000000000000e+00
0.000000000000000000e+00
5.371799999999999908e-01
0.000000000000000000e+00
0.000000000000000000e+00
0.000000000000000000e+00
1.287679999999999936e+00
0.000000000000000000e+00
5.253100000000000547e-01
0.000000000000000000e+00
6.260999999999999899e-01
0.000000000000000000e+00
5.334499999999999797e-01
0.000000000000000000e+00
0.000000000000000000e+00
0.000000000000000000e+00
5.645000000000000018e-01
0.000000000000000000e+00
0.000000000000000000e+00
0.000000000000000000e+00
5.145800000000000374e-01
0.000000000000000000e+00
0.000000000000000000e+00
0.000000000000000000e+00
4.831799999999999984e-01
0.000000000000000000e+00
4.787000000000000144e-01
0.000000000000000000e+00
0.000000000000000000e+00
0.000000000000000000e+00
4.488300000000000067e-01
0.000000000000000000e+00
0.000000000000000000e+00
0.000000000000000000e+00
0.000000000000000000e+00
0.000000000000000000e+00
0.000000000000000000e+00
6.717999999999999527e-01
0.000000000000000000e+00
5.390099999999999891e-01
0.000000000000000000e+00
6.328099999999999836e-01
0.000000000000000000e+00
4.933400000000000007e-01
0.000000000000000000e+00
0.000000000000000000e+00
0.000000000000000000e+00
0.000000000000000000e+00
5.778200000000000003e-01
0.000000000000000000e+00
0.000000000000000000e+00
5.455799999999999539e-01
0.000000000000000000e+00
5.040200000000000236e-01
0.000000000000000000e+00
5.710199999999999720e-01
0.000000000000000000e+00
0.000000000000000000e+00
0.000000000000000000e+00
6.655999999999999694e-01
0.000000000000000000e+00
0.000000000000000000e+00
6.617699999999999694e-01
0.000000000000000000e+00
0.000000000000000000e+00
6.413999999999999702e-01
0.000000000000000000e+00
0.000000000000000000e+00
6.618100000000000094e-01
0.000000000000000000e+00
5.857099999999999529e-01
0.000000000000000000e+00
0.000000000000000000e+00
5.817700000000000093e-01
0.000000000000000000e+00
0.000000000000000000e+00
0.000000000000000000e+00
8.296700000000000186e-01
0.000000000000000000e+00
5.926099999999999701e-01
0.000000000000000000e+00
0.000000000000000000e+00
5.400000000000000355e-01
0.000000000000000000e+00
0.000000000000000000e+00
6.787199999999999900e-01
0.000000000000000000e+00
0.000000000000000000e+00
6.020199999999999996e-01
0.000000000000000000e+00
4.926200000000000023e-01
0.000000000000000000e+00
0.000000000000000000e+00
0.000000000000000000e+00
0.000000000000000000e+00
6.408599999999999852e-01
0.000000000000000000e+00
0.000000000000000000e+00
0.000000000000000000e+00
0.000000000000000000e+00
0.000000000000000000e+00
8.721499999999999808e-01
0.000000000000000000e+00
0.000000000000000000e+00
0.000000000000000000e+00
8.874100000000000321e-01
0.000000000000000000e+00
0.000000000000000000e+00
0.000000000000000000e+00
0.000000000000000000e+00
0.000000000000000000e+00
5.078599999999999781e-01
0.000000000000000000e+00
0.000000000000000000e+00
6.700500000000000345e-01
0.000000000000000000e+00
5.783899999999999597e-01
0.000000000000000000e+00
0.000000000000000000e+00
0.000000000000000000e+00
0.000000000000000000e+00
5.335100000000000398e-01
0.000000000000000000e+00
0.000000000000000000e+00
4.365100000000000091e-01
0.000000000000000000e+00
5.587299999999999489e-01
0.000000000000000000e+00
6.539399999999999658e-01
0.000000000000000000e+00
0.000000000000000000e+00
5.202200000000000157e-01
0.000000000000000000e+00
0.000000000000000000e+00
5.100099999999999634e-01
0.000000000000000000e+00
0.000000000000000000e+00
0.000000000000000000e+00
7.267900000000000471e-01
0.000000000000000000e+00
4.991900000000000226e-01
0.000000000000000000e+00
0.000000000000000000e+00
9.419800000000000395e-01
0.000000000000000000e+00
0.000000000000000000e+00
0.000000000000000000e+00
8.621299999999999519e-01
0.000000000000000000e+00
0.000000000000000000e+00
0.000000000000000000e+00
0.000000000000000000e+00
5.319700000000000539e-01
0.000000000000000000e+00
4.926099999999999923e-01
0.000000000000000000e+00
0.000000000000000000e+00
0.000000000000000000e+00
5.676900000000000279e-01
0.000000000000000000e+00
0.000000000000000000e+00
9.728999999999999870e-01
0.000000000000000000e+00
0.000000000000000000e+00
0.000000000000000000e+00
5.770800000000000374e-01
0.000000000000000000e+00
0.000000000000000000e+00
0.000000000000000000e+00
5.334999999999999742e-01
0.000000000000000000e+00
5.777200000000000113e-01
0.000000000000000000e+00
0.000000000000000000e+00
5.899699999999999944e-01
0.000000000000000000e+00
0.000000000000000000e+00
0.000000000000000000e+00
5.829499999999999682e-01
0.000000000000000000e+00
0.000000000000000000e+00
0.000000000000000000e+00
0.000000000000000000e+00
5.380800000000000027e-01
0.000000000000000000e+00
8.164400000000000546e-01
0.000000000000000000e+00
6.799300000000000344e-01
0.000000000000000000e+00
4.761900000000000022e-01
0.000000000000000000e+00
0.000000000000000000e+00
5.134400000000000075e-01
0.000000000000000000e+00
0.000000000000000000e+00
0.000000000000000000e+00
5.714099999999999735e-01
0.000000000000000000e+00
0.000000000000000000e+00
6.041499999999999648e-01
0.000000000000000000e+00
0.000000000000000000e+00
0.000000000000000000e+00
0.000000000000000000e+00
0.000000000000000000e+00
0.000000000000000000e+00
0.000000000000000000e+00
0.000000000000000000e+00
0.000000000000000000e+00
0.000000000000000000e+00
0.000000000000000000e+00
0.000000000000000000e+00
0.000000000000000000e+00
0.000000000000000000e+00
0.000000000000000000e+00
0.000000000000000000e+00
0.000000000000000000e+00
0.000000000000000000e+00
0.000000000000000000e+00
0.000000000000000000e+00
0.000000000000000000e+00
5.273999999999999799e-01
0.000000000000000000e+00
0.000000000000000000e+00
0.000000000000000000e+00
0.000000000000000000e+00
5.270899999999999475e-01
0.000000000000000000e+00
4.864499999999999935e-01
0.000000000000000000e+00
0.000000000000000000e+00
0.000000000000000000e+00
0.000000000000000000e+00
5.092499999999999805e-01
0.000000000000000000e+00
5.427699999999999747e-01
0.000000000000000000e+00
0.000000000000000000e+00
0.000000000000000000e+00
5.353700000000000125e-01
0.000000000000000000e+00
0.000000000000000000e+00
0.000000000000000000e+00
6.562500000000000000e-01
0.000000000000000000e+00
0.000000000000000000e+00
0.000000000000000000e+00
0.000000000000000000e+00
0.000000000000000000e+00
5.410199999999999454e-01
0.000000000000000000e+00
0.000000000000000000e+00
6.260599999999999499e-01
0.000000000000000000e+00
0.000000000000000000e+00
0.000000000000000000e+00
0.000000000000000000e+00
4.856900000000000106e-01
0.000000000000000000e+00
0.000000000000000000e+00
0.000000000000000000e+00
5.069399999999999462e-01
0.000000000000000000e+00
0.000000000000000000e+00
5.198700000000000543e-01
0.000000000000000000e+00
7.437700000000000422e-01
0.000000000000000000e+00
0.000000000000000000e+00
0.000000000000000000e+00
0.000000000000000000e+00
6.895900000000000363e-01
0.000000000000000000e+00
0.000000000000000000e+00
0.000000000000000000e+00
0.000000000000000000e+00
0.000000000000000000e+00
0.000000000000000000e+00
5.048399999999999554e-01
0.000000000000000000e+00
0.000000000000000000e+00
0.000000000000000000e+00
5.455299999999999594e-01
0.000000000000000000e+00
0.000000000000000000e+00
7.378200000000000314e-01
0.000000000000000000e+00
0.000000000000000000e+00
5.606900000000000217e-01
0.000000000000000000e+00
0.000000000000000000e+00
0.000000000000000000e+00
0.000000000000000000e+00
0.000000000000000000e+00
7.543999999999999595e-01
0.000000000000000000e+00
0.000000000000000000e+00
6.017299999999999871e-01
0.000000000000000000e+00
0.000000000000000000e+00
6.071100000000000385e-01
0.000000000000000000e+00
0.000000000000000000e+00
0.000000000000000000e+00
6.780800000000000161e-01
0.000000000000000000e+00
5.225600000000000245e-01
0.000000000000000000e+00
8.216700000000000115e-01
0.000000000000000000e+00
6.187000000000000277e-01
0.000000000000000000e+00
0.000000000000000000e+00
0.000000000000000000e+00
0.000000000000000000e+00
7.133199999999999541e-01
0.000000000000000000e+00
5.046699999999999520e-01
0.000000000000000000e+00
0.000000000000000000e+00
0.000000000000000000e+00
5.187599999999999989e-01
0.000000000000000000e+00
0.000000000000000000e+00
5.059500000000000108e-01
0.000000000000000000e+00
0.000000000000000000e+00
5.384900000000000242e-01
0.000000000000000000e+00
0.000000000000000000e+00
0.000000000000000000e+00
5.313200000000000145e-01
0.000000000000000000e+00
0.000000000000000000e+00
0.000000000000000000e+00
0.000000000000000000e+00
0.000000000000000000e+00
9.504299999999999971e-01
0.000000000000000000e+00
0.000000000000000000e+00
0.000000000000000000e+00
9.355400000000000382e-01
0.000000000000000000e+00
5.330899999999999528e-01
0.000000000000000000e+00
0.000000000000000000e+00
5.053900000000000059e-01
0.000000000000000000e+00
0.000000000000000000e+00
0.000000000000000000e+00
0.000000000000000000e+00
0.000000000000000000e+00
5.465900000000000203e-01
0.000000000000000000e+00
0.000000000000000000e+00
5.347699999999999676e-01
0.000000000000000000e+00
0.000000000000000000e+00
0.000000000000000000e+00
5.759300000000000530e-01
0.000000000000000000e+00
0.000000000000000000e+00
0.000000000000000000e+00
0.000000000000000000e+00
4.298199999999999799e-01
0.000000000000000000e+00
5.834399999999999586e-01
0.000000000000000000e+00
0.000000000000000000e+00
7.092500000000000471e-01
0.000000000000000000e+00
0.000000000000000000e+00
0.000000000000000000e+00
0.000000000000000000e+00
5.650600000000000067e-01
0.000000000000000000e+00
0.000000000000000000e+00
0.000000000000000000e+00
0.000000000000000000e+00
0.000000000000000000e+00
0.000000000000000000e+00
0.000000000000000000e+00
5.241400000000000503e-01
0.000000000000000000e+00
6.366300000000000292e-01
0.000000000000000000e+00
5.532299999999999995e-01
0.000000000000000000e+00
5.283900000000000263e-01
0.000000000000000000e+00
9.368999999999999551e-01
0.000000000000000000e+00
0.000000000000000000e+00
6.742500000000000160e-01
0.000000000000000000e+00
0.000000000000000000e+00
0.000000000000000000e+00
0.000000000000000000e+00
0.000000000000000000e+00
6.842000000000000304e-01
0.000000000000000000e+00
6.172199999999999909e-01
0.000000000000000000e+00
4.868100000000000205e-01
0.000000000000000000e+00
0.000000000000000000e+00
0.000000000000000000e+00
6.294600000000000195e-01
0.000000000000000000e+00
5.320200000000000484e-01
0.000000000000000000e+00
0.000000000000000000e+00
0.000000000000000000e+00
5.511899999999999578e-01
0.000000000000000000e+00
6.997499999999999831e-01
0.000000000000000000e+00
0.000000000000000000e+00
0.000000000000000000e+00
0.000000000000000000e+00
4.804100000000000037e-01
0.000000000000000000e+00
0.000000000000000000e+00
0.000000000000000000e+00
0.000000000000000000e+00
0.000000000000000000e+00
0.000000000000000000e+00
1.080009999999999915e+00
0.000000000000000000e+00
0.000000000000000000e+00
0.000000000000000000e+00
6.514299999999999535e-01
0.000000000000000000e+00
0.000000000000000000e+00
6.348200000000000509e-01
0.000000000000000000e+00
0.000000000000000000e+00
0.000000000000000000e+00
6.017900000000000471e-01
0.000000000000000000e+00
0.000000000000000000e+00
5.429899999999999727e-01
0.000000000000000000e+00
0.000000000000000000e+00
0.000000000000000000e+00
0.000000000000000000e+00
0.000000000000000000e+00
5.132600000000000495e-01
0.000000000000000000e+00
5.752099999999999991e-01
0.000000000000000000e+00
0.000000000000000000e+00
5.496199999999999974e-01
0.000000000000000000e+00
0.000000000000000000e+00
0.000000000000000000e+00
0.000000000000000000e+00
5.049200000000000355e-01
0.000000000000000000e+00
0.000000000000000000e+00
0.000000000000000000e+00
0.000000000000000000e+00
5.396199999999999886e-01
0.000000000000000000e+00
0.000000000000000000e+00
8.967800000000000216e-01
0.000000000000000000e+00
9.453899999999999526e-01
0.000000000000000000e+00
5.987000000000000099e-01
0.000000000000000000e+00
4.824100000000000055e-01
0.000000000000000000e+00
7.847899999999999876e-01
0.000000000000000000e+00
0.000000000000000000e+00
4.841199999999999948e-01
0.000000000000000000e+00
0.000000000000000000e+00
7.190699999999999870e-01
0.000000000000000000e+00
0.000000000000000000e+00
4.707799999999999763e-01
0.000000000000000000e+00
0.000000000000000000e+00
6.257700000000000484e-01
0.000000000000000000e+00
0.000000000000000000e+00
0.000000000000000000e+00
5.946299999999999919e-01
0.000000000000000000e+00
7.427700000000000413e-01
0.000000000000000000e+00
0.000000000000000000e+00
5.652800000000000047e-01
0.000000000000000000e+00
0.000000000000000000e+00
5.074400000000000022e-01
0.000000000000000000e+00
0.000000000000000000e+00
0.000000000000000000e+00
0.000000000000000000e+00
4.907900000000000040e-01
0.000000000000000000e+00
0.000000000000000000e+00
0.000000000000000000e+00
0.000000000000000000e+00
0.000000000000000000e+00
0.000000000000000000e+00
0.000000000000000000e+00
0.000000000000000000e+00
0.000000000000000000e+00
0.000000000000000000e+00
0.000000000000000000e+00
0.000000000000000000e+00
0.000000000000000000e+00
0.000000000000000000e+00
0.000000000000000000e+00
0.000000000000000000e+00
0.000000000000000000e+00
0.000000000000000000e+00
0.000000000000000000e+00
0.000000000000000000e+00
0.000000000000000000e+00
0.000000000000000000e+00
0.000000000000000000e+00
1.152339999999999920e+00
0.000000000000000000e+00
0.000000000000000000e+00
5.485100000000000531e-01
0.000000000000000000e+00
0.000000000000000000e+00
9.258999999999999453e-01
0.000000000000000000e+00
0.000000000000000000e+00
0.000000000000000000e+00
7.759200000000000541e-01
0.000000000000000000e+00
0.000000000000000000e+00
0.000000000000000000e+00
0.000000000000000000e+00
5.063999999999999613e-01
0.000000000000000000e+00
0.000000000000000000e+00
5.686999999999999833e-01
0.000000000000000000e+00
0.000000000000000000e+00
0.000000000000000000e+00
5.138800000000000034e-01
0.000000000000000000e+00
0.000000000000000000e+00
0.000000000000000000e+00
5.867900000000000338e-01
0.000000000000000000e+00
0.000000000000000000e+00
7.830599999999999783e-01
0.000000000000000000e+00
5.248000000000000442e-01
0.000000000000000000e+00
1.038939999999999975e+00
0.000000000000000000e+00
0.000000000000000000e+00
0.000000000000000000e+00
8.744199999999999751e-01
0.000000000000000000e+00
5.073299999999999477e-01
0.000000000000000000e+00
0.000000000000000000e+00
0.000000000000000000e+00
0.000000000000000000e+00
6.333699999999999886e-01
0.000000000000000000e+00
0.000000000000000000e+00
0.000000000000000000e+00
0.000000000000000000e+00
6.516999999999999460e-01
0.000000000000000000e+00
0.000000000000000000e+00
5.846999999999999975e-01
0.000000000000000000e+00
5.824300000000000033e-01
0.000000000000000000e+00
5.889799999999999480e-01
0.000000000000000000e+00
0.000000000000000000e+00
0.000000000000000000e+00
0.000000000000000000e+00
5.857900000000000329e-01
0.000000000000000000e+00
0.000000000000000000e+00
5.822899999999999743e-01
0.000000000000000000e+00
0.000000000000000000e+00
7.750200000000000422e-01
0.000000000000000000e+00
0.000000000000000000e+00
7.075099999999999723e-01
0.000000000000000000e+00
0.000000000000000000e+00
5.012999999999999678e-01
0.000000000000000000e+00
0.000000000000000000e+00
5.798699999999999966e-01
0.000000000000000000e+00
0.000000000000000000e+00
0.000000000000000000e+00
0.000000000000000000e+00
0.000000000000000000e+00
0.000000000000000000e+00
5.295299999999999452e-01
0.000000000000000000e+00
0.000000000000000000e+00
0.000000000000000000e+00
0.000000000000000000e+00
5.037500000000000311e-01
0.000000000000000000e+00
0.000000000000000000e+00
0.000000000000000000e+00
6.617899999999999894e-01
0.000000000000000000e+00
0.000000000000000000e+00
5.730600000000000138e-01
0.000000000000000000e+00
6.515300000000000535e-01
0.000000000000000000e+00
0.000000000000000000e+00
1.086470000000000047e+00
0.000000000000000000e+00
0.000000000000000000e+00
5.409000000000000474e-01
0.000000000000000000e+00
0.000000000000000000e+00
0.000000000000000000e+00
0.000000000000000000e+00
0.000000000000000000e+00
5.513500000000000068e-01
0.000000000000000000e+00
9.958900000000000530e-01
0.000000000000000000e+00
5.664700000000000291e-01
0.000000000000000000e+00
5.670100000000000140e-01
0.000000000000000000e+00
0.000000000000000000e+00
4.363699999999999801e-01
0.000000000000000000e+00
0.000000000000000000e+00
5.023600000000000287e-01
0.000000000000000000e+00
0.000000000000000000e+00
7.710500000000000131e-01
0.000000000000000000e+00
0.000000000000000000e+00
0.000000000000000000e+00
0.000000000000000000e+00
7.214000000000000412e-01
0.000000000000000000e+00
0.000000000000000000e+00
0.000000000000000000e+00
9.094299999999999606e-01
0.000000000000000000e+00
7.319499999999999895e-01
0.000000000000000000e+00
0.000000000000000000e+00
0.000000000000000000e+00
5.253999999999999782e-01
0.000000000000000000e+00
7.532499999999999751e-01
0.000000000000000000e+00
0.000000000000000000e+00
0.000000000000000000e+00
5.191799999999999748e-01
0.000000000000000000e+00
5.316600000000000215e-01
0.000000000000000000e+00
0.000000000000000000e+00
0.000000000000000000e+00
0.000000000000000000e+00
0.000000000000000000e+00
5.346999999999999531e-01
0.000000000000000000e+00
4.977800000000000002e-01
0.000000000000000000e+00
0.000000000000000000e+00
0.000000000000000000e+00
5.384999999999999787e-01
0.000000000000000000e+00
5.020299999999999763e-01
0.000000000000000000e+00
0.000000000000000000e+00
0.000000000000000000e+00
0.000000000000000000e+00
0.000000000000000000e+00
0.000000000000000000e+00
6.184399999999999897e-01
0.000000000000000000e+00
0.000000000000000000e+00
0.000000000000000000e+00
8.920799999999999841e-01
0.000000000000000000e+00
0.000000000000000000e+00
0.000000000000000000e+00
5.011799999999999589e-01
0.000000000000000000e+00
0.000000000000000000e+00
5.713700000000000445e-01
0.000000000000000000e+00
0.000000000000000000e+00
7.823099999999999499e-01
0.000000000000000000e+00
5.320799999999999974e-01
0.000000000000000000e+00
0.000000000000000000e+00
4.194800000000000195e-01
0.000000000000000000e+00
0.000000000000000000e+00
0.000000000000000000e+00
0.000000000000000000e+00
4.797600000000000198e-01
0.000000000000000000e+00
5.836200000000000276e-01
0.000000000000000000e+00
0.000000000000000000e+00
0.000000000000000000e+00
0.000000000000000000e+00
5.563900000000000512e-01
0.000000000000000000e+00
0.000000000000000000e+00
0.000000000000000000e+00
5.483599999999999586e-01
0.000000000000000000e+00
5.369399999999999729e-01
0.000000000000000000e+00
0.000000000000000000e+00
0.000000000000000000e+00
0.000000000000000000e+00
5.064199999999999813e-01
0.000000000000000000e+00
0.000000000000000000e+00
0.000000000000000000e+00
0.000000000000000000e+00
0.000000000000000000e+00
5.294900000000000162e-01
0.000000000000000000e+00
0.000000000000000000e+00
0.000000000000000000e+00
0.000000000000000000e+00
4.118600000000000039e-01
0.000000000000000000e+00
0.000000000000000000e+00
5.425900000000000167e-01
0.000000000000000000e+00
4.895900000000000252e-01
0.000000000000000000e+00
0.000000000000000000e+00
3.765299999999999758e-01
0.000000000000000000e+00
0.000000000000000000e+00
4.943899999999999961e-01
0.000000000000000000e+00
0.000000000000000000e+00
0.000000000000000000e+00
0.000000000000000000e+00
6.076099999999999834e-01
0.000000000000000000e+00
5.688499999999999668e-01
0.000000000000000000e+00
0.000000000000000000e+00
4.981499999999999817e-01
0.000000000000000000e+00
0.000000000000000000e+00
4.835699999999999998e-01
0.000000000000000000e+00
0.000000000000000000e+00
0.000000000000000000e+00
5.008299999999999974e-01
0.000000000000000000e+00
5.259599999999999831e-01
0.000000000000000000e+00
0.000000000000000000e+00
5.714200000000000390e-01
0.000000000000000000e+00
5.238899999999999668e-01
0.000000000000000000e+00
4.652700000000000169e-01
0.000000000000000000e+00
4.779300000000000215e-01
0.000000000000000000e+00
0.000000000000000000e+00
0.000000000000000000e+00
0.000000000000000000e+00
7.308400000000000452e-01
0.000000000000000000e+00
0.000000000000000000e+00
6.916900000000000270e-01
0.000000000000000000e+00
0.000000000000000000e+00
0.000000000000000000e+00
0.000000000000000000e+00
0.000000000000000000e+00
0.000000000000000000e+00
0.000000000000000000e+00
0.000000000000000000e+00
0.000000000000000000e+00
0.000000000000000000e+00
0.000000000000000000e+00
0.000000000000000000e+00
0.000000000000000000e+00
