0.000000000000000000e+00
0.000000000000000000e+00
0.000000000000000000e+00
0.000000000000000000e+00
0.000000000000000000e+00
0.000000000000000000e+00
0.000000000000000000e+00
0.000000000000000000e+00
0.000000000000000000e+00
0.000000000000000000e+00
1.025709999999999900e+00
0.000000000000000000e+00
0.000000000000000000e+00
6.893799999999999928e-01
0.000000000000000000e+00
0.000000000000000000e+00
0.000000000000000000e+00
0.000000000000000000e+00
6.386500000000000510e-01
0.000000000000000000e+00
0.000000000000000000e+00
0.000000000000000000e+00
0.000000000000000000e+00
7.755300000000000527e-01
0.000000000000000000e+00
5.556499999999999773e-01
0.000000000000000000e+00
5.301599999999999646e-01
0.000000000000000000e+00
0.000000000000000000e+00
0.000000000000000000e+00
6.457500000000000462e-01
0.000000000000000000e+00
0.000000000000000000e+00
5.891999999999999460e-01
0.000000000000000000e+00
0.000000000000000000e+00
0.000000000000000000e+00
0.000000000000000000e+00
0.000000000000000000e+00
7.040699999999999736e-01
0.000000000000000000e+00
0.000000000000000000e+00
0.000000000000000000e+00
6.656499999999999639e-01
0.000000000000000000e+00
0.000000000000000000e+00
5.498899999999999899e-01
0.000000000000000000e+00
0.000000000000000000e+00
0.000000000000000000e+00
0.000000000000000000e+00
6.189599999999999547e-01
0.000000000000000000e+00
0.000000000000000000e+00
0.000000000000000000e+00
5.385100000000000442e-01
0.000000000000000000e+00
0.000000000000000000e+00
5.247399999999999842e-01
0.000000000000000000e+00
5.072699999999999987e-01
0.000000000000000000e+00
0.000000000000000000e+00
0.000000000000000000e+00
5.657999999999999696e-01
0.000000000000000000e+00
1.150160000000000071e+00
0.000000000000000000e+00
5.963199999999999612e-01
0.000000000000000000e+00
0.000000000000000000e+00
0.000000000000000000e+00
5.492399999999999505e-01
0.000000000000000000e+00
0.000000000000000000e+00
0.000000000000000000e+00
7.346399999999999597e-01
0.000000000000000000e+00
0.000000000000000000e+00
6.074600000000000000e-01
0.000000000000000000e+00
0.000000000000000000e+00
6.750800000000000134e-01
0.000000000000000000e+00
0.000000000000000000e+00
0.000000000000000000e+00
5.820300000000000473e-01
0.000000000000000000e+00
0.000000000000000000e+00
0.000000000000000000e+00
0.000000000000000000e+00
5.632099999999999884e-01
0.000000000000000000e+00
7.017600000000000504e-01
0.000000000000000000e+00
5.952499999999999458e-01
0.000000000000000000e+00
4.559199999999999919e-01
0.000000000000000000e+00
0.000000000000000000e+00
5.326199999999999823e-01
0.000000000000000000e+00
0.000000000000000000e+00
0.000000000000000000e+00
0.000000000000000000e+00
0.000000000000000000e+00
6.138700000000000268e-01
0.000000000000000000e+00
0.000000000000000000e+00
5.715799999999999770e-01
0.000000000000000000e+00
5.252200000000000202e-01
0.000000000000000000e+00
0.000000000000000000e+00
0.000000000000000000e+00
0.000000000000000000e+00
1.106419999999999959e+00
0.000000000000000000e+00
0.000000000000000000e+00
0.000000000000000000e+00
0.000000000000000000e+00
0.000000000000000000e+00
5.828499999999999792e-01
0.000000000000000000e+00
0.000000000000000000e+00
0.000000000000000000e+00
5.903800000000000159e-01
0.000000000000000000e+00
0.000000000000000000e+00
0.000000000000000000e+00
5.954700000000000548e-01
0.000000000000000000e+00
0.000000000000000000e+00
0.000000000000000000e+00
8.974400000000000155e-01
0.000000000000000000e+00
0.000000000000000000e+00
0.000000000000000000e+00
5.408399999999999874e-01
0.000000000000000000e+00
0.000000000000000000e+00
0.000000000000000000e+00
0.000000000000000000e+00
5.704700000000000326e-01
0.000000000000000000e+00
0.000000000000000000e+00
0.000000000000000000e+00
0.000000000000000000e+00
6.262100000000000444e-01
0.000000000000000000e+00
0.000000000000000000e+00
0.000000000000000000e+00
6.001900000000000013e-01
0.000000000000000000e+00
0.000000000000000000e+00
5.748799999999999466e-01
0.000000000000000000e+00
1.112239999999999895e+00
0.000000000000000000e+00
0.000000000000000000e+00
0.000000000000000000e+00
5.197500000000000453e-01
0.000000000000000000e+00
5.536400000000000210e-01
0.000000000000000000e+00
0.000000000000000000e+00
5.333400000000000363e-01
0.000000000000000000e+00
0.000000000000000000e+00
0.000000000000000000e+00
0.000000000000000000e+00
0.000000000000000000e+00
1.431550000000000100e+00
0.000000000000000000e+00
0.000000000000000000e+00
5.995700000000000474e-01
0.000000000000000000e+00
5.756700000000000150e-01
0.000000000000000000e+00
5.251299999999999857e-01
0.000000000000000000e+00
5.431700000000000417e-01
0.000000000000000000e+00
0.000000000000000000e+00
5.650899999999999812e-01
0.000000000000000000e+00
0.000000000000000000e+00
0.000000000000000000e+00
4.816500000000000226e-01
0.000000000000000000e+00
6.031100000000000350e-01
0.000000000000000000e+00
0.000000000000000000e+00
5.660300000000000331e-01
0.000000000000000000e+00
6.505300000000000527e-01
0.000000000000000000e+00
5.284999999999999698e-01
0.000000000000000000e+00
6.486800000000000344e-01
0.000000000000000000e+00
0.000000000000000000e+00
0.000000000000000000e+00
1.337309999999999999e+00
0.000000000000000000e+00
0.000000000000000000e+00
0.000000000000000000e+00
0.000000000000000000e+00
0.000000000000000000e+00
5.512200000000000433e-01
0.000000000000000000e+00
0.000000000000000000e+00
0.000000000000000000e+00
1.135659999999999892e+00
0.000000000000000000e+00
0.000000000000000000e+00
6.381299999999999750e-01
0.000000000000000000e+00
0.000000000000000000e+00
5.709800000000000431e-01
0.000000000000000000e+00
0.000000000000000000e+00
0.000000000000000000e+00
1.130419999999999980e+00
0.000000000000000000e+00
0.000000000000000000e+00
0.000000000000000000e+00
0.000000000000000000e+00
1.126589999999999980e+00
0.000000000000000000e+00
0.000000000000000000e+00
0.000000000000000000e+00
4.996099999999999985e-01
0.000000000000000000e+00
6.297000000000000375e-01
0.000000000000000000e+00
6.906600000000000517e-01
0.000000000000000000e+00
6.206800000000000095e-01
0.000000000000000000e+00
0.000000000000000000e+00
0.000000000000000000e+00
0.000000000000000000e+00
5.989999999999999769e-01
0.000000000000000000e+00
7.040300000000000447e-01
0.000000000000000000e+00
0.000000000000000000e+00
7.529099999999999682e-01
0.000000000000000000e+00
0.000000000000000000e+00
0.000000000000000000e+00
0.000000000000000000e+00
0.000000000000000000e+00
5.350599999999999801e-01
0.000000000000000000e+00
0.000000000000000000e+00
6.043500000000000538e-01
0.000000000000000000e+00
5.532399999999999540e-01
0.000000000000000000e+00
0.000000000000000000e+00
0.000000000000000000e+00
5.303600000000000536e-01
0.000000000000000000e+00
0.000000000000000000e+00
0.000000000000000000e+00
1.325639999999999930e+00
0.000000000000000000e+00
0.000000000000000000e+00
6.134699999999999598e-01
0.000000000000000000e+00
5.448899999999999855e-01
0.000000000000000000e+00
0.000000000000000000e+00
6.827100000000000390e-01
0.000000000000000000e+00
0.000000000000000000e+00
1.269570000000000087e+00
0.000000000000000000e+00
0.000000000000000000e+00
0.000000000000000000e+00
0.000000000000000000e+00
0.000000000000000000e+00
0.000000000000000000e+00
0.000000000000000000e+00
0.000000000000000000e+00
0.000000000000000000e+00
0.000000000000000000e+00
0.000000000000000000e+00
0.000000000000000000e+00
0.000000000000000000e+00
0.000000000000000000e+00
0.000000000000000000e+00
0.000000000000000000e+00
0.000000000000000000e+00
0.000000000000000000e+00
0.000000000000000000e+00
0.000000000000000000e+00
0.000000000000000000e+00
0.000000000000000000e+00
0.000000000000000000e+00
6.940699999999999648e-01
0.000000000000000000e+00
0.000000000000000000e+00
0.000000000000000000e+00
8.299299999999999455e-01
0.000000000000000000e+00
0.000000000000000000e+00
6.282400000000000206e-01
0.000000000000000000e+00
0.000000000000000000e+00
0.000000000000000000e+00
6.716699999999999893e-01
0.000000000000000000e+00
0.000000000000000000e+00
0.000000000000000000e+00
6.257800000000000029e-01
0.000000000000000000e+00
0.000000000000000000e+00
0.000000000000000000e+00
0.000000000000000000e+00
5.113299999999999512e-01
0.000000000000000000e+00
0.000000000000000000e+00
5.151900000000000368e-01
0.000000000000000000e+00
0.000000000000000000e+00
0.000000000000000000e+00
0.000000000000000000e+00
0.000000000000000000e+00
6.883500000000000174e-01
0.000000000000000000e+00
6.008200000000000207e-01
0.000000000000000000e+00
0.000000000000000000e+00
0.000000000000000000e+00
5.972300000000000386e-01
0.000000000000000000e+00
0.000000000000000000e+00
0.000000000000000000e+00
6.202299999999999480e-01
0.000000000000000000e+00
0.000000000000000000e+00
6.467300000000000271e-01
0.000000000000000000e+00
0.000000000000000000e+00
0.000000000000000000e+00
0.000000000000000000e+00
6.955200000000000271e-01
0.000000000000000000e+00
0.000000000000000000e+00
0.000000000000000000e+00
0.000000000000000000e+00
9.073400000000000354e-01
0.000000000000000000e+00
6.299799999999999844e-01
0.000000000000000000e+00
0.000000000000000000e+00
0.000000000000000000e+00
0.000000000000000000e+00
0.000000000000000000e+00
0.000000000000000000e+00
8.263000000000000345e-01
0.000000000000000000e+00
0.000000000000000000e+00
6.531700000000000284e-01
0.000000000000000000e+00
0.000000000000000000e+00
0.000000000000000000e+00
5.986500000000000155e-01
0.000000000000000000e+00
0.000000000000000000e+00
0.000000000000000000e+00
0.000000000000000000e+00
9.365799999999999681e-01
0.000000000000000000e+00
0.000000000000000000e+00
0.000000000000000000e+00
9.095999999999999641e-01
0.000000000000000000e+00
0.000000000000000000e+00
0.000000000000000000e+00
0.000000000000000000e+00
6.312699999999999978e-01
0.000000000000000000e+00
0.000000000000000000e+00
6.074100000000000055e-01
0.000000000000000000e+00
0.000000000000000000e+00
0.000000000000000000e+00
0.000000000000000000e+00
7.505699999999999594e-01
0.000000000000000000e+00
0.000000000000000000e+00
0.000000000000000000e+00
0.000000000000000000e+00
6.635799999999999477e-01
0.000000000000000000e+00
0.000000000000000000e+00
1.254350000000000076e+00
0.000000000000000000e+00
0.000000000000000000e+00
0.000000000000000000e+00
7.238400000000000389e-01
0.000000000000000000e+00
6.560500000000000220e-01
0.000000000000000000e+00
0.000000000000000000e+00
7.112800000000000233e-01
0.000000000000000000e+00
0.000000000000000000e+00
5.661699999999999511e-01
0.000000000000000000e+00
0.000000000000000000e+00
0.000000000000000000e+00
6.707400000000000029e-01
0.000000000000000000e+00
1.005290000000000017e+00
0.000000000000000000e+00
0.000000000000000000e+00
7.163899999999999713e-01
0.000000000000000000e+00
9.522399999999999753e-01
0.000000000000000000e+00
0.000000000000000000e+00
9.197999999999999510e-01
0.000000000000000000e+00
0.000000000000000000e+00
0.000000000000000000e+00
0.000000000000000000e+00
1.118940000000000046e+00
0.000000000000000000e+00
0.000000000000000000e+00
0.000000000000000000e+00
0.000000000000000000e+00
0.000000000000000000e+00
7.603600000000000358e-01
0.000000000000000000e+00
0.000000000000000000e+00
0.000000000000000000e+00
7.406500000000000306e-01
0.000000000000000000e+00
0.000000000000000000e+00
6.643499999999999961e-01
0.000000000000000000e+00
6.509000000000000341e-01
0.000000000000000000e+00
0.000000000000000000e+00
0.000000000000000000e+00
1.111080000000000068e+00
0.000000000000000000e+00
0.000000000000000000e+00
1.192779999999999951e+00
0.000000000000000000e+00
0.000000000000000000e+00
6.855999999999999872e-01
0.000000000000000000e+00
0.000000000000000000e+00
0.000000000000000000e+00
0.000000000000000000e+00
0.000000000000000000e+00
0.000000000000000000e+00
0.000000000000000000e+00
7.147200000000000220e-01
0.000000000000000000e+00
0.000000000000000000e+00
6.056899999999999507e-01
0.000000000000000000e+00
0.000000000000000000e+00
0.000000000000000000e+00
6.376199999999999646e-01
0.000000000000000000e+00
0.000000000000000000e+00
6.413999999999999702e-01
0.000000000000000000e+00
0.000000000000000000e+00
0.000000000000000000e+00
0.000000000000000000e+00
6.068400000000000460e-01
0.000000000000000000e+00
6.877499999999999725e-01
0.000000000000000000e+00
0.000000000000000000e+00
7.442499999999999671e-01
0.000000000000000000e+00
0.000000000000000000e+00
7.355899999999999661e-01
0.000000000000000000e+00
0.000000000000000000e+00
0.000000000000000000e+00
0.000000000000000000e+00
6.937799999999999523e-01
0.000000000000000000e+00
0.000000000000000000e+00
0.000000000000000000e+00
0.000000000000000000e+00
0.000000000000000000e+00
0.000000000000000000e+00
6.646900000000000031e-01
0.000000000000000000e+00
0.000000000000000000e+00
6.611799999999999899e-01
0.000000000000000000e+00
1.224769999999999914e+00
0.000000000000000000e+00
0.000000000000000000e+00
5.630500000000000504e-01
0.000000000000000000e+00
0.000000000000000000e+00
0.000000000000000000e+00
5.972100000000000186e-01
0.000000000000000000e+00
0.000000000000000000e+00
0.000000000000000000e+00
0.000000000000000000e+00
0.000000000000000000e+00
0.000000000000000000e+00
6.463499999999999801e-01
0.000000000000000000e+00
6.885499999999999954e-01
0.000000000000000000e+00
0.000000000000000000e+00
0.000000000000000000e+00
0.000000000000000000e+00
6.072999999999999510e-01
0.000000000000000000e+00
0.000000000000000000e+00
5.530599999999999961e-01
0.000000000000000000e+00
0.000000000000000000e+00
0.000000000000000000e+00
0.000000000000000000e+00
6.073899999999999855e-01
0.000000000000000000e+00
1.163019999999999943e+00
0.000000000000000000e+00
0.000000000000000000e+00
0.000000000000000000e+00
6.621000000000000218e-01
0.000000000000000000e+00
0.000000000000000000e+00
9.824300000000000255e-01
0.000000000000000000e+00
0.000000000000000000e+00
0.000000000000000000e+00
7.781400000000000539e-01
0.000000000000000000e+00
0.000000000000000000e+00
0.000000000000000000e+00
6.405800000000000383e-01
0.000000000000000000e+00
0.000000000000000000e+00
0.000000000000000000e+00
6.065599999999999881e-01
0.000000000000000000e+00
7.552799999999999514e-01
0.000000000000000000e+00
0.000000000000000000e+00
0.000000000000000000e+00
6.313499999999999668e-01
0.000000000000000000e+00
0.000000000000000000e+00
6.555299999999999461e-01
0.000000000000000000e+00
0.000000000000000000e+00
0.000000000000000000e+00
0.000000000000000000e+00
6.284499999999999531e-01
0.000000000000000000e+00
0.000000000000000000e+00
0.000000000000000000e+00
0.000000000000000000e+00
6.324300000000000477e-01
0.000000000000000000e+00
0.000000000000000000e+00
0.000000000000000000e+00
4.993799999999999906e-01
0.000000000000000000e+00
0.000000000000000000e+00
6.108299999999999841e-01
0.000000000000000000e+00
0.000000000000000000e+00
5.775099999999999678e-01
0.000000000000000000e+00
0.000000000000000000e+00
0.000000000000000000e+00
0.000000000000000000e+00
8.130100000000000104e-01
0.000000000000000000e+00
6.139999999999999902e-01
0.000000000000000000e+00
7.543699999999999850e-01
0.000000000000000000e+00
9.345499999999999918e-01
0.000000000000000000e+00
0.000000000000000000e+00
0.000000000000000000e+00
0.000000000000000000e+00
5.276100000000000234e-01
0.000000000000000000e+00
0.000000000000000000e+00
0.000000000000000000e+00
0.000000000000000000e+00
0.000000000000000000e+00
0.000000000000000000e+00
0.000000000000000000e+00
0.000000000000000000e+00
0.000000000000000000e+00
0.000000000000000000e+00
0.000000000000000000e+00
0.000000000000000000e+00
0.000000000000000000e+00
0.000000000000000000e+00
0.000000000000000000e+00
0.000000000000000000e+00
0.000000000000000000e+00
0.000000000000000000e+00
0.000000000000000000e+00
0.000000000000000000e+00
0.000000000000000000e+00
7.453699999999999770e-01
0.000000000000000000e+00
0.000000000000000000e+00
0.000000000000000000e+00
0.000000000000000000e+00
7.574300000000000477e-01
0.000000000000000000e+00
0.000000000000000000e+00
0.000000000000000000e+00
5.172900000000000276e-01
0.000000000000000000e+00
5.584000000000000075e-01
0.000000000000000000e+00
0.000000000000000000e+00
0.000000000000000000e+00
0.000000000000000000e+00
7.028799999999999493e-01
0.000000000000000000e+00
0.000000000000000000e+00
5.605200000000000182e-01
0.000000000000000000e+00
9.168899999999999828e-01
0.000000000000000000e+00
9.147199999999999775e-01
0.000000000000000000e+00
5.726599999999999469e-01
0.000000000000000000e+00
0.000000000000000000e+00
0.000000000000000000e+00
0.000000000000000000e+00
6.905400000000000427e-01
0.000000000000000000e+00
3.151499999999999857e-01
0.000000000000000000e+00
5.438100000000000156e-01
0.000000000000000000e+00
7.148600000000000509e-01
0.000000000000000000e+00
0.000000000000000000e+00
0.000000000000000000e+00
6.058400000000000452e-01
0.000000000000000000e+00
0.000000000000000000e+00
5.862199999999999633e-01
0.000000000000000000e+00
0.000000000000000000e+00
0.000000000000000000e+00
1.063160000000000105e+00
0.000000000000000000e+00
0.000000000000000000e+00
5.345199999999999951e-01
0.000000000000000000e+00
0.000000000000000000e+00
0.000000000000000000e+00
9.774699999999999500e-01
0.000000000000000000e+00
0.000000000000000000e+00
0.000000000000000000e+00
6.011300000000000532e-01
0.000000000000000000e+00
0.000000000000000000e+00
5.155300000000000438e-01
0.000000000000000000e+00
7.831399999999999473e-01
0.000000000000000000e+00
0.000000000000000000e+00
5.157699999999999507e-01
0.000000000000000000e+00
0.000000000000000000e+00
0.000000000000000000e+00
0.000000000000000000e+00
7.947199999999999820e-01
0.000000000000000000e+00
6.114199999999999635e-01
0.000000000000000000e+00
0.000000000000000000e+00
1.542280000000000095e+00
0.000000000000000000e+00
7.131899999999999906e-01
0.000000000000000000e+00
0.000000000000000000e+00
0.000000000000000000e+00
6.405999999999999472e-01
0.000000000000000000e+00
0.000000000000000000e+00
0.000000000000000000e+00
0.000000000000000000e+00
7.395000000000000462e-01
0.000000000000000000e+00
5.879900000000000126e-01
0.000000000000000000e+00
0.000000000000000000e+00
0.000000000000000000e+00
0.000000000000000000e+00
6.505499999999999616e-01
0.000000000000000000e+00
0.000000000000000000e+00
0.000000000000000000e+00
9.706099999999999728e-01
0.000000000000000000e+00
0.000000000000000000e+00
5.932899999999999840e-01
0.000000000000000000e+00
5.320000000000000284e-01
0.000000000000000000e+00
0.000000000000000000e+00
0.000000000000000000e+00
0.000000000000000000e+00
0.000000000000000000e+00
0.000000000000000000e+00
5.698699999999999877e-01
0.000000000000000000e+00
5.814700000000000424e-01
0.000000000000000000e+00
0.000000000000000000e+00
5.406600000000000295e-01
0.000000000000000000e+00
6.681500000000000217e-01
0.000000000000000000e+00
0.000000000000000000e+00
0.000000000000000000e+00
5.248000000000000442e-01
0.000000000000000000e+00
5.352299999999999836e-01
0.000000000000000000e+00
6.218700000000000339e-01
0.000000000000000000e+00
0.000000000000000000e+00
0.000000000000000000e+00
0.000000000000000000e+00
0.000000000000000000e+00
5.905299999999999994e-01
0.000000000000000000e+00
0.000000000000000000e+00
9.293000000000000149e-01
0.000000000000000000e+00
5.804599999999999760e-01
0.000000000000000000e+00
0.000000000000000000e+00
8.065700000000000092e-01
0.000000000000000000e+00
0.000000000000000000e+00
0.000000000000000000e+00
0.000000000000000000e+00
7.971099999999999852e-01
0.000000000000000000e+00
5.566200000000000037e-01
0.000000000000000000e+00
0.000000000000000000e+00
8.375700000000000367e-01
0.000000000000000000e+00
0.000000000000000000e+00
0.000000000000000000e+00
5.474400000000000377e-01
0.000000000000000000e+00
0.000000000000000000e+00
5.763000000000000345e-01
0.000000000000000000e+00
6.832599999999999785e-01
0.000000000000000000e+00
0.000000000000000000e+00
0.000000000000000000e+00
0.000000000000000000e+00
9.570899999999999963e-01
0.000000000000000000e+00
0.000000000000000000e+00
0.000000000000000000e+00
0.000000000000000000e+00
0.000000000000000000e+00
1.303889999999999993e+00
0.000000000000000000e+00
0.000000000000000000e+00
7.895999999999999686e-01
0.000000000000000000e+00
0.000000000000000000e+00
0.000000000000000000e+00
5.017800000000000038e-01
0.000000000000000000e+00
0.000000000000000000e+00
0.000000000000000000e+00
6.131799999999999473e-01
0.000000000000000000e+00
0.000000000000000000e+00
0.000000000000000000e+00
0.000000000000000000e+00
7.113800000000000123e-01
0.000000000000000000e+00
0.000000000000000000e+00
6.750500000000000389e-01
0.000000000000000000e+00
0.000000000000000000e+00
0.000000000000000000e+00
6.155000000000000471e-01
0.000000000000000000e+00
1.219510000000000094e+00
0.000000000000000000e+00
0.000000000000000000e+00
0.000000000000000000e+00
0.000000000000000000e+00
5.183600000000000430e-01
0.000000000000000000e+00
0.000000000000000000e+00
0.000000000000000000e+00
0.000000000000000000e+00
0.000000000000000000e+00
0.000000000000000000e+00
6.811899999999999622e-01
0.000000000000000000e+00
0.000000000000000000e+00
7.096400000000000485e-01
0.000000000000000000e+00
0.000000000000000000e+00
0.000000000000000000e+00
1.271190000000000042e+00
0.000000000000000000e+00
0.000000000000000000e+00
5.917799999999999727e-01
0.000000000000000000e+00
0.000000000000000000e+00
6.240999999999999881e-01
0.000000000000000000e+00
0.000000000000000000e+00
0.000000000000000000e+00
6.454100000000000392e-01
0.000000000000000000e+00
0.000000000000000000e+00
5.783500000000000307e-01
0.000000000000000000e+00
0.000000000000000000e+00
0.000000000000000000e+00
9.328300000000000480e-01
0.000000000000000000e+00
6.520099999999999785e-01
0.000000000000000000e+00
6.399599999999999733e-01
0.000000000000000000e+00
4.892400000000000082e-01
0.000000000000000000e+00
0.000000000000000000e+00
0.000000000000000000e+00
6.755700000000000038e-01
0.000000000000000000e+00
0.000000000000000000e+00
1.936530000000000085e+00
0.000000000000000000e+00
6.076200000000000490e-01
0.000000000000000000e+00
0.000000000000000000e+00
0.000000000000000000e+00
5.236699999999999688e-01
0.000000000000000000e+00
0.000000000000000000e+00
6.027700000000000280e-01
0.000000000000000000e+00
0.000000000000000000e+00
5.323999999999999844e-01
0.000000000000000000e+00
0.000000000000000000e+00
6.030999999999999694e-01
0.000000000000000000e+00
0.000000000000000000e+00
6.108299999999999841e-01
0.000000000000000000e+00
5.319099999999999939e-01
0.000000000000000000e+00
0.000000000000000000e+00
0.000000000000000000e+00
0.000000000000000000e+00
0.000000000000000000e+00
0.000000000000000000e+00
0.000000000000000000e+00
0.000000000000000000e+00
0.000000000000000000e+00
0.000000000000000000e+00
0.000000000000000000e+00
0.000000000000000000e+00
0.000000000000000000e+00
0.000000000000000000e+00
0.000000000000000000e+00
0.000000000000000000e+00
0.000000000000000000e+00
0.000000000000000000e+00
0.000000000000000000e+00
0.000000000000000000e+00
0.000000000000000000e+00
0.000000000000000000e+00
0.000000000000000000e+00
5.635200000000000209e-01
0.000000000000000000e+00
0.000000000000000000e+00
6.481900000000000439e-01
0.000000000000000000e+00
0.000000000000000000e+00
0.000000000000000000e+00
5.832600000000000007e-01
0.000000000000000000e+00
0.000000000000000000e+00
5.726099999999999524e-01
0.000000000000000000e+00
0.000000000000000000e+00
5.004199999999999759e-01
0.000000000000000000e+00
0.000000000000000000e+00
4.741799999999999904e-01
0.000000000000000000e+00
0.000000000000000000e+00
0.000000000000000000e+00
0.000000000000000000e+00
5.356699999999999795e-01
0.000000000000000000e+00
0.000000000000000000e+00
0.000000000000000000e+00
5.322299999999999809e-01
0.000000000000000000e+00
0.000000000000000000e+00
0.000000000000000000e+00
5.418199999999999683e-01
0.000000000000000000e+00
0.000000000000000000e+00
0.000000000000000000e+00
0.000000000000000000e+00
5.782500000000000417e-01
0.000000000000000000e+00
6.333600000000000341e-01
0.000000000000000000e+00
0.000000000000000000e+00
7.046400000000000441e-01
0.000000000000000000e+00
0.000000000000000000e+00
0.000000000000000000e+00
0.000000000000000000e+00
0.000000000000000000e+00
0.000000000000000000e+00
8.955100000000000282e-01
0.000000000000000000e+00
0.000000000000000000e+00
6.792399999999999549e-01
0.000000000000000000e+00
6.920300000000000340e-01
0.000000000000000000e+00
0.000000000000000000e+00
0.000000000000000000e+00
0.000000000000000000e+00
7.635999999999999455e-01
0.000000000000000000e+00
0.000000000000000000e+00
1.128100000000000103e+00
0.000000000000000000e+00
0.000000000000000000e+00
0.000000000000000000e+00
6.735400000000000276e-01
0.000000000000000000e+00
0.000000000000000000e+00
0.000000000000000000e+00
0.000000000000000000e+00
0.000000000000000000e+00
5.602000000000000313e-01
0.000000000000000000e+00
0.000000000000000000e+00
9.672199999999999687e-01
0.000000000000000000e+00
0.000000000000000000e+00
5.254400000000000182e-01
0.000000000000000000e+00
0.000000000000000000e+00
6.762399999999999523e-01
0.000000000000000000e+00
0.000000000000000000e+00
5.399100000000000010e-01
0.000000000000000000e+00
0.000000000000000000e+00
0.000000000000000000e+00
0.000000000000000000e+00
5.922300000000000342e-01
0.000000000000000000e+00
0.000000000000000000e+00
1.157210000000000072e+00
0.000000000000000000e+00
0.000000000000000000e+00
4.790499999999999758e-01
0.000000000000000000e+00
0.000000000000000000e+00
1.286890000000000089e+00
0.000000000000000000e+00
0.000000000000000000e+00
0.000000000000000000e+00
5.012799999999999478e-01
0.000000000000000000e+00
0.000000000000000000e+00
1.609040000000000026e+00
0.000000000000000000e+00
0.000000000000000000e+00
0.000000000000000000e+00
6.098900000000000432e-01
0.000000000000000000e+00
0.000000000000000000e+00
0.000000000000000000e+00
0.000000000000000000e+00
7.961599999999999788e-01
0.000000000000000000e+00
0.000000000000000000e+00
0.000000000000000000e+00
8.016799999999999482e-01
0.000000000000000000e+00
0.000000000000000000e+00
5.656200000000000117e-01
0.000000000000000000e+00
0.000000000000000000e+00
8.213000000000000300e-01
0.000000000000000000e+00
0.000000000000000000e+00
0.000000000000000000e+00
5.635200000000000209e-01
0.000000000000000000e+00
0.000000000000000000e+00
7.392199999999999882e-01
0.000000000000000000e+00
0.000000000000000000e+00
5.255199999999999871e-01
0.000000000000000000e+00
5.241700000000000248e-01
0.000000000000000000e+00
4.815699999999999981e-01
0.000000000000000000e+00
0.000000000000000000e+00
0.000000000000000000e+00
0.000000000000000000e+00
0.000000000000000000e+00
0.000000000000000000e+00
7.831799999999999873e-01
0.000000000000000000e+00
0.000000000000000000e+00
0.000000000000000000e+00
0.000000000000000000e+00
0.000000000000000000e+00
5.616400000000000281e-01
0.000000000000000000e+00
5.526999999999999691e-01
0.000000000000000000e+00
0.000000000000000000e+00
0.000000000000000000e+00
5.277800000000000269e-01
0.000000000000000000e+00
4.851699999999999902e-01
0.000000000000000000e+00
0.000000000000000000e+00
5.652700000000000502e-01
0.000000000000000000e+00
0.000000000000000000e+00
0.000000000000000000e+00
0.000000000000000000e+00
5.987900000000000444e-01
0.000000000000000000e+00
0.000000000000000000e+00
5.524599999999999511e-01
0.000000000000000000e+00
6.498500000000000387e-01
0.000000000000000000e+00
0.000000000000000000e+00
0.000000000000000000e+00
0.000000000000000000e+00
4.307500000000000218e-01
0.000000000000000000e+00
0.000000000000000000e+00
4.905999999999999805e-01
0.000000000000000000e+00
0.000000000000000000e+00
0.000000000000000000e+00
5.786999999999999922e-01
0.000000000000000000e+00
4.808000000000000052e-01
0.000000000000000000e+00
5.477300000000000502e-01
0.000000000000000000e+00
0.000000000000000000e+00
0.000000000000000000e+00
6.502799999999999692e-01
0.000000000000000000e+00
0.000000000000000000e+00
0.000000000000000000e+00
0.000000000000000000e+00
0.000000000000000000e+00
0.000000000000000000e+00
6.066700000000000426e-01
0.000000000000000000e+00
0.000000000000000000e+00
5.564099999999999602e-01
0.000000000000000000e+00
0.000000000000000000e+00
0.000000000000000000e+00
0.000000000000000000e+00
0.000000000000000000e+00
7.260699999999999932e-01
0.000000000000000000e+00
6.061800000000000521e-01
0.000000000000000000e+00
0.000000000000000000e+00
4.744099999999999984e-01
0.000000000000000000e+00
5.804399999999999560e-01
0.000000000000000000e+00
6.297899999999999610e-01
0.000000000000000000e+00
0.000000000000000000e+00
6.184199999999999697e-01
0.000000000000000000e+00
0.000000000000000000e+00
3.826800000000000201e-01
0.000000000000000000e+00
5.131900000000000350e-01
0.000000000000000000e+00
0.000000000000000000e+00
5.304200000000000026e-01
0.000000000000000000e+00
5.381099999999999772e-01
0.000000000000000000e+00
4.461899999999999755e-01
0.000000000000000000e+00
5.911699999999999733e-01
0.000000000000000000e+00
0.000000000000000000e+00
5.210799999999999876e-01
0.000000000000000000e+00
6.405800000000000383e-01
0.000000000000000000e+00
0.000000000000000000e+00
0.000000000000000000e+00
0.000000000000000000e+00
0.000000000000000000e+00
0.000000000000000000e+00
5.864599999999999813e-01
0.000000000000000000e+00
0.000000000000000000e+00
0.000000000000000000e+00
0.000000000000000000e+00
5.501200000000000534e-01
0.000000000000000000e+00
0.000000000000000000e+00
6.317700000000000538e-01
0.000000000000000000e+00
0.000000000000000000e+00
6.794599999999999529e-01
0.000000000000000000e+00
0.000000000000000000e+00
0.000000000000000000e+00
5.780499999999999527e-01
0.000000000000000000e+00
0.000000000000000000e+00
7.254099999999999993e-01
0.000000000000000000e+00
0.000000000000000000e+00
0.000000000000000000e+00
6.633799999999999697e-01
0.000000000000000000e+00
8.745300000000000296e-01
0.000000000000000000e+00
0.000000000000000000e+00
0.000000000000000000e+00
0.000000000000000000e+00
0.000000000000000000e+00
0.000000000000000000e+00
6.243800000000000461e-01
0.000000000000000000e+00
0.000000000000000000e+00
6.071600000000000330e-01
0.000000000000000000e+00
0.000000000000000000e+00
0.000000000000000000e+00
0.000000000000000000e+00
0.000000000000000000e+00
0.000000000000000000e+00
0.000000000000000000e+00
0.000000000000000000e+00
0.000000000000000000e+00
0.000000000000000000e+00
0.000000000000000000e+00
0.000000000000000000e+00
0.000000000000000000e+00
0.000000000000000000e+00
0.000000000000000000e+00
0.000000000000000000e+00
0.000000000000000000e+00
0.000000000000000000e+00
0.000000000000000000e+00
0.000000000000000000e+00
0.000000000000000000e+00
0.000000000000000000e+00
0.000000000000000000e+00
7.733299999999999619e-01
0.000000000000000000e+00
0.000000000000000000e+00
0.000000000000000000e+00
5.969400000000000261e-01
0.000000000000000000e+00
0.000000000000000000e+00
5.216899999999999871e-01
0.000000000000000000e+00
5.743099999999999872e-01
0.000000000000000000e+00
0.000000000000000000e+00
0.000000000000000000e+00
0.000000000000000000e+00
0.000000000000000000e+00
5.832800000000000207e-01
0.000000000000000000e+00
0.000000000000000000e+00
7.356300000000000061e-01
0.000000000000000000e+00
6.592200000000000282e-01
0.000000000000000000e+00
0.000000000000000000e+00
5.389800000000000146e-01
0.000000000000000000e+00
7.731799999999999784e-01
0.000000000000000000e+00
5.950900000000000079e-01
0.000000000000000000e+00
0.000000000000000000e+00
4.782500000000000084e-01
0.000000000000000000e+00
5.731399999999999828e-01
0.000000000000000000e+00
6.116099999999999870e-01
0.000000000000000000e+00
0.000000000000000000e+00
5.385100000000000442e-01
0.000000000000000000e+00
0.000000000000000000e+00
0.000000000000000000e+00
0.000000000000000000e+00
8.762100000000000444e-01
0.000000000000000000e+00
1.111189999999999900e+00
0.000000000000000000e+00
0.000000000000000000e+00
0.000000000000000000e+00
0.000000000000000000e+00
5.263200000000000101e-01
0.000000000000000000e+00
6.082400000000000029e-01
0.000000000000000000e+00
0.000000000000000000e+00
0.000000000000000000e+00
5.198000000000000398e-01
0.000000000000000000e+00
8.398499999999999854e-01
0.000000000000000000e+00
0.000000000000000000e+00
1.168709999999999916e+00
0.000000000000000000e+00
5.236300000000000399e-01
0.000000000000000000e+00
0.000000000000000000e+00
1.412619999999999987e+00
0.000000000000000000e+00
0.000000000000000000e+00
0.000000000000000000e+00
0.000000000000000000e+00
1.335839999999999916e+00
0.000000000000000000e+00
0.000000000000000000e+00
0.000000000000000000e+00
5.399800000000000155e-01
0.000000000000000000e+00
4.609800000000000009e-01
0.000000000000000000e+00
0.000000000000000000e+00
0.000000000000000000e+00
0.000000000000000000e+00
5.281700000000000284e-01
0.000000000000000000e+00
0.000000000000000000e+00
0.000000000000000000e+00
0.000000000000000000e+00
5.178300000000000125e-01
0.000000000000000000e+00
0.000000000000000000e+00
0.000000000000000000e+00
1.074810000000000043e+00
0.000000000000000000e+00
0.000000000000000000e+00
5.545099999999999474e-01
0.000000000000000000e+00
1.043500000000000094e+00
0.000000000000000000e+00
0.000000000000000000e+00
5.953699999999999548e-01
0.000000000000000000e+00
0.000000000000000000e+00
0.000000000000000000e+00
7.958499999999999464e-01
0.000000000000000000e+00
0.000000000000000000e+00
5.683399999999999563e-01
0.000000000000000000e+00
0.000000000000000000e+00
6.592200000000000282e-01
0.000000000000000000e+00
6.281999999999999806e-01
0.000000000000000000e+00
0.000000000000000000e+00
0.000000000000000000e+00
0.000000000000000000e+00
0.000000000000000000e+00
7.862400000000000500e-01
0.000000000000000000e+00
0.000000000000000000e+00
6.371499999999999941e-01
0.000000000000000000e+00
0.000000000000000000e+00
0.000000000000000000e+00
5.878499999999999837e-01
0.000000000000000000e+00
0.000000000000000000e+00
0.000000000000000000e+00
0.000000000000000000e+00
7.131499999999999506e-01
0.000000000000000000e+00
0.000000000000000000e+00
5.729499999999999593e-01
0.000000000000000000e+00
5.183999999999999719e-01
0.000000000000000000e+00
1.270180000000000087e+00
0.000000000000000000e+00
6.638699999999999601e-01
0.000000000000000000e+00
6.712399999999999478e-01
0.000000000000000000e+00
0.000000000000000000e+00
5.515299999999999647e-01
0.000000000000000000e+00
0.000000000000000000e+00
0.000000000000000000e+00
5.232400000000000384e-01
0.000000000000000000e+00
0.000000000000000000e+00
0.000000000000000000e+00
0.000000000000000000e+00
5.521599999999999842e-01
0.000000000000000000e+00
0.000000000000000000e+00
0.000000000000000000e+00
6.045099999999999918e-01
0.000000000000000000e+00
0.000000000000000000e+00
0.000000000000000000e+00
0.000000000000000000e+00
5.942800000000000304e-01
0.000000000000000000e+00
0.000000000000000000e+00
0.000000000000000000e+00
4.657899999999999818e-01
0.000000000000000000e+00
0.000000000000000000e+00
0.000000000000000000e+00
0.000000000000000000e+00
1.820680000000000076e+00
0.000000000000000000e+00
0.000000000000000000e+00
0.000000000000000000e+00
0.000000000000000000e+00
0.000000000000000000e+00
5.239700000000000468e-01
0.000000000000000000e+00
0.000000000000000000e+00
0.000000000000000000e+00
6.179799999999999738e-01
0.000000000000000000e+00
0.000000000000000000e+00
0.000000000000000000e+00
1.036559999999999926e+00
0.000000000000000000e+00
0.000000000000000000e+00
1.263779999999999903e+00
0.000000000000000000e+00
1.059279999999999999e+00
0.000000000000000000e+00
0.000000000000000000e+00
0.000000000000000000e+00
0.000000000000000000e+00
6.132699999999999818e-01
0.000000000000000000e+00
0.000000000000000000e+00
5.727400000000000269e-01
0.000000000000000000e+00
5.831100000000000172e-01
0.000000000000000000e+00
6.121900000000000119e-01
0.000000000000000000e+00
0.000000000000000000e+00
0.000000000000000000e+00
0.000000000000000000e+00
7.642999999999999794e-01
0.000000000000000000e+00
0.000000000000000000e+00
0.000000000000000000e+00
0.000000000000000000e+00
6.827400000000000135e-01
0.000000000000000000e+00
5.818900000000000183e-01
0.000000000000000000e+00
5.585799999999999654e-01
0.000000000000000000e+00
6.230900000000000327e-01
0.000000000000000000e+00
0.000000000000000000e+00
0.000000000000000000e+00
0.000000000000000000e+00
5.624299999999999855e-01
0.000000000000000000e+00
0.000000000000000000e+00
0.000000000000000000e+00
6.589199999999999502e-01
0.000000000000000000e+00
9.303900000000000503e-01
0.000000000000000000e+00
0.000000000000000000e+00
6.798999999999999488e-01
0.000000000000000000e+00
0.000000000000000000e+00
5.567199999999999926e-01
0.000000000000000000e+00
0.000000000000000000e+00
0.000000000000000000e+00
0.000000000000000000e+00
5.774099999999999788e-01
0.000000000000000000e+00
6.020600000000000396e-01
0.000000000000000000e+00
4.455999999999999961e-01
0.000000000000000000e+00
5.827700000000000102e-01
0.000000000000000000e+00
0.000000000000000000e+00
5.524700000000000166e-01
0.000000000000000000e+00
0.000000000000000000e+00
0.000000000000000000e+00
0.000000000000000000e+00
7.337399999999999478e-01
0.000000000000000000e+00
0.000000000000000000e+00
0.000000000000000000e+00
0.000000000000000000e+00
0.000000000000000000e+00
6.762899999999999467e-01
0.000000000000000000e+00
0.000000000000000000e+00
1.255789999999999962e+00
0.000000000000000000e+00
0.000000000000000000e+00
5.431300000000000017e-01
0.000000000000000000e+00
0.000000000000000000e+00
0.000000000000000000e+00
0.000000000000000000e+00
0.000000000000000000e+00
0.000000000000000000e+00
0.000000000000000000e+00
0.000000000000000000e+00
0.000000000000000000e+00
0.000000000000000000e+00
0.000000000000000000e+00
0.000000000000000000e+00
0.000000000000000000e+00
0.000000000000000000e+00
0.000000000000000000e+00
0.000000000000000000e+00
0.000000000000000000e+00
0.000000000000000000e+00
0.000000000000000000e+00
0.000000000000000000e+00
0.000000000000000000e+00
0.000000000000000000e+00
6.330099999999999616e-01
0.000000000000000000e+00
0.000000000000000000e+00
1.028370000000000006e+00
0.000000000000000000e+00
0.000000000000000000e+00
0.000000000000000000e+00
5.056899999999999729e-01
0.000000000000000000e+00
0.000000000000000000e+00
0.000000000000000000e+00
0.000000000000000000e+00
5.675700000000000189e-01
0.000000000000000000e+00
8.614500000000000490e-01
0.000000000000000000e+00
0.000000000000000000e+00
0.000000000000000000e+00
0.000000000000000000e+00
0.000000000000000000e+00
4.989100000000000201e-01
0.000000000000000000e+00
0.000000000000000000e+00
0.000000000000000000e+00
4.915300000000000225e-01
0.000000000000000000e+00
0.000000000000000000e+00
0.000000000000000000e+00
6.663599999999999524e-01
0.000000000000000000e+00
0.000000000000000000e+00
0.000000000000000000e+00
0.000000000000000000e+00
0.000000000000000000e+00
5.312599999999999545e-01
0.000000000000000000e+00
0.000000000000000000e+00
0.000000000000000000e+00
0.000000000000000000e+00
5.496299999999999519e-01
0.000000000000000000e+00
0.000000000000000000e+00
0.000000000000000000e+00
0.000000000000000000e+00
0.000000000000000000e+00
5.791800000000000281e-01
0.000000000000000000e+00
5.672700000000000520e-01
0.000000000000000000e+00
0.000000000000000000e+00
0.000000000000000000e+00
5.908999999999999808e-01
0.000000000000000000e+00
0.000000000000000000e+00
6.196700000000000541e-01
0.000000000000000000e+00
0.000000000000000000e+00
7.992000000000000215e-01
0.000000000000000000e+00
0.000000000000000000e+00
0.000000000000000000e+00
0.000000000000000000e+00
7.153000000000000469e-01
0.000000000000000000e+00
0.000000000000000000e+00
5.703200000000000491e-01
0.000000000000000000e+00
0.000000000000000000e+00
0.000000000000000000e+00
5.118399999999999617e-01
0.000000000000000000e+00
0.000000000000000000e+00
5.076000000000000512e-01
0.000000000000000000e+00
0.000000000000000000e+00
5.172200000000000131e-01
0.000000000000000000e+00
0.000000000000000000e+00
5.951999999999999513e-01
0.000000000000000000e+00
5.816299999999999804e-01
0.000000000000000000e+00
7.298999999999999932e-01
0.000000000000000000e+00
0.000000000000000000e+00
0.000000000000000000e+00
4.775099999999999900e-01
0.000000000000000000e+00
0.000000000000000000e+00
6.537600000000000078e-01
0.000000000000000000e+00
6.592500000000000027e-01
0.000000000000000000e+00
0.000000000000000000e+00
5.192099999999999493e-01
0.000000000000000000e+00
5.665999999999999925e-01
0.000000000000000000e+00
5.585799999999999654e-01
0.000000000000000000e+00
5.002400000000000180e-01
0.000000000000000000e+00
0.000000000000000000e+00
5.176300000000000345e-01
0.000000000000000000e+00
7.975100000000000522e-01
0.000000000000000000e+00
0.000000000000000000e+00
3.833300000000000041e-01
0.000000000000000000e+00
6.808899999999999952e-01
0.000000000000000000e+00
7.572999999999999732e-01
0.000000000000000000e+00
0.000000000000000000e+00
0.000000000000000000e+00
0.000000000000000000e+00
0.000000000000000000e+00
0.000000000000000000e+00
6.279700000000000282e-01
0.000000000000000000e+00
0.000000000000000000e+00
0.000000000000000000e+00
0.000000000000000000e+00
1.483729999999999993e+00
0.000000000000000000e+00
1.093720000000000026e+00
0.000000000000000000e+00
0.000000000000000000e+00
7.010999999999999455e-01
0.000000000000000000e+00
0.000000000000000000e+00
0.000000000000000000e+00
0.000000000000000000e+00
0.000000000000000000e+00
0.000000000000000000e+00
9.230699999999999461e-01
0.000000000000000000e+00
0.000000000000000000e+00
0.000000000000000000e+00
0.000000000000000000e+00
1.354929999999999968e+00
0.000000000000000000e+00
0.000000000000000000e+00
0.000000000000000000e+00
1.936509999999999954e+00
0.000000000000000000e+00
0.000000000000000000e+00
0.000000000000000000e+00
0.000000000000000000e+00
0.000000000000000000e+00
5.230500000000000149e-01
0.000000000000000000e+00
0.000000000000000000e+00
5.310399999999999565e-01
0.000000000000000000e+00
0.000000000000000000e+00
6.016500000000000181e-01
0.000000000000000000e+00
0.000000000000000000e+00
5.715000000000000080e-01
0.000000000000000000e+00
4.894600000000000062e-01
0.000000000000000000e+00
5.691199999999999593e-01
0.000000000000000000e+00
0.000000000000000000e+00
6.893099999999999783e-01
0.000000000000000000e+00
0.000000000000000000e+00
1.217610000000000081e+00
0.000000000000000000e+00
0.000000000000000000e+00
0.000000000000000000e+00
5.529100000000000126e-01
0.000000000000000000e+00
4.914799999999999724e-01
0.000000000000000000e+00
0.000000000000000000e+00
4.676899999999999946e-01
0.000000000000000000e+00
0.000000000000000000e+00
4.494000000000000217e-01
0.000000000000000000e+00
5.060900000000000398e-01
0.000000000000000000e+00
0.000000000000000000e+00
0.000000000000000000e+00
0.000000000000000000e+00
5.185800000000000409e-01
0.000000000000000000e+00
0.000000000000000000e+00
0.000000000000000000e+00
0.000000000000000000e+00
0.000000000000000000e+00
0.000000000000000000e+00
4.757100000000000217e-01
0.000000000000000000e+00
0.000000000000000000e+00
5.191500000000000004e-01
0.000000000000000000e+00
0.000000000000000000e+00
0.000000000000000000e+00
0.000000000000000000e+00
4.352599999999999802e-01
0.000000000000000000e+00
4.324999999999999956e-01
0.000000000000000000e+00
4.855499999999999816e-01
0.000000000000000000e+00
0.000000000000000000e+00
0.000000000000000000e+00
5.396699999999999831e-01
0.000000000000000000e+00
0.000000000000000000e+00
0.000000000000000000e+00
0.000000000000000000e+00
0.000000000000000000e+00
7.005900000000000460e-01
0.000000000000000000e+00
0.000000000000000000e+00
0.000000000000000000e+00
0.000000000000000000e+00
0.000000000000000000e+00
0.000000000000000000e+00
6.261600000000000499e-01
0.000000000000000000e+00
0.000000000000000000e+00
6.273900000000000032e-01
0.000000000000000000e+00
5.765700000000000269e-01
0.000000000000000000e+00
0.000000000000000000e+00
0.000000000000000000e+00
1.438129999999999908e+00
0.000000000000000000e+00
4.465500000000000025e-01
0.000000000000000000e+00
5.161700000000000177e-01
0.000000000000000000e+00
0.000000000000000000e+00
0.000000000000000000e+00
0.000000000000000000e+00
0.000000000000000000e+00
6.513700000000000045e-01
0.000000000000000000e+00
0.000000000000000000e+00
0.000000000000000000e+00
0.000000000000000000e+00
5.102999999999999758e-01
0.000000000000000000e+00
0.000000000000000000e+00
0.000000000000000000e+00
9.767200000000000326e-01
0.000000000000000000e+00
0.000000000000000000e+00
4.694099999999999939e-01
0.000000000000000000e+00
6.694499999999999895e-01
0.000000000000000000e+00
0.000000000000000000e+00
0.000000000000000000e+00
5.527499999999999636e-01
0.000000000000000000e+00
0.000000000000000000e+00
6.681200000000000472e-01
0.000000000000000000e+00
0.000000000000000000e+00
6.877299999999999525e-01
0.000000000000000000e+00
9.999000000000000110e-01
0.000000000000000000e+00
0.000000000000000000e+00
0.000000000000000000e+00
6.738699999999999690e-01
0.000000000000000000e+00
5.334600000000000453e-01
0.000000000000000000e+00
0.000000000000000000e+00
0.000000000000000000e+00
0.000000000000000000e+00
0.000000000000000000e+00
0.000000000000000000e+00
0.000000000000000000e+00
0.000000000000000000e+00
0.000000000000000000e+00
0.000000000000000000e+00
0.000000000000000000e+00
0.000000000000000000e+00
0.000000000000000000e+00
