0.000000000000000000e+00
0.000000000000000000e+00
0.000000000000000000e+00
0.000000000000000000e+00
0.000000000000000000e+00
0.000000000000000000e+00
0.000000000000000000e+00
0.000000000000000000e+00
0.000000000000000000e+00
0.000000000000000000e+00
5.971100000000000296e-01
0.000000000000000000e+00
8.132099999999999884e-01
0.000000000000000000e+00
0.000000000000000000e+00
6.359399999999999498e-01
0.000000000000000000e+00
0.000000000000000000e+00
8.959799999999999986e-01
0.000000000000000000e+00
5.854399999999999604e-01
0.000000000000000000e+00
0.000000000000000000e+00
0.000000000000000000e+00
5.524299999999999766e-01
0.000000000000000000e+00
0.000000000000000000e+00
0.000000000000000000e+00
7.284399999999999764e-01
0.000000000000000000e+00
0.000000000000000000e+00
5.740399999999999947e-01
0.000000000000000000e+00
0.000000000000000000e+00
0.000000000000000000e+00
5.389500000000000401e-01
0.000000000000000000e+00
8.340899999999999981e-01
0.000000000000000000e+00
0.000000000000000000e+00
1.094019999999999992e+00
0.000000000000000000e+00
9.212700000000000333e-01
0.000000000000000000e+00
1.211740000000000039e+00
0.000000000000000000e+00
0.000000000000000000e+00
0.000000000000000000e+00
0.000000000000000000e+00
5.618900000000000006e-01
0.000000000000000000e+00
0.000000000000000000e+00
0.000000000000000000e+00
6.043500000000000538e-01
0.000000000000000000e+00
1.057779999999999943e+00
0.000000000000000000e+00
0.000000000000000000e+00
4.917199999999999904e-01
0.000000000000000000e+00
0.000000000000000000e+00
0.000000000000000000e+00
5.021499999999999853e-01
0.000000000000000000e+00
0.000000000000000000e+00
0.000000000000000000e+00
5.180399999999999450e-01
0.000000000000000000e+00
0.000000000000000000e+00
0.000000000000000000e+00
0.000000000000000000e+00
0.000000000000000000e+00
0.000000000000000000e+00
6.610200000000000520e-01
0.000000000000000000e+00
0.000000000000000000e+00
0.000000000000000000e+00
5.697400000000000242e-01
0.000000000000000000e+00
0.000000000000000000e+00
0.000000000000000000e+00
5.429399999999999782e-01
0.000000000000000000e+00
0.000000000000000000e+00
1.054389999999999938e+00
0.000000000000000000e+00
6.056899999999999507e-01
0.000000000000000000e+00
0.000000000000000000e+00
0.000000000000000000e+00
4.187699999999999756e-01
0.000000000000000000e+00
0.000000000000000000e+00
0.000000000000000000e+00
0.000000000000000000e+00
5.448399999999999910e-01
0.000000000000000000e+00
0.000000000000000000e+00
0.000000000000000000e+00
0.000000000000000000e+00
0.000000000000000000e+00
8.597000000000000197e-01
0.000000000000000000e+00
0.000000000000000000e+00
0.000000000000000000e+00
0.000000000000000000e+00
6.016399999999999526e-01
0.000000000000000000e+00
0.000000000000000000e+00
0.000000000000000000e+00
0.000000000000000000e+00
8.974299999999999500e-01
0.000000000000000000e+00
6.517399999999999860e-01
0.000000000000000000e+00
6.571700000000000319e-01
0.000000000000000000e+00
0.000000000000000000e+00
0.000000000000000000e+00
8.453100000000000058e-01
0.000000000000000000e+00
0.000000000000000000e+00
5.783099999999999907e-01
0.000000000000000000e+00
0.000000000000000000e+00
0.000000000000000000e+00
6.270599999999999508e-01
0.000000000000000000e+00
0.000000000000000000e+00
5.942300000000000360e-01
0.000000000000000000e+00
0.000000000000000000e+00
0.000000000000000000e+00
6.761500000000000288e-01
0.000000000000000000e+00
0.000000000000000000e+00
6.337800000000000100e-01
0.000000000000000000e+00
0.000000000000000000e+00
0.000000000000000000e+00
7.033700000000000507e-01
0.000000000000000000e+00
0.000000000000000000e+00
0.000000000000000000e+00
0.000000000000000000e+00
5.504000000000000004e-01
0.000000000000000000e+00
0.000000000000000000e+00
0.000000000000000000e+00
9.450600000000000112e-01
0.000000000000000000e+00
0.000000000000000000e+00
0.000000000000000000e+00
7.013899999999999579e-01
0.000000000000000000e+00
0.000000000000000000e+00
0.000000000000000000e+00
0.000000000000000000e+00
4.755400000000000182e-01
0.000000000000000000e+00
0.000000000000000000e+00
6.497899999999999787e-01
0.000000000000000000e+00
0.000000000000000000e+00
0.000000000000000000e+00
0.000000000000000000e+00
5.559399999999999897e-01
0.000000000000000000e+00
0.000000000000000000e+00
0.000000000000000000e+00
5.343900000000000317e-01
0.000000000000000000e+00
5.435200000000000031e-01
0.000000000000000000e+00
0.000000000000000000e+00
0.000000000000000000e+00
5.431599999999999762e-01
0.000000000000000000e+00
0.000000000000000000e+00
7.064899999999999514e-01
0.000000000000000000e+00
0.000000000000000000e+00
8.766300000000000203e-01
0.000000000000000000e+00
0.000000000000000000e+00
5.422000000000000153e-01
0.000000000000000000e+00
0.000000000000000000e+00
0.000000000000000000e+00
6.846299999999999608e-01
0.000000000000000000e+00
0.000000000000000000e+00
0.000000000000000000e+00
5.540199999999999569e-01
0.000000000000000000e+00
0.000000000000000000e+00
0.000000000000000000e+00
0.000000000000000000e+00
6.754900000000000349e-01
0.000000000000000000e+00
6.385699999999999710e-01
0.000000000000000000e+00
0.000000000000000000e+00
6.455699999999999772e-01
0.000000000000000000e+00
7.159699999999999953e-01
0.000000000000000000e+00
0.000000000000000000e+00
0.000000000000000000e+00
0.000000000000000000e+00
0.000000000000000000e+00
0.000000000000000000e+00
8.745300000000000296e-01
0.000000000000000000e+00
0.000000000000000000e+00
0.000000000000000000e+00
0.000000000000000000e+00
8.727599999999999802e-01
0.000000000000000000e+00
0.000000000000000000e+00
0.000000000000000000e+00
0.000000000000000000e+00
9.289800000000000280e-01
0.000000000000000000e+00
0.000000000000000000e+00
0.000000000000000000e+00
6.596100000000000296e-01
0.000000000000000000e+00
0.000000000000000000e+00
6.084800000000000209e-01
0.000000000000000000e+00
5.447800000000000420e-01
0.000000000000000000e+00
0.000000000000000000e+00
0.000000000000000000e+00
0.000000000000000000e+00
0.000000000000000000e+00
0.000000000000000000e+00
0.000000000000000000e+00
5.957799999999999763e-01
0.000000000000000000e+00
0.000000000000000000e+00
6.505300000000000527e-01
0.000000000000000000e+00
0.000000000000000000e+00
1.133510000000000018e+00
0.000000000000000000e+00
0.000000000000000000e+00
5.442399999999999460e-01
0.000000000000000000e+00
6.228900000000000547e-01
0.000000000000000000e+00
0.000000000000000000e+00
0.000000000000000000e+00
6.031499999999999639e-01
0.000000000000000000e+00
0.000000000000000000e+00
0.000000000000000000e+00
0.000000000000000000e+00
6.575900000000000079e-01
0.000000000000000000e+00
0.000000000000000000e+00
0.000000000000000000e+00
1.078100000000000058e+00
0.000000000000000000e+00
0.000000000000000000e+00
3.823300000000000032e-01
0.000000000000000000e+00
0.000000000000000000e+00
5.286399999999999988e-01
0.000000000000000000e+00
0.000000000000000000e+00
6.505999999999999561e-01
0.000000000000000000e+00
0.000000000000000000e+00
0.000000000000000000e+00
0.000000000000000000e+00
6.708800000000000319e-01
0.000000000000000000e+00
0.000000000000000000e+00
6.761200000000000543e-01
0.000000000000000000e+00
0.000000000000000000e+00
0.000000000000000000e+00
5.809699999999999864e-01
0.000000000000000000e+00
0.000000000000000000e+00
5.727400000000000269e-01
0.000000000000000000e+00
0.000000000000000000e+00
0.000000000000000000e+00
0.000000000000000000e+00
8.197999999999999732e-01
0.000000000000000000e+00
0.000000000000000000e+00
0.000000000000000000e+00
0.000000000000000000e+00
0.000000000000000000e+00
5.177899999999999725e-01
0.000000000000000000e+00
7.208900000000000308e-01
0.000000000000000000e+00
0.000000000000000000e+00
0.000000000000000000e+00
0.000000000000000000e+00
0.000000000000000000e+00
0.000000000000000000e+00
0.000000000000000000e+00
0.000000000000000000e+00
0.000000000000000000e+00
0.000000000000000000e+00
0.000000000000000000e+00
0.000000000000000000e+00
0.000000000000000000e+00
0.000000000000000000e+00
0.000000000000000000e+00
0.000000000000000000e+00
0.000000000000000000e+00
0.000000000000000000e+00
0.000000000000000000e+00
0.000000000000000000e+00
0.000000000000000000e+00
0.000000000000000000e+00
0.000000000000000000e+00
0.000000000000000000e+00
0.000000000000000000e+00
0.000000000000000000e+00
8.960099999999999731e-01
0.000000000000000000e+00
0.000000000000000000e+00
6.923200000000000465e-01
0.000000000000000000e+00
6.926200000000000134e-01
0.000000000000000000e+00
0.000000000000000000e+00
0.000000000000000000e+00
0.000000000000000000e+00
4.918799999999999839e-01
0.000000000000000000e+00
5.629199999999999759e-01
0.000000000000000000e+00
0.000000000000000000e+00
8.108800000000000452e-01
0.000000000000000000e+00
0.000000000000000000e+00
0.000000000000000000e+00
8.674699999999999633e-01
0.000000000000000000e+00
0.000000000000000000e+00
9.383099999999999774e-01
0.000000000000000000e+00
0.000000000000000000e+00
0.000000000000000000e+00
5.712099999999999955e-01
0.000000000000000000e+00
1.073299999999999921e+00
0.000000000000000000e+00
0.000000000000000000e+00
0.000000000000000000e+00
8.116999999999999771e-01
0.000000000000000000e+00
8.799299999999999899e-01
0.000000000000000000e+00
7.264199999999999546e-01
0.000000000000000000e+00
0.000000000000000000e+00
0.000000000000000000e+00
0.000000000000000000e+00
5.963600000000000012e-01
0.000000000000000000e+00
0.000000000000000000e+00
0.000000000000000000e+00
0.000000000000000000e+00
7.247999999999999998e-01
0.000000000000000000e+00
1.415599999999999969e+00
0.000000000000000000e+00
7.149600000000000399e-01
0.000000000000000000e+00
6.315699999999999648e-01
0.000000000000000000e+00
0.000000000000000000e+00
0.000000000000000000e+00
8.098800000000000443e-01
0.000000000000000000e+00
1.185370000000000035e+00
0.000000000000000000e+00
0.000000000000000000e+00
0.000000000000000000e+00
1.584989999999999899e+00
0.000000000000000000e+00
0.000000000000000000e+00
1.781099999999999905e+00
0.000000000000000000e+00
7.540000000000000036e-01
0.000000000000000000e+00
0.000000000000000000e+00
7.690700000000000314e-01
0.000000000000000000e+00
0.000000000000000000e+00
8.578900000000000414e-01
0.000000000000000000e+00
0.000000000000000000e+00
9.257199999999999873e-01
0.000000000000000000e+00
0.000000000000000000e+00
0.000000000000000000e+00
0.000000000000000000e+00
0.000000000000000000e+00
0.000000000000000000e+00
5.284900000000000153e-01
0.000000000000000000e+00
0.000000000000000000e+00
1.214409999999999989e+00
0.000000000000000000e+00
6.863700000000000356e-01
0.000000000000000000e+00
8.596099999999999852e-01
0.000000000000000000e+00
5.869799999999999462e-01
0.000000000000000000e+00
0.000000000000000000e+00
0.000000000000000000e+00
0.000000000000000000e+00
5.432700000000000307e-01
0.000000000000000000e+00
0.000000000000000000e+00
6.203300000000000480e-01
0.000000000000000000e+00
0.000000000000000000e+00
6.231900000000000217e-01
0.000000000000000000e+00
0.000000000000000000e+00
0.000000000000000000e+00
0.000000000000000000e+00
0.000000000000000000e+00
5.161099999999999577e-01
0.000000000000000000e+00
6.020499999999999741e-01
0.000000000000000000e+00
1.916749999999999954e+00
0.000000000000000000e+00
5.170099999999999696e-01
0.000000000000000000e+00
6.842099999999999849e-01
0.000000000000000000e+00
0.000000000000000000e+00
5.066199999999999593e-01
0.000000000000000000e+00
0.000000000000000000e+00
0.000000000000000000e+00
5.157000000000000473e-01
0.000000000000000000e+00
0.000000000000000000e+00
0.000000000000000000e+00
0.000000000000000000e+00
5.130200000000000315e-01
0.000000000000000000e+00
0.000000000000000000e+00
1.106549999999999923e+00
0.000000000000000000e+00
0.000000000000000000e+00
0.000000000000000000e+00
6.442600000000000549e-01
0.000000000000000000e+00
0.000000000000000000e+00
0.000000000000000000e+00
0.000000000000000000e+00
0.000000000000000000e+00
1.307490000000000041e+00
0.000000000000000000e+00
8.804600000000000204e-01
0.000000000000000000e+00
0.000000000000000000e+00
0.000000000000000000e+00
1.060270000000000046e+00
0.000000000000000000e+00
0.000000000000000000e+00
6.618399999999999839e-01
0.000000000000000000e+00
1.114400000000000057e+00
0.000000000000000000e+00
0.000000000000000000e+00
5.532899999999999485e-01
0.000000000000000000e+00
0.000000000000000000e+00
1.277330000000000076e+00
0.000000000000000000e+00
1.476310000000000011e+00
0.000000000000000000e+00
0.000000000000000000e+00
0.000000000000000000e+00
7.089800000000000546e-01
0.000000000000000000e+00
0.000000000000000000e+00
0.000000000000000000e+00
5.495999999999999774e-01
0.000000000000000000e+00
0.000000000000000000e+00
0.000000000000000000e+00
8.439999999999999725e-01
0.000000000000000000e+00
0.000000000000000000e+00
0.000000000000000000e+00
0.000000000000000000e+00
0.000000000000000000e+00
6.678399999999999892e-01
0.000000000000000000e+00
1.197300000000000031e+00
0.000000000000000000e+00
7.273899999999999810e-01
0.000000000000000000e+00
6.519599999999999840e-01
0.000000000000000000e+00
0.000000000000000000e+00
0.000000000000000000e+00
0.000000000000000000e+00
0.000000000000000000e+00
0.000000000000000000e+00
5.332700000000000218e-01
0.000000000000000000e+00
0.000000000000000000e+00
0.000000000000000000e+00
4.967599999999999794e-01
0.000000000000000000e+00
0.000000000000000000e+00
6.303999999999999604e-01
0.000000000000000000e+00
6.009700000000000042e-01
0.000000000000000000e+00
0.000000000000000000e+00
0.000000000000000000e+00
0.000000000000000000e+00
5.225199999999999845e-01
0.000000000000000000e+00
0.000000000000000000e+00
0.000000000000000000e+00
1.240089999999999915e+00
0.000000000000000000e+00
5.839100000000000401e-01
0.000000000000000000e+00
0.000000000000000000e+00
9.541199999999999681e-01
0.000000000000000000e+00
0.000000000000000000e+00
6.199900000000000411e-01
0.000000000000000000e+00
6.453799999999999537e-01
0.000000000000000000e+00
0.000000000000000000e+00
0.000000000000000000e+00
0.000000000000000000e+00
7.043899999999999606e-01
0.000000000000000000e+00
0.000000000000000000e+00
0.000000000000000000e+00
0.000000000000000000e+00
5.593200000000000394e-01
0.000000000000000000e+00
8.737800000000000011e-01
0.000000000000000000e+00
0.000000000000000000e+00
0.000000000000000000e+00
0.000000000000000000e+00
8.559299999999999686e-01
0.000000000000000000e+00
0.000000000000000000e+00
8.090600000000000014e-01
0.000000000000000000e+00
0.000000000000000000e+00
0.000000000000000000e+00
8.649000000000000021e-01
0.000000000000000000e+00
0.000000000000000000e+00
7.755400000000000071e-01
0.000000000000000000e+00
0.000000000000000000e+00
5.785299999999999887e-01
0.000000000000000000e+00
0.000000000000000000e+00
1.125569999999999959e+00
0.000000000000000000e+00
0.000000000000000000e+00
0.000000000000000000e+00
1.372039999999999926e+00
0.000000000000000000e+00
0.000000000000000000e+00
0.000000000000000000e+00
0.000000000000000000e+00
6.364499999999999602e-01
0.000000000000000000e+00
0.000000000000000000e+00
0.000000000000000000e+00
0.000000000000000000e+00
0.000000000000000000e+00
0.000000000000000000e+00
0.000000000000000000e+00
0.000000000000000000e+00
0.000000000000000000e+00
0.000000000000000000e+00
0.000000000000000000e+00
0.000000000000000000e+00
0.000000000000000000e+00
0.000000000000000000e+00
0.000000000000000000e+00
0.000000000000000000e+00
0.000000000000000000e+00
0.000000000000000000e+00
0.000000000000000000e+00
0.000000000000000000e+00
0.000000000000000000e+00
0.000000000000000000e+00
0.000000000000000000e+00
0.000000000000000000e+00
5.281500000000000083e-01
0.000000000000000000e+00
0.000000000000000000e+00
0.000000000000000000e+00
4.444899999999999962e-01
0.000000000000000000e+00
0.000000000000000000e+00
0.000000000000000000e+00
7.217900000000000427e-01
0.000000000000000000e+00
0.000000000000000000e+00
0.000000000000000000e+00
0.000000000000000000e+00
4.520600000000000174e-01
0.000000000000000000e+00
0.000000000000000000e+00
0.000000000000000000e+00
0.000000000000000000e+00
6.997600000000000486e-01
0.000000000000000000e+00
0.000000000000000000e+00
8.896500000000000519e-01
0.000000000000000000e+00
0.000000000000000000e+00
7.530299999999999772e-01
0.000000000000000000e+00
0.000000000000000000e+00
0.000000000000000000e+00
0.000000000000000000e+00
0.000000000000000000e+00
0.000000000000000000e+00
5.076500000000000457e-01
0.000000000000000000e+00
7.040199999999999791e-01
0.000000000000000000e+00
0.000000000000000000e+00
4.732299999999999840e-01
0.000000000000000000e+00
0.000000000000000000e+00
4.769100000000000006e-01
0.000000000000000000e+00
0.000000000000000000e+00
5.741100000000000092e-01
0.000000000000000000e+00
0.000000000000000000e+00
0.000000000000000000e+00
7.351600000000000357e-01
0.000000000000000000e+00
0.000000000000000000e+00
0.000000000000000000e+00
0.000000000000000000e+00
7.684400000000000119e-01
0.000000000000000000e+00
0.000000000000000000e+00
6.566999999999999504e-01
0.000000000000000000e+00
6.117099999999999760e-01
0.000000000000000000e+00
0.000000000000000000e+00
0.000000000000000000e+00
4.893000000000000127e-01
0.000000000000000000e+00
0.000000000000000000e+00
5.618600000000000261e-01
0.000000000000000000e+00
8.645000000000000462e-01
0.000000000000000000e+00
1.494809999999999972e+00
0.000000000000000000e+00
0.000000000000000000e+00
6.065800000000000081e-01
0.000000000000000000e+00
0.000000000000000000e+00
0.000000000000000000e+00
0.000000000000000000e+00
7.172600000000000087e-01
0.000000000000000000e+00
0.000000000000000000e+00
1.242869999999999919e+00
0.000000000000000000e+00
0.000000000000000000e+00
0.000000000000000000e+00
0.000000000000000000e+00
5.019000000000000128e-01
0.000000000000000000e+00
0.000000000000000000e+00
0.000000000000000000e+00
7.587399999999999700e-01
0.000000000000000000e+00
0.000000000000000000e+00
0.000000000000000000e+00
5.233700000000000019e-01
0.000000000000000000e+00
1.162449999999999983e+00
0.000000000000000000e+00
0.000000000000000000e+00
0.000000000000000000e+00
0.000000000000000000e+00
5.507699999999999818e-01
0.000000000000000000e+00
5.089799999999999880e-01
0.000000000000000000e+00
0.000000000000000000e+00
0.000000000000000000e+00
0.000000000000000000e+00
0.000000000000000000e+00
4.306699999999999973e-01
0.000000000000000000e+00
0.000000000000000000e+00
0.000000000000000000e+00
5.395400000000000196e-01
0.000000000000000000e+00
4.895599999999999952e-01
0.000000000000000000e+00
0.000000000000000000e+00
5.854899999999999549e-01
0.000000000000000000e+00
7.578700000000000436e-01
0.000000000000000000e+00
4.742799999999999794e-01
0.000000000000000000e+00
0.000000000000000000e+00
5.300200000000000466e-01
0.000000000000000000e+00
0.000000000000000000e+00
0.000000000000000000e+00
0.000000000000000000e+00
9.137399999999999967e-01
0.000000000000000000e+00
7.477000000000000313e-01
0.000000000000000000e+00
0.000000000000000000e+00
0.000000000000000000e+00
4.980299999999999727e-01
0.000000000000000000e+00
0.000000000000000000e+00
0.000000000000000000e+00
0.000000000000000000e+00
5.434600000000000541e-01
0.000000000000000000e+00
0.000000000000000000e+00
6.270000000000000018e-01
0.000000000000000000e+00
0.000000000000000000e+00
7.724499999999999700e-01
0.000000000000000000e+00
0.000000000000000000e+00
0.000000000000000000e+00
0.000000000000000000e+00
5.764899999999999469e-01
0.000000000000000000e+00
0.000000000000000000e+00
0.000000000000000000e+00
5.331200000000000383e-01
0.000000000000000000e+00
0.000000000000000000e+00
0.000000000000000000e+00
0.000000000000000000e+00
4.774499999999999855e-01
0.000000000000000000e+00
0.000000000000000000e+00
0.000000000000000000e+00
0.000000000000000000e+00
5.666999999999999815e-01
0.000000000000000000e+00
5.014499999999999513e-01
0.000000000000000000e+00
0.000000000000000000e+00
0.000000000000000000e+00
6.241100000000000536e-01
0.000000000000000000e+00
0.000000000000000000e+00
0.000000000000000000e+00
6.040900000000000158e-01
0.000000000000000000e+00
0.000000000000000000e+00
0.000000000000000000e+00
0.000000000000000000e+00
5.809900000000000064e-01
0.000000000000000000e+00
7.684699999999999864e-01
0.000000000000000000e+00
0.000000000000000000e+00
6.483999999999999764e-01
0.000000000000000000e+00
0.000000000000000000e+00
0.000000000000000000e+00
5.117300000000000182e-01
0.000000000000000000e+00
0.000000000000000000e+00
0.000000000000000000e+00
0.000000000000000000e+00
0.000000000000000000e+00
1.215349999999999930e+00
0.000000000000000000e+00
0.000000000000000000e+00
0.000000000000000000e+00
0.000000000000000000e+00
7.621599999999999486e-01
0.000000000000000000e+00
0.000000000000000000e+00
9.394400000000000528e-01
0.000000000000000000e+00
0.000000000000000000e+00
0.000000000000000000e+00
7.560099999999999598e-01
0.000000000000000000e+00
7.195599999999999774e-01
0.000000000000000000e+00
5.939299999999999580e-01
0.000000000000000000e+00
0.000000000000000000e+00
0.000000000000000000e+00
1.564659999999999940e+00
0.000000000000000000e+00
0.000000000000000000e+00
7.103699999999999459e-01
0.000000000000000000e+00
0.000000000000000000e+00
0.000000000000000000e+00
1.102680000000000105e+00
0.000000000000000000e+00
0.000000000000000000e+00
0.000000000000000000e+00
8.432699999999999640e-01
0.000000000000000000e+00
6.340999999999999970e-01
0.000000000000000000e+00
5.557499999999999662e-01
0.000000000000000000e+00
5.483200000000000296e-01
0.000000000000000000e+00
0.000000000000000000e+00
6.705299999999999594e-01
0.000000000000000000e+00
0.000000000000000000e+00
5.044100000000000250e-01
0.000000000000000000e+00
0.000000000000000000e+00
0.000000000000000000e+00
0.000000000000000000e+00
8.670200000000000129e-01
0.000000000000000000e+00
0.000000000000000000e+00
0.000000000000000000e+00
8.753199999999999870e-01
0.000000000000000000e+00
0.000000000000000000e+00
6.089099999999999513e-01
0.000000000000000000e+00
6.411900000000000377e-01
0.000000000000000000e+00
0.000000000000000000e+00
0.000000000000000000e+00
0.000000000000000000e+00
6.273300000000000542e-01
0.000000000000000000e+00
0.000000000000000000e+00
1.022480000000000055e+00
0.000000000000000000e+00
0.000000000000000000e+00
0.000000000000000000e+00
5.236600000000000144e-01
0.000000000000000000e+00
0.000000000000000000e+00
4.853100000000000191e-01
0.000000000000000000e+00
0.000000000000000000e+00
6.686199999999999921e-01
0.000000000000000000e+00
0.000000000000000000e+00
0.000000000000000000e+00
8.345299999999999940e-01
0.000000000000000000e+00
0.000000000000000000e+00
1.164250000000000007e+00
0.000000000000000000e+00
0.000000000000000000e+00
0.000000000000000000e+00
4.609800000000000009e-01
0.000000000000000000e+00
0.000000000000000000e+00
0.000000000000000000e+00
0.000000000000000000e+00
0.000000000000000000e+00
0.000000000000000000e+00
0.000000000000000000e+00
0.000000000000000000e+00
0.000000000000000000e+00
0.000000000000000000e+00
0.000000000000000000e+00
0.000000000000000000e+00
0.000000000000000000e+00
0.000000000000000000e+00
0.000000000000000000e+00
0.000000000000000000e+00
0.000000000000000000e+00
0.000000000000000000e+00
0.000000000000000000e+00
0.000000000000000000e+00
0.000000000000000000e+00
7.893299999999999761e-01
0.000000000000000000e+00
0.000000000000000000e+00
0.000000000000000000e+00
5.318199999999999594e-01
0.000000000000000000e+00
8.571499999999999675e-01
0.000000000000000000e+00
0.000000000000000000e+00
5.250899999999999457e-01
0.000000000000000000e+00
0.000000000000000000e+00
0.000000000000000000e+00
9.345799999999999663e-01
0.000000000000000000e+00
0.000000000000000000e+00
6.423499999999999766e-01
0.000000000000000000e+00
0.000000000000000000e+00
7.378099999999999659e-01
0.000000000000000000e+00
0.000000000000000000e+00
5.695400000000000462e-01
0.000000000000000000e+00
0.000000000000000000e+00
0.000000000000000000e+00
5.618100000000000316e-01
0.000000000000000000e+00
0.000000000000000000e+00
4.809700000000000086e-01
0.000000000000000000e+00
6.512499999999999956e-01
0.000000000000000000e+00
0.000000000000000000e+00
0.000000000000000000e+00
5.543799999999999839e-01
0.000000000000000000e+00
0.000000000000000000e+00
7.592799999999999550e-01
0.000000000000000000e+00
0.000000000000000000e+00
0.000000000000000000e+00
7.801000000000000156e-01
0.000000000000000000e+00
6.536899999999999933e-01
0.000000000000000000e+00
0.000000000000000000e+00
0.000000000000000000e+00
5.818999999999999728e-01
0.000000000000000000e+00
0.000000000000000000e+00
0.000000000000000000e+00
0.000000000000000000e+00
7.033599999999999852e-01
0.000000000000000000e+00
0.000000000000000000e+00
4.672100000000000142e-01
0.000000000000000000e+00
0.000000000000000000e+00
0.000000000000000000e+00
7.142100000000000115e-01
0.000000000000000000e+00
0.000000000000000000e+00
0.000000000000000000e+00
5.114100000000000312e-01
0.000000000000000000e+00
6.885299999999999754e-01
0.000000000000000000e+00
7.438700000000000312e-01
0.000000000000000000e+00
5.591099999999999959e-01
0.000000000000000000e+00
0.000000000000000000e+00
0.000000000000000000e+00
6.489700000000000468e-01
0.000000000000000000e+00
0.000000000000000000e+00
0.000000000000000000e+00
3.986999999999999988e-01
0.000000000000000000e+00
0.000000000000000000e+00
0.000000000000000000e+00
6.937400000000000233e-01
0.000000000000000000e+00
6.073899999999999855e-01
0.000000000000000000e+00
0.000000000000000000e+00
0.000000000000000000e+00
5.307800000000000296e-01
0.000000000000000000e+00
0.000000000000000000e+00
0.000000000000000000e+00
0.000000000000000000e+00
0.000000000000000000e+00
0.000000000000000000e+00
5.355199999999999960e-01
0.000000000000000000e+00
5.302299999999999791e-01
0.000000000000000000e+00
5.590500000000000469e-01
0.000000000000000000e+00
5.589499999999999469e-01
0.000000000000000000e+00
0.000000000000000000e+00
0.000000000000000000e+00
0.000000000000000000e+00
5.482599999999999696e-01
0.000000000000000000e+00
0.000000000000000000e+00
1.279320000000000013e+00
0.000000000000000000e+00
5.944000000000000394e-01
0.000000000000000000e+00
1.256059999999999954e+00
0.000000000000000000e+00
0.000000000000000000e+00
0.000000000000000000e+00
7.253699999999999593e-01
0.000000000000000000e+00
0.000000000000000000e+00
1.316959999999999908e+00
0.000000000000000000e+00
0.000000000000000000e+00
1.152199999999999891e+00
0.000000000000000000e+00
0.000000000000000000e+00
1.532969999999999944e+00
0.000000000000000000e+00
1.016270000000000007e+00
0.000000000000000000e+00
0.000000000000000000e+00
5.683099999999999818e-01
0.000000000000000000e+00
0.000000000000000000e+00
0.000000000000000000e+00
4.808600000000000096e-01
0.000000000000000000e+00
5.355400000000000160e-01
0.000000000000000000e+00
0.000000000000000000e+00
5.642099999999999893e-01
0.000000000000000000e+00
0.000000000000000000e+00
5.787099999999999467e-01
0.000000000000000000e+00
0.000000000000000000e+00
4.289799999999999724e-01
0.000000000000000000e+00
4.724800000000000111e-01
0.000000000000000000e+00
0.000000000000000000e+00
0.000000000000000000e+00
0.000000000000000000e+00
5.572000000000000286e-01
0.000000000000000000e+00
0.000000000000000000e+00
0.000000000000000000e+00
0.000000000000000000e+00
0.000000000000000000e+00
5.393700000000000161e-01
0.000000000000000000e+00
0.000000000000000000e+00
0.000000000000000000e+00
7.756800000000000361e-01
0.000000000000000000e+00
0.000000000000000000e+00
0.000000000000000000e+00
0.000000000000000000e+00
0.000000000000000000e+00
5.587699999999999889e-01
0.000000000000000000e+00
0.000000000000000000e+00
1.064640000000000031e+00
0.000000000000000000e+00
8.200699999999999656e-01
0.000000000000000000e+00
0.000000000000000000e+00
0.000000000000000000e+00
0.000000000000000000e+00
5.892600000000000060e-01
0.000000000000000000e+00
0.000000000000000000e+00
8.368200000000000083e-01
0.000000000000000000e+00
6.781800000000000050e-01
0.000000000000000000e+00
6.055399999999999672e-01
0.000000000000000000e+00
0.000000000000000000e+00
5.964899999999999647e-01
0.000000000000000000e+00
0.000000000000000000e+00
5.353499999999999925e-01
0.000000000000000000e+00
0.000000000000000000e+00
0.000000000000000000e+00
4.989999999999999991e-01
0.000000000000000000e+00
4.859999999999999876e-01
0.000000000000000000e+00
0.000000000000000000e+00
4.405100000000000127e-01
0.000000000000000000e+00
0.000000000000000000e+00
0.000000000000000000e+00
5.213299999999999601e-01
0.000000000000000000e+00
0.000000000000000000e+00
0.000000000000000000e+00
0.000000000000000000e+00
5.269700000000000495e-01
0.000000000000000000e+00
8.543500000000000538e-01
0.000000000000000000e+00
0.000000000000000000e+00
0.000000000000000000e+00
5.539300000000000335e-01
0.000000000000000000e+00
0.000000000000000000e+00
1.527859999999999996e+00
0.000000000000000000e+00
0.000000000000000000e+00
0.000000000000000000e+00
9.437299999999999578e-01
0.000000000000000000e+00
0.000000000000000000e+00
0.000000000000000000e+00
6.781199999999999450e-01
0.000000000000000000e+00
7.684999999999999609e-01
0.000000000000000000e+00
0.000000000000000000e+00
5.961300000000000487e-01
0.000000000000000000e+00
0.000000000000000000e+00
0.000000000000000000e+00
5.217699999999999561e-01
0.000000000000000000e+00
0.000000000000000000e+00
0.000000000000000000e+00
0.000000000000000000e+00
4.542700000000000071e-01
0.000000000000000000e+00
5.098899999999999544e-01
0.000000000000000000e+00
1.017770000000000064e+00
0.000000000000000000e+00
1.115739999999999954e+00
0.000000000000000000e+00
0.000000000000000000e+00
4.606399999999999939e-01
0.000000000000000000e+00
0.000000000000000000e+00
0.000000000000000000e+00
5.044499999999999540e-01
0.000000000000000000e+00
0.000000000000000000e+00
7.034099999999999797e-01
0.000000000000000000e+00
0.000000000000000000e+00
0.000000000000000000e+00
0.000000000000000000e+00
0.000000000000000000e+00
0.000000000000000000e+00
0.000000000000000000e+00
0.000000000000000000e+00
0.000000000000000000e+00
0.000000000000000000e+00
0.000000000000000000e+00
0.000000000000000000e+00
0.000000000000000000e+00
0.000000000000000000e+00
0.000000000000000000e+00
0.000000000000000000e+00
0.000000000000000000e+00
0.000000000000000000e+00
0.000000000000000000e+00
0.000000000000000000e+00
0.000000000000000000e+00
9.349100000000000188e-01
0.000000000000000000e+00
0.000000000000000000e+00
0.000000000000000000e+00
0.000000000000000000e+00
6.229000000000000092e-01
0.000000000000000000e+00
9.062299999999999800e-01
0.000000000000000000e+00
0.000000000000000000e+00
0.000000000000000000e+00
0.000000000000000000e+00
5.142799999999999594e-01
0.000000000000000000e+00
8.775600000000000067e-01
0.000000000000000000e+00
0.000000000000000000e+00
0.000000000000000000e+00
5.819600000000000328e-01
0.000000000000000000e+00
0.000000000000000000e+00
0.000000000000000000e+00
6.415899999999999936e-01
0.000000000000000000e+00
0.000000000000000000e+00
0.000000000000000000e+00
0.000000000000000000e+00
0.000000000000000000e+00
6.707600000000000229e-01
0.000000000000000000e+00
0.000000000000000000e+00
5.514400000000000412e-01
0.000000000000000000e+00
0.000000000000000000e+00
0.000000000000000000e+00
0.000000000000000000e+00
4.628399999999999737e-01
0.000000000000000000e+00
0.000000000000000000e+00
0.000000000000000000e+00
6.683099999999999596e-01
0.000000000000000000e+00
0.000000000000000000e+00
4.542399999999999771e-01
0.000000000000000000e+00
4.977099999999999858e-01
0.000000000000000000e+00
0.000000000000000000e+00
0.000000000000000000e+00
0.000000000000000000e+00
5.429500000000000437e-01
0.000000000000000000e+00
0.000000000000000000e+00
0.000000000000000000e+00
0.000000000000000000e+00
0.000000000000000000e+00
0.000000000000000000e+00
1.615690000000000071e+00
0.000000000000000000e+00
0.000000000000000000e+00
0.000000000000000000e+00
5.364100000000000534e-01
0.000000000000000000e+00
0.000000000000000000e+00
5.449199999999999600e-01
0.000000000000000000e+00
0.000000000000000000e+00
1.667610000000000037e+00
0.000000000000000000e+00
0.000000000000000000e+00
0.000000000000000000e+00
0.000000000000000000e+00
0.000000000000000000e+00
5.293700000000000072e-01
0.000000000000000000e+00
0.000000000000000000e+00
7.184000000000000385e-01
0.000000000000000000e+00
0.000000000000000000e+00
8.384599999999999831e-01
0.000000000000000000e+00
0.000000000000000000e+00
0.000000000000000000e+00
9.404599999999999627e-01
0.000000000000000000e+00
7.308499999999999996e-01
0.000000000000000000e+00
7.044500000000000206e-01
0.000000000000000000e+00
5.226199999999999735e-01
0.000000000000000000e+00
0.000000000000000000e+00
0.000000000000000000e+00
0.000000000000000000e+00
5.295800000000000507e-01
0.000000000000000000e+00
8.563100000000000156e-01
0.000000000000000000e+00
0.000000000000000000e+00
0.000000000000000000e+00
5.707600000000000451e-01
0.000000000000000000e+00
0.000000000000000000e+00
4.979299999999999837e-01
0.000000000000000000e+00
0.000000000000000000e+00
5.011600000000000499e-01
0.000000000000000000e+00
0.000000000000000000e+00
0.000000000000000000e+00
8.759500000000000064e-01
0.000000000000000000e+00
0.000000000000000000e+00
0.000000000000000000e+00
0.000000000000000000e+00
0.000000000000000000e+00
1.013090000000000046e+00
0.000000000000000000e+00
0.000000000000000000e+00
0.000000000000000000e+00
7.720700000000000340e-01
0.000000000000000000e+00
6.247500000000000275e-01
0.000000000000000000e+00
0.000000000000000000e+00
5.010799999999999699e-01
0.000000000000000000e+00
0.000000000000000000e+00
0.000000000000000000e+00
0.000000000000000000e+00
0.000000000000000000e+00
5.585499999999999909e-01
0.000000000000000000e+00
0.000000000000000000e+00
5.336199999999999832e-01
0.000000000000000000e+00
0.000000000000000000e+00
0.000000000000000000e+00
5.267500000000000515e-01
0.000000000000000000e+00
0.000000000000000000e+00
0.000000000000000000e+00
0.000000000000000000e+00
6.902899999999999592e-01
0.000000000000000000e+00
5.676299999999999679e-01
0.000000000000000000e+00
0.000000000000000000e+00
5.276899999999999924e-01
0.000000000000000000e+00
0.000000000000000000e+00
0.000000000000000000e+00
0.000000000000000000e+00
7.986999999999999655e-01
0.000000000000000000e+00
0.000000000000000000e+00
0.000000000000000000e+00
0.000000000000000000e+00
0.000000000000000000e+00
0.000000000000000000e+00
0.000000000000000000e+00
5.383700000000000152e-01
0.000000000000000000e+00
5.181700000000000195e-01
0.000000000000000000e+00
6.350500000000000034e-01
0.000000000000000000e+00
5.856900000000000439e-01
0.000000000000000000e+00
6.786900000000000155e-01
0.000000000000000000e+00
0.000000000000000000e+00
8.098800000000000443e-01
0.000000000000000000e+00
0.000000000000000000e+00
0.000000000000000000e+00
0.000000000000000000e+00
0.000000000000000000e+00
8.578500000000000014e-01
0.000000000000000000e+00
8.568900000000000405e-01
0.000000000000000000e+00
9.032099999999999573e-01
0.000000000000000000e+00
0.000000000000000000e+00
0.000000000000000000e+00
1.059190000000000076e+00
0.000000000000000000e+00
8.253800000000000026e-01
0.000000000000000000e+00
0.000000000000000000e+00
0.000000000000000000e+00
4.827500000000000124e-01
0.000000000000000000e+00
7.098999999999999755e-01
0.000000000000000000e+00
0.000000000000000000e+00
0.000000000000000000e+00
0.000000000000000000e+00
1.154740000000000100e+00
0.000000000000000000e+00
0.000000000000000000e+00
0.000000000000000000e+00
0.000000000000000000e+00
0.000000000000000000e+00
0.000000000000000000e+00
1.092659999999999965e+00
0.000000000000000000e+00
0.000000000000000000e+00
0.000000000000000000e+00
7.930399999999999672e-01
0.000000000000000000e+00
0.000000000000000000e+00
7.592700000000000005e-01
0.000000000000000000e+00
0.000000000000000000e+00
0.000000000000000000e+00
4.788899999999999824e-01
0.000000000000000000e+00
0.000000000000000000e+00
6.357899999999999663e-01
0.000000000000000000e+00
0.000000000000000000e+00
0.000000000000000000e+00
0.000000000000000000e+00
0.000000000000000000e+00
5.588400000000000034e-01
0.000000000000000000e+00
8.935400000000000009e-01
0.000000000000000000e+00
0.000000000000000000e+00
5.668800000000000505e-01
0.000000000000000000e+00
0.000000000000000000e+00
0.000000000000000000e+00
0.000000000000000000e+00
5.690100000000000158e-01
0.000000000000000000e+00
0.000000000000000000e+00
0.000000000000000000e+00
0.000000000000000000e+00
5.480399999999999716e-01
0.000000000000000000e+00
0.000000000000000000e+00
1.335139999999999993e+00
0.000000000000000000e+00
5.955599999999999783e-01
0.000000000000000000e+00
7.458599999999999675e-01
0.000000000000000000e+00
5.471099999999999852e-01
0.000000000000000000e+00
5.302700000000000191e-01
0.000000000000000000e+00
0.000000000000000000e+00
1.438330000000000108e+00
0.000000000000000000e+00
0.000000000000000000e+00
8.492399999999999949e-01
0.000000000000000000e+00
0.000000000000000000e+00
5.041099999999999470e-01
0.000000000000000000e+00
0.000000000000000000e+00
5.470300000000000162e-01
0.000000000000000000e+00
0.000000000000000000e+00
0.000000000000000000e+00
4.621500000000000052e-01
0.000000000000000000e+00
5.447999999999999510e-01
0.000000000000000000e+00
0.000000000000000000e+00
1.610489999999999977e+00
0.000000000000000000e+00
0.000000000000000000e+00
6.998100000000000431e-01
0.000000000000000000e+00
0.000000000000000000e+00
0.000000000000000000e+00
0.000000000000000000e+00
6.538500000000000423e-01
0.000000000000000000e+00
0.000000000000000000e+00
0.000000000000000000e+00
0.000000000000000000e+00
0.000000000000000000e+00
0.000000000000000000e+00
0.000000000000000000e+00
0.000000000000000000e+00
0.000000000000000000e+00
0.000000000000000000e+00
0.000000000000000000e+00
0.000000000000000000e+00
0.000000000000000000e+00
0.000000000000000000e+00
0.000000000000000000e+00
0.000000000000000000e+00
0.000000000000000000e+00
0.000000000000000000e+00
0.000000000000000000e+00
0.000000000000000000e+00
0.000000000000000000e+00
0.000000000000000000e+00
0.000000000000000000e+00
4.693800000000000194e-01
0.000000000000000000e+00
0.000000000000000000e+00
5.415400000000000214e-01
0.000000000000000000e+00
0.000000000000000000e+00
5.265400000000000080e-01
0.000000000000000000e+00
0.000000000000000000e+00
0.000000000000000000e+00
4.624199999999999977e-01
0.000000000000000000e+00
0.000000000000000000e+00
0.000000000000000000e+00
0.000000000000000000e+00
5.511200000000000543e-01
0.000000000000000000e+00
0.000000000000000000e+00
6.240599999999999481e-01
0.000000000000000000e+00
0.000000000000000000e+00
0.000000000000000000e+00
9.191399999999999570e-01
0.000000000000000000e+00
0.000000000000000000e+00
0.000000000000000000e+00
5.230900000000000549e-01
0.000000000000000000e+00
0.000000000000000000e+00
4.922000000000000264e-01
0.000000000000000000e+00
5.999600000000000488e-01
0.000000000000000000e+00
7.854400000000000270e-01
0.000000000000000000e+00
0.000000000000000000e+00
0.000000000000000000e+00
6.215899999999999759e-01
0.000000000000000000e+00
7.355300000000000171e-01
0.000000000000000000e+00
0.000000000000000000e+00
0.000000000000000000e+00
0.000000000000000000e+00
1.311450000000000005e+00
0.000000000000000000e+00
0.000000000000000000e+00
0.000000000000000000e+00
0.000000000000000000e+00
4.221199999999999952e-01
0.000000000000000000e+00
0.000000000000000000e+00
5.060900000000000398e-01
0.000000000000000000e+00
1.245840000000000058e+00
0.000000000000000000e+00
5.732800000000000118e-01
0.000000000000000000e+00
0.000000000000000000e+00
0.000000000000000000e+00
0.000000000000000000e+00
5.324600000000000444e-01
0.000000000000000000e+00
0.000000000000000000e+00
1.090500000000000025e+00
0.000000000000000000e+00
0.000000000000000000e+00
9.187300000000000466e-01
0.000000000000000000e+00
0.000000000000000000e+00
6.315699999999999648e-01
0.000000000000000000e+00
0.000000000000000000e+00
4.885499999999999843e-01
0.000000000000000000e+00
0.000000000000000000e+00
5.921300000000000452e-01
0.000000000000000000e+00
0.000000000000000000e+00
0.000000000000000000e+00
0.000000000000000000e+00
0.000000000000000000e+00
0.000000000000000000e+00
5.396100000000000341e-01
0.000000000000000000e+00
0.000000000000000000e+00
0.000000000000000000e+00
0.000000000000000000e+00
4.461600000000000010e-01
0.000000000000000000e+00
0.000000000000000000e+00
0.000000000000000000e+00
1.201780000000000070e+00
0.000000000000000000e+00
0.000000000000000000e+00
1.123240000000000016e+00
0.000000000000000000e+00
1.247460000000000013e+00
0.000000000000000000e+00
0.000000000000000000e+00
4.945899999999999741e-01
0.000000000000000000e+00
0.000000000000000000e+00
6.875599999999999490e-01
0.000000000000000000e+00
0.000000000000000000e+00
0.000000000000000000e+00
0.000000000000000000e+00
0.000000000000000000e+00
5.839800000000000546e-01
0.000000000000000000e+00
5.056300000000000239e-01
0.000000000000000000e+00
6.341599999999999460e-01
0.000000000000000000e+00
6.770800000000000152e-01
0.000000000000000000e+00
0.000000000000000000e+00
5.019900000000000473e-01
0.000000000000000000e+00
0.000000000000000000e+00
5.609100000000000197e-01
0.000000000000000000e+00
0.000000000000000000e+00
4.040599999999999747e-01
0.000000000000000000e+00
0.000000000000000000e+00
0.000000000000000000e+00
0.000000000000000000e+00
6.222499999999999698e-01
0.000000000000000000e+00
0.000000000000000000e+00
0.000000000000000000e+00
6.053699999999999637e-01
0.000000000000000000e+00
5.827900000000000302e-01
0.000000000000000000e+00
0.000000000000000000e+00
0.000000000000000000e+00
6.046599999999999753e-01
0.000000000000000000e+00
6.198099999999999721e-01
0.000000000000000000e+00
0.000000000000000000e+00
0.000000000000000000e+00
5.773700000000000498e-01
0.000000000000000000e+00
1.004729999999999901e+00
0.000000000000000000e+00
0.000000000000000000e+00
0.000000000000000000e+00
0.000000000000000000e+00
0.000000000000000000e+00
5.987500000000000044e-01
0.000000000000000000e+00
4.410499999999999976e-01
0.000000000000000000e+00
0.000000000000000000e+00
0.000000000000000000e+00
7.073199999999999488e-01
0.000000000000000000e+00
1.583730000000000082e+00
0.000000000000000000e+00
0.000000000000000000e+00
0.000000000000000000e+00
0.000000000000000000e+00
0.000000000000000000e+00
0.000000000000000000e+00
1.228210000000000024e+00
0.000000000000000000e+00
0.000000000000000000e+00
0.000000000000000000e+00
6.864400000000000501e-01
0.000000000000000000e+00
0.000000000000000000e+00
0.000000000000000000e+00
8.602999999999999536e-01
0.000000000000000000e+00
0.000000000000000000e+00
8.662199999999999900e-01
0.000000000000000000e+00
0.000000000000000000e+00
6.131299999999999528e-01
0.000000000000000000e+00
7.403600000000000181e-01
0.000000000000000000e+00
0.000000000000000000e+00
7.054899999999999505e-01
0.000000000000000000e+00
0.000000000000000000e+00
0.000000000000000000e+00
0.000000000000000000e+00
5.384900000000000242e-01
0.000000000000000000e+00
6.271999999999999797e-01
0.000000000000000000e+00
0.000000000000000000e+00
0.000000000000000000e+00
0.000000000000000000e+00
4.529000000000000248e-01
0.000000000000000000e+00
0.000000000000000000e+00
0.000000000000000000e+00
5.163299999999999557e-01
0.000000000000000000e+00
1.360020000000000007e+00
0.000000000000000000e+00
0.000000000000000000e+00
0.000000000000000000e+00
0.000000000000000000e+00
5.482299999999999951e-01
0.000000000000000000e+00
0.000000000000000000e+00
0.000000000000000000e+00
0.000000000000000000e+00
0.000000000000000000e+00
7.580500000000000016e-01
0.000000000000000000e+00
0.000000000000000000e+00
0.000000000000000000e+00
0.000000000000000000e+00
5.143299999999999539e-01
0.000000000000000000e+00
0.000000000000000000e+00
5.755900000000000460e-01
0.000000000000000000e+00
7.725699999999999790e-01
0.000000000000000000e+00
0.000000000000000000e+00
4.626299999999999857e-01
0.000000000000000000e+00
0.000000000000000000e+00
5.958099999999999508e-01
0.000000000000000000e+00
0.000000000000000000e+00
0.000000000000000000e+00
0.000000000000000000e+00
4.854999999999999871e-01
0.000000000000000000e+00
6.325699999999999656e-01
0.000000000000000000e+00
0.000000000000000000e+00
4.721699999999999786e-01
0.000000000000000000e+00
0.000000000000000000e+00
7.907399999999999984e-01
0.000000000000000000e+00
0.000000000000000000e+00
0.000000000000000000e+00
5.002299999999999525e-01
0.000000000000000000e+00
4.842799999999999883e-01
0.000000000000000000e+00
0.000000000000000000e+00
4.707500000000000018e-01
0.000000000000000000e+00
4.790599999999999858e-01
0.000000000000000000e+00
4.590000000000000191e-01
0.000000000000000000e+00
4.960700000000000109e-01
0.000000000000000000e+00
0.000000000000000000e+00
0.000000000000000000e+00
0.000000000000000000e+00
4.403099999999999792e-01
0.000000000000000000e+00
0.000000000000000000e+00
6.824700000000000211e-01
0.000000000000000000e+00
0.000000000000000000e+00
0.000000000000000000e+00
0.000000000000000000e+00
0.000000000000000000e+00
0.000000000000000000e+00
0.000000000000000000e+00
0.000000000000000000e+00
0.000000000000000000e+00
0.000000000000000000e+00
0.000000000000000000e+00
0.000000000000000000e+00
0.000000000000000000e+00
