0.000000000000000000e+00
0.000000000000000000e+00
0.000000000000000000e+00
0.000000000000000000e+00
0.000000000000000000e+00
0.000000000000000000e+00
0.000000000000000000e+00
0.000000000000000000e+00
0.000000000000000000e+00
0.000000000000000000e+00
9.285900000000000265e-01
0.000000000000000000e+00
0.000000000000000000e+00
7.515100000000000113e-01
0.000000000000000000e+00
0.000000000000000000e+00
0.000000000000000000e+00
5.331500000000000128e-01
0.000000000000000000e+00
5.491500000000000270e-01
0.000000000000000000e+00
0.000000000000000000e+00
0.000000000000000000e+00
6.461900000000000421e-01
0.000000000000000000e+00
5.585799999999999654e-01
0.000000000000000000e+00
0.000000000000000000e+00
5.531700000000000506e-01
0.000000000000000000e+00
7.400200000000000111e-01
0.000000000000000000e+00
0.000000000000000000e+00
0.000000000000000000e+00
6.356100000000000083e-01
0.000000000000000000e+00
0.000000000000000000e+00
0.000000000000000000e+00
6.148000000000000131e-01
0.000000000000000000e+00
0.000000000000000000e+00
0.000000000000000000e+00
7.397899999999999476e-01
0.000000000000000000e+00
0.000000000000000000e+00
1.073450000000000015e+00
0.000000000000000000e+00
6.907699999999999951e-01
0.000000000000000000e+00
0.000000000000000000e+00
6.280799999999999716e-01
0.000000000000000000e+00
0.000000000000000000e+00
6.458399999999999697e-01
0.000000000000000000e+00
0.000000000000000000e+00
0.000000000000000000e+00
0.000000000000000000e+00
0.000000000000000000e+00
6.223999999999999533e-01
0.000000000000000000e+00
0.000000000000000000e+00
5.797400000000000331e-01
0.000000000000000000e+00
0.000000000000000000e+00
0.000000000000000000e+00
0.000000000000000000e+00
0.000000000000000000e+00
0.000000000000000000e+00
8.521499999999999631e-01
0.000000000000000000e+00
0.000000000000000000e+00
5.990199999999999969e-01
0.000000000000000000e+00
0.000000000000000000e+00
7.793200000000000127e-01
0.000000000000000000e+00
0.000000000000000000e+00
0.000000000000000000e+00
5.392799999999999816e-01
0.000000000000000000e+00
5.008799999999999919e-01
0.000000000000000000e+00
0.000000000000000000e+00
5.727799999999999558e-01
0.000000000000000000e+00
0.000000000000000000e+00
0.000000000000000000e+00
5.894800000000000040e-01
0.000000000000000000e+00
0.000000000000000000e+00
0.000000000000000000e+00
8.514199999999999546e-01
0.000000000000000000e+00
0.000000000000000000e+00
5.386800000000000477e-01
0.000000000000000000e+00
0.000000000000000000e+00
5.470899999999999652e-01
0.000000000000000000e+00
0.000000000000000000e+00
0.000000000000000000e+00
5.351799999999999891e-01
0.000000000000000000e+00
0.000000000000000000e+00
0.000000000000000000e+00
0.000000000000000000e+00
0.000000000000000000e+00
0.000000000000000000e+00
0.000000000000000000e+00
8.992999999999999883e-01
0.000000000000000000e+00
6.854000000000000092e-01
0.000000000000000000e+00
6.129000000000000004e-01
0.000000000000000000e+00
5.364299999999999624e-01
0.000000000000000000e+00
0.000000000000000000e+00
5.957999999999999963e-01
0.000000000000000000e+00
0.000000000000000000e+00
6.095800000000000107e-01
0.000000000000000000e+00
0.000000000000000000e+00
0.000000000000000000e+00
0.000000000000000000e+00
0.000000000000000000e+00
6.707100000000000284e-01
0.000000000000000000e+00
0.000000000000000000e+00
5.309300000000000130e-01
0.000000000000000000e+00
4.899899999999999811e-01
0.000000000000000000e+00
5.125100000000000211e-01
0.000000000000000000e+00
0.000000000000000000e+00
0.000000000000000000e+00
0.000000000000000000e+00
6.423799999999999510e-01
0.000000000000000000e+00
0.000000000000000000e+00
1.384239999999999915e+00
0.000000000000000000e+00
0.000000000000000000e+00
0.000000000000000000e+00
0.000000000000000000e+00
6.846299999999999608e-01
0.000000000000000000e+00
0.000000000000000000e+00
5.512899999999999467e-01
0.000000000000000000e+00
0.000000000000000000e+00
9.125499999999999723e-01
0.000000000000000000e+00
5.524099999999999566e-01
0.000000000000000000e+00
0.000000000000000000e+00
0.000000000000000000e+00
5.562300000000000022e-01
0.000000000000000000e+00
0.000000000000000000e+00
0.000000000000000000e+00
5.535700000000000065e-01
0.000000000000000000e+00
0.000000000000000000e+00
5.753700000000000481e-01
0.000000000000000000e+00
7.248099999999999543e-01
0.000000000000000000e+00
0.000000000000000000e+00
0.000000000000000000e+00
6.754499999999999948e-01
0.000000000000000000e+00
0.000000000000000000e+00
0.000000000000000000e+00
6.104600000000000026e-01
0.000000000000000000e+00
0.000000000000000000e+00
6.727699999999999791e-01
0.000000000000000000e+00
0.000000000000000000e+00
0.000000000000000000e+00
7.598799999999999999e-01
0.000000000000000000e+00
8.073399999999999466e-01
0.000000000000000000e+00
0.000000000000000000e+00
5.145899999999999919e-01
0.000000000000000000e+00
7.198200000000000154e-01
0.000000000000000000e+00
0.000000000000000000e+00
7.507200000000000539e-01
0.000000000000000000e+00
0.000000000000000000e+00
5.825799999999999867e-01
0.000000000000000000e+00
6.360599999999999588e-01
0.000000000000000000e+00
6.034100000000000019e-01
0.000000000000000000e+00
0.000000000000000000e+00
6.077500000000000124e-01
0.000000000000000000e+00
0.000000000000000000e+00
0.000000000000000000e+00
5.789999999999999591e-01
0.000000000000000000e+00
0.000000000000000000e+00
8.168199999999999905e-01
0.000000000000000000e+00
0.000000000000000000e+00
9.926099999999999923e-01
0.000000000000000000e+00
0.000000000000000000e+00
0.000000000000000000e+00
0.000000000000000000e+00
6.544100000000000472e-01
0.000000000000000000e+00
0.000000000000000000e+00
6.247000000000000330e-01
0.000000000000000000e+00
0.000000000000000000e+00
0.000000000000000000e+00
0.000000000000000000e+00
5.976000000000000201e-01
0.000000000000000000e+00
7.956199999999999939e-01
0.000000000000000000e+00
0.000000000000000000e+00
4.744200000000000084e-01
0.000000000000000000e+00
0.000000000000000000e+00
6.172199999999999909e-01
0.000000000000000000e+00
6.608899999999999775e-01
0.000000000000000000e+00
8.678000000000000158e-01
0.000000000000000000e+00
0.000000000000000000e+00
5.246899999999999897e-01
0.000000000000000000e+00
0.000000000000000000e+00
0.000000000000000000e+00
9.338400000000000034e-01
0.000000000000000000e+00
0.000000000000000000e+00
0.000000000000000000e+00
0.000000000000000000e+00
6.425800000000000400e-01
0.000000000000000000e+00
0.000000000000000000e+00
5.719300000000000495e-01
0.000000000000000000e+00
0.000000000000000000e+00
0.000000000000000000e+00
8.739700000000000246e-01
0.000000000000000000e+00
6.375600000000000156e-01
0.000000000000000000e+00
0.000000000000000000e+00
6.883399999999999519e-01
0.000000000000000000e+00
0.000000000000000000e+00
0.000000000000000000e+00
0.000000000000000000e+00
0.000000000000000000e+00
6.081100000000000394e-01
0.000000000000000000e+00
7.544399999999999995e-01
0.000000000000000000e+00
0.000000000000000000e+00
0.000000000000000000e+00
0.000000000000000000e+00
0.000000000000000000e+00
0.000000000000000000e+00
0.000000000000000000e+00
0.000000000000000000e+00
0.000000000000000000e+00
0.000000000000000000e+00
0.000000000000000000e+00
0.000000000000000000e+00
0.000000000000000000e+00
0.000000000000000000e+00
0.000000000000000000e+00
0.000000000000000000e+00
0.000000000000000000e+00
0.000000000000000000e+00
0.000000000000000000e+00
0.000000000000000000e+00
0.000000000000000000e+00
0.000000000000000000e+00
0.000000000000000000e+00
1.358030000000000070e+00
0.000000000000000000e+00
0.000000000000000000e+00
0.000000000000000000e+00
0.000000000000000000e+00
6.325199999999999712e-01
0.000000000000000000e+00
0.000000000000000000e+00
0.000000000000000000e+00
0.000000000000000000e+00
5.912199999999999678e-01
0.000000000000000000e+00
0.000000000000000000e+00
0.000000000000000000e+00
6.583599999999999453e-01
0.000000000000000000e+00
1.433910000000000018e+00
0.000000000000000000e+00
1.696360000000000090e+00
0.000000000000000000e+00
8.963900000000000201e-01
0.000000000000000000e+00
8.481499999999999595e-01
0.000000000000000000e+00
0.000000000000000000e+00
0.000000000000000000e+00
0.000000000000000000e+00
0.000000000000000000e+00
1.032729999999999926e+00
0.000000000000000000e+00
1.006780000000000008e+00
0.000000000000000000e+00
6.207799999999999985e-01
0.000000000000000000e+00
0.000000000000000000e+00
0.000000000000000000e+00
1.006760000000000099e+00
0.000000000000000000e+00
0.000000000000000000e+00
6.866600000000000481e-01
0.000000000000000000e+00
0.000000000000000000e+00
0.000000000000000000e+00
6.947999999999999732e-01
0.000000000000000000e+00
0.000000000000000000e+00
8.824899999999999967e-01
0.000000000000000000e+00
1.025490000000000013e+00
0.000000000000000000e+00
7.515699999999999603e-01
0.000000000000000000e+00
0.000000000000000000e+00
0.000000000000000000e+00
6.432299999999999685e-01
0.000000000000000000e+00
0.000000000000000000e+00
0.000000000000000000e+00
0.000000000000000000e+00
0.000000000000000000e+00
0.000000000000000000e+00
1.045700000000000074e+00
0.000000000000000000e+00
0.000000000000000000e+00
0.000000000000000000e+00
0.000000000000000000e+00
9.856200000000000516e-01
0.000000000000000000e+00
0.000000000000000000e+00
0.000000000000000000e+00
0.000000000000000000e+00
7.313300000000000356e-01
0.000000000000000000e+00
0.000000000000000000e+00
0.000000000000000000e+00
5.543599999999999639e-01
0.000000000000000000e+00
0.000000000000000000e+00
0.000000000000000000e+00
6.711099999999999843e-01
0.000000000000000000e+00
0.000000000000000000e+00
8.393100000000000005e-01
0.000000000000000000e+00
0.000000000000000000e+00
0.000000000000000000e+00
1.015419999999999989e+00
0.000000000000000000e+00
7.868800000000000239e-01
0.000000000000000000e+00
0.000000000000000000e+00
7.027299999999999658e-01
0.000000000000000000e+00
0.000000000000000000e+00
8.616800000000000015e-01
0.000000000000000000e+00
0.000000000000000000e+00
8.249400000000000066e-01
0.000000000000000000e+00
9.264099999999999557e-01
0.000000000000000000e+00
7.059100000000000374e-01
0.000000000000000000e+00
0.000000000000000000e+00
0.000000000000000000e+00
0.000000000000000000e+00
9.207999999999999519e-01
0.000000000000000000e+00
0.000000000000000000e+00
0.000000000000000000e+00
0.000000000000000000e+00
0.000000000000000000e+00
7.920000000000000373e-01
0.000000000000000000e+00
0.000000000000000000e+00
0.000000000000000000e+00
6.366199999999999637e-01
0.000000000000000000e+00
0.000000000000000000e+00
6.959499999999999575e-01
0.000000000000000000e+00
0.000000000000000000e+00
8.426799999999999846e-01
0.000000000000000000e+00
0.000000000000000000e+00
5.870199999999999863e-01
0.000000000000000000e+00
6.186099999999999932e-01
0.000000000000000000e+00
1.942090000000000094e+00
0.000000000000000000e+00
0.000000000000000000e+00
0.000000000000000000e+00
0.000000000000000000e+00
0.000000000000000000e+00
6.338200000000000500e-01
0.000000000000000000e+00
0.000000000000000000e+00
5.904599999999999849e-01
0.000000000000000000e+00
0.000000000000000000e+00
0.000000000000000000e+00
7.426899999999999613e-01
0.000000000000000000e+00
0.000000000000000000e+00
0.000000000000000000e+00
0.000000000000000000e+00
1.363830000000000098e+00
0.000000000000000000e+00
0.000000000000000000e+00
0.000000000000000000e+00
0.000000000000000000e+00
0.000000000000000000e+00
6.735999999999999766e-01
0.000000000000000000e+00
0.000000000000000000e+00
0.000000000000000000e+00
8.946899999999999853e-01
0.000000000000000000e+00
0.000000000000000000e+00
7.235800000000000010e-01
0.000000000000000000e+00
0.000000000000000000e+00
6.328399999999999581e-01
0.000000000000000000e+00
5.547499999999999654e-01
0.000000000000000000e+00
0.000000000000000000e+00
9.557700000000000085e-01
0.000000000000000000e+00
0.000000000000000000e+00
0.000000000000000000e+00
0.000000000000000000e+00
6.304699999999999749e-01
0.000000000000000000e+00
0.000000000000000000e+00
0.000000000000000000e+00
6.396100000000000119e-01
0.000000000000000000e+00
0.000000000000000000e+00
0.000000000000000000e+00
1.605690000000000062e+00
0.000000000000000000e+00
0.000000000000000000e+00
0.000000000000000000e+00
6.469099999999999850e-01
0.000000000000000000e+00
0.000000000000000000e+00
0.000000000000000000e+00
0.000000000000000000e+00
1.933200000000000029e+00
0.000000000000000000e+00
0.000000000000000000e+00
7.174099999999999921e-01
0.000000000000000000e+00
0.000000000000000000e+00
0.000000000000000000e+00
0.000000000000000000e+00
0.000000000000000000e+00
0.000000000000000000e+00
6.061999999999999611e-01
0.000000000000000000e+00
0.000000000000000000e+00
1.929720000000000102e+00
0.000000000000000000e+00
0.000000000000000000e+00
0.000000000000000000e+00
1.287749999999999950e+00
0.000000000000000000e+00
0.000000000000000000e+00
0.000000000000000000e+00
6.617800000000000349e-01
0.000000000000000000e+00
5.762399999999999745e-01
0.000000000000000000e+00
0.000000000000000000e+00
6.716100000000000403e-01
0.000000000000000000e+00
0.000000000000000000e+00
0.000000000000000000e+00
6.592900000000000427e-01
0.000000000000000000e+00
0.000000000000000000e+00
0.000000000000000000e+00
5.979499999999999815e-01
0.000000000000000000e+00
1.005500000000000060e+00
0.000000000000000000e+00
0.000000000000000000e+00
0.000000000000000000e+00
7.886199999999999877e-01
0.000000000000000000e+00
0.000000000000000000e+00
0.000000000000000000e+00
0.000000000000000000e+00
0.000000000000000000e+00
0.000000000000000000e+00
1.074259999999999993e+00
0.000000000000000000e+00
0.000000000000000000e+00
0.000000000000000000e+00
0.000000000000000000e+00
9.657599999999999518e-01
0.000000000000000000e+00
0.000000000000000000e+00
1.429179999999999895e+00
0.000000000000000000e+00
0.000000000000000000e+00
0.000000000000000000e+00
7.728099999999999969e-01
0.000000000000000000e+00
0.000000000000000000e+00
0.000000000000000000e+00
1.940160000000000107e+00
0.000000000000000000e+00
6.227300000000000058e-01
0.000000000000000000e+00
7.400099999999999456e-01
0.000000000000000000e+00
0.000000000000000000e+00
0.000000000000000000e+00
0.000000000000000000e+00
0.000000000000000000e+00
7.470299999999999718e-01
0.000000000000000000e+00
0.000000000000000000e+00
0.000000000000000000e+00
5.899699999999999944e-01
0.000000000000000000e+00
1.938129999999999908e+00
0.000000000000000000e+00
6.305699999999999639e-01
0.000000000000000000e+00
0.000000000000000000e+00
0.000000000000000000e+00
0.000000000000000000e+00
5.656400000000000317e-01
0.000000000000000000e+00
0.000000000000000000e+00
0.000000000000000000e+00
9.285499999999999865e-01
0.000000000000000000e+00
0.000000000000000000e+00
9.113299999999999734e-01
0.000000000000000000e+00
0.000000000000000000e+00
0.000000000000000000e+00
1.208399999999999919e+00
0.000000000000000000e+00
0.000000000000000000e+00
0.000000000000000000e+00
0.000000000000000000e+00
0.000000000000000000e+00
0.000000000000000000e+00
0.000000000000000000e+00
0.000000000000000000e+00
0.000000000000000000e+00
0.000000000000000000e+00
0.000000000000000000e+00
0.000000000000000000e+00
0.000000000000000000e+00
0.000000000000000000e+00
0.000000000000000000e+00
0.000000000000000000e+00
0.000000000000000000e+00
0.000000000000000000e+00
0.000000000000000000e+00
0.000000000000000000e+00
0.000000000000000000e+00
0.000000000000000000e+00
0.000000000000000000e+00
0.000000000000000000e+00
6.978999999999999648e-01
0.000000000000000000e+00
0.000000000000000000e+00
0.000000000000000000e+00
0.000000000000000000e+00
0.000000000000000000e+00
5.320799999999999974e-01
0.000000000000000000e+00
0.000000000000000000e+00
1.031179999999999986e+00
0.000000000000000000e+00
0.000000000000000000e+00
0.000000000000000000e+00
0.000000000000000000e+00
0.000000000000000000e+00
5.904899999999999594e-01
0.000000000000000000e+00
5.381200000000000427e-01
0.000000000000000000e+00
8.695300000000000251e-01
0.000000000000000000e+00
0.000000000000000000e+00
5.737499999999999822e-01
0.000000000000000000e+00
0.000000000000000000e+00
0.000000000000000000e+00
5.424400000000000333e-01
0.000000000000000000e+00
0.000000000000000000e+00
4.942500000000000226e-01
0.000000000000000000e+00
1.161380000000000079e+00
0.000000000000000000e+00
0.000000000000000000e+00
0.000000000000000000e+00
9.604200000000000514e-01
0.000000000000000000e+00
0.000000000000000000e+00
6.106200000000000516e-01
0.000000000000000000e+00
0.000000000000000000e+00
1.443019999999999969e+00
0.000000000000000000e+00
6.284199999999999786e-01
0.000000000000000000e+00
0.000000000000000000e+00
0.000000000000000000e+00
0.000000000000000000e+00
0.000000000000000000e+00
5.801300000000000345e-01
0.000000000000000000e+00
0.000000000000000000e+00
0.000000000000000000e+00
6.303299999999999459e-01
0.000000000000000000e+00
0.000000000000000000e+00
4.996200000000000085e-01
0.000000000000000000e+00
1.934490000000000043e+00
0.000000000000000000e+00
0.000000000000000000e+00
0.000000000000000000e+00
6.735600000000000476e-01
0.000000000000000000e+00
0.000000000000000000e+00
8.254599999999999715e-01
0.000000000000000000e+00
1.035020000000000051e+00
0.000000000000000000e+00
0.000000000000000000e+00
0.000000000000000000e+00
1.420199999999999907e+00
0.000000000000000000e+00
0.000000000000000000e+00
9.953400000000000025e-01
0.000000000000000000e+00
0.000000000000000000e+00
1.935840000000000005e+00
0.000000000000000000e+00
7.612799999999999567e-01
0.000000000000000000e+00
0.000000000000000000e+00
5.824599999999999778e-01
0.000000000000000000e+00
0.000000000000000000e+00
0.000000000000000000e+00
6.311499999999999888e-01
0.000000000000000000e+00
0.000000000000000000e+00
5.740699999999999692e-01
0.000000000000000000e+00
0.000000000000000000e+00
5.406800000000000495e-01
0.000000000000000000e+00
6.213600000000000234e-01
0.000000000000000000e+00
0.000000000000000000e+00
0.000000000000000000e+00
8.983700000000000019e-01
0.000000000000000000e+00
0.000000000000000000e+00
0.000000000000000000e+00
5.254100000000000437e-01
0.000000000000000000e+00
0.000000000000000000e+00
0.000000000000000000e+00
0.000000000000000000e+00
0.000000000000000000e+00
7.046299999999999786e-01
0.000000000000000000e+00
0.000000000000000000e+00
6.351200000000000179e-01
0.000000000000000000e+00
0.000000000000000000e+00
0.000000000000000000e+00
0.000000000000000000e+00
6.807699999999999863e-01
0.000000000000000000e+00
0.000000000000000000e+00
0.000000000000000000e+00
5.473999999999999977e-01
0.000000000000000000e+00
0.000000000000000000e+00
5.437100000000000266e-01
0.000000000000000000e+00
0.000000000000000000e+00
5.345199999999999951e-01
0.000000000000000000e+00
0.000000000000000000e+00
0.000000000000000000e+00
0.000000000000000000e+00
0.000000000000000000e+00
6.251799999999999580e-01
0.000000000000000000e+00
0.000000000000000000e+00
6.203899999999999970e-01
0.000000000000000000e+00
0.000000000000000000e+00
0.000000000000000000e+00
0.000000000000000000e+00
9.393700000000000383e-01
0.000000000000000000e+00
0.000000000000000000e+00
0.000000000000000000e+00
6.174100000000000144e-01
0.000000000000000000e+00
5.790399999999999991e-01
0.000000000000000000e+00
0.000000000000000000e+00
0.000000000000000000e+00
5.681199999999999584e-01
0.000000000000000000e+00
0.000000000000000000e+00
0.000000000000000000e+00
0.000000000000000000e+00
1.048729999999999940e+00
0.000000000000000000e+00
6.623200000000000198e-01
0.000000000000000000e+00
9.854699999999999571e-01
0.000000000000000000e+00
6.684999999999999831e-01
0.000000000000000000e+00
5.455499999999999794e-01
0.000000000000000000e+00
0.000000000000000000e+00
5.488800000000000345e-01
0.000000000000000000e+00
0.000000000000000000e+00
0.000000000000000000e+00
0.000000000000000000e+00
0.000000000000000000e+00
1.282389999999999919e+00
0.000000000000000000e+00
1.941030000000000033e+00
0.000000000000000000e+00
0.000000000000000000e+00
0.000000000000000000e+00
5.591399999999999704e-01
0.000000000000000000e+00
0.000000000000000000e+00
6.489899999999999558e-01
0.000000000000000000e+00
0.000000000000000000e+00
0.000000000000000000e+00
1.936069999999999958e+00
0.000000000000000000e+00
0.000000000000000000e+00
0.000000000000000000e+00
6.692099999999999715e-01
0.000000000000000000e+00
0.000000000000000000e+00
5.793399999999999661e-01
0.000000000000000000e+00
0.000000000000000000e+00
0.000000000000000000e+00
0.000000000000000000e+00
1.524850000000000039e+00
0.000000000000000000e+00
0.000000000000000000e+00
0.000000000000000000e+00
0.000000000000000000e+00
0.000000000000000000e+00
0.000000000000000000e+00
6.853500000000000147e-01
0.000000000000000000e+00
0.000000000000000000e+00
0.000000000000000000e+00
9.951600000000000446e-01
0.000000000000000000e+00
0.000000000000000000e+00
0.000000000000000000e+00
5.768400000000000194e-01
0.000000000000000000e+00
0.000000000000000000e+00
0.000000000000000000e+00
0.000000000000000000e+00
0.000000000000000000e+00
6.424499999999999655e-01
0.000000000000000000e+00
0.000000000000000000e+00
0.000000000000000000e+00
0.000000000000000000e+00
6.779199999999999671e-01
0.000000000000000000e+00
0.000000000000000000e+00
0.000000000000000000e+00
8.818700000000000427e-01
0.000000000000000000e+00
0.000000000000000000e+00
0.000000000000000000e+00
0.000000000000000000e+00
0.000000000000000000e+00
0.000000000000000000e+00
1.582819999999999894e+00
0.000000000000000000e+00
0.000000000000000000e+00
0.000000000000000000e+00
6.189099999999999602e-01
0.000000000000000000e+00
0.000000000000000000e+00
0.000000000000000000e+00
0.000000000000000000e+00
8.068199999999999816e-01
0.000000000000000000e+00
0.000000000000000000e+00
1.602149999999999963e+00
0.000000000000000000e+00
0.000000000000000000e+00
0.000000000000000000e+00
0.000000000000000000e+00
0.000000000000000000e+00
6.497100000000000097e-01
0.000000000000000000e+00
0.000000000000000000e+00
9.820799999999999530e-01
0.000000000000000000e+00
0.000000000000000000e+00
6.474100000000000410e-01
0.000000000000000000e+00
5.918499999999999872e-01
0.000000000000000000e+00
1.155389999999999917e+00
0.000000000000000000e+00
0.000000000000000000e+00
0.000000000000000000e+00
8.484199999999999520e-01
0.000000000000000000e+00
0.000000000000000000e+00
0.000000000000000000e+00
0.000000000000000000e+00
0.000000000000000000e+00
0.000000000000000000e+00
0.000000000000000000e+00
6.121799999999999464e-01
0.000000000000000000e+00
0.000000000000000000e+00
1.772040000000000060e+00
0.000000000000000000e+00
1.191310000000000091e+00
0.000000000000000000e+00
5.355199999999999960e-01
0.000000000000000000e+00
0.000000000000000000e+00
6.744400000000000395e-01
0.000000000000000000e+00
7.480799999999999672e-01
0.000000000000000000e+00
0.000000000000000000e+00
0.000000000000000000e+00
0.000000000000000000e+00
0.000000000000000000e+00
0.000000000000000000e+00
0.000000000000000000e+00
0.000000000000000000e+00
0.000000000000000000e+00
0.000000000000000000e+00
0.000000000000000000e+00
0.000000000000000000e+00
0.000000000000000000e+00
0.000000000000000000e+00
0.000000000000000000e+00
0.000000000000000000e+00
0.000000000000000000e+00
0.000000000000000000e+00
0.000000000000000000e+00
0.000000000000000000e+00
0.000000000000000000e+00
0.000000000000000000e+00
0.000000000000000000e+00
0.000000000000000000e+00
1.144830000000000014e+00
0.000000000000000000e+00
7.682600000000000540e-01
0.000000000000000000e+00
0.000000000000000000e+00
0.000000000000000000e+00
7.272100000000000231e-01
0.000000000000000000e+00
0.000000000000000000e+00
0.000000000000000000e+00
0.000000000000000000e+00
1.061129999999999907e+00
0.000000000000000000e+00
0.000000000000000000e+00
6.652900000000000480e-01
0.000000000000000000e+00
0.000000000000000000e+00
0.000000000000000000e+00
0.000000000000000000e+00
1.022699999999999942e+00
0.000000000000000000e+00
1.119359999999999911e+00
0.000000000000000000e+00
6.713500000000000023e-01
0.000000000000000000e+00
0.000000000000000000e+00
6.051199999999999912e-01
0.000000000000000000e+00
7.636399999999999855e-01
0.000000000000000000e+00
0.000000000000000000e+00
8.299100000000000366e-01
0.000000000000000000e+00
1.867380000000000040e+00
0.000000000000000000e+00
0.000000000000000000e+00
6.243900000000000006e-01
0.000000000000000000e+00
0.000000000000000000e+00
7.935999999999999721e-01
0.000000000000000000e+00
0.000000000000000000e+00
0.000000000000000000e+00
0.000000000000000000e+00
8.199999999999999512e-01
0.000000000000000000e+00
0.000000000000000000e+00
1.328349999999999920e+00
0.000000000000000000e+00
0.000000000000000000e+00
0.000000000000000000e+00
6.148000000000000131e-01
0.000000000000000000e+00
0.000000000000000000e+00
6.846600000000000463e-01
0.000000000000000000e+00
1.111399999999999944e+00
0.000000000000000000e+00
0.000000000000000000e+00
0.000000000000000000e+00
5.759199999999999875e-01
0.000000000000000000e+00
0.000000000000000000e+00
0.000000000000000000e+00
8.878899999999999570e-01
0.000000000000000000e+00
1.937869999999999981e+00
0.000000000000000000e+00
0.000000000000000000e+00
6.041900000000000048e-01
0.000000000000000000e+00
0.000000000000000000e+00
0.000000000000000000e+00
5.580199999999999605e-01
0.000000000000000000e+00
0.000000000000000000e+00
6.451400000000000468e-01
0.000000000000000000e+00
9.323299999999999921e-01
0.000000000000000000e+00
0.000000000000000000e+00
0.000000000000000000e+00
0.000000000000000000e+00
0.000000000000000000e+00
5.621800000000000130e-01
0.000000000000000000e+00
0.000000000000000000e+00
0.000000000000000000e+00
0.000000000000000000e+00
6.616499999999999604e-01
0.000000000000000000e+00
0.000000000000000000e+00
1.068149999999999933e+00
0.000000000000000000e+00
0.000000000000000000e+00
7.718899999999999650e-01
0.000000000000000000e+00
0.000000000000000000e+00
0.000000000000000000e+00
7.243500000000000494e-01
0.000000000000000000e+00
8.534899999999999709e-01
0.000000000000000000e+00
0.000000000000000000e+00
5.381700000000000372e-01
0.000000000000000000e+00
0.000000000000000000e+00
0.000000000000000000e+00
9.235799999999999566e-01
0.000000000000000000e+00
1.425389999999999935e+00
0.000000000000000000e+00
6.328599999999999781e-01
0.000000000000000000e+00
6.205199999999999605e-01
0.000000000000000000e+00
0.000000000000000000e+00
0.000000000000000000e+00
0.000000000000000000e+00
0.000000000000000000e+00
1.938569999999999904e+00
0.000000000000000000e+00
0.000000000000000000e+00
0.000000000000000000e+00
8.746399999999999730e-01
0.000000000000000000e+00
0.000000000000000000e+00
0.000000000000000000e+00
0.000000000000000000e+00
6.055300000000000127e-01
0.000000000000000000e+00
0.000000000000000000e+00
0.000000000000000000e+00
1.293690000000000007e+00
0.000000000000000000e+00
0.000000000000000000e+00
5.708699999999999886e-01
0.000000000000000000e+00
1.170619999999999994e+00
0.000000000000000000e+00
0.000000000000000000e+00
1.398719999999999963e+00
0.000000000000000000e+00
1.941359999999999975e+00
0.000000000000000000e+00
0.000000000000000000e+00
0.000000000000000000e+00
6.015000000000000346e-01
0.000000000000000000e+00
0.000000000000000000e+00
0.000000000000000000e+00
0.000000000000000000e+00
6.012399999999999967e-01
0.000000000000000000e+00
0.000000000000000000e+00
0.000000000000000000e+00
0.000000000000000000e+00
8.821499999999999897e-01
0.000000000000000000e+00
0.000000000000000000e+00
0.000000000000000000e+00
0.000000000000000000e+00
0.000000000000000000e+00
1.929259999999999975e+00
0.000000000000000000e+00
6.059499999999999886e-01
0.000000000000000000e+00
5.130299999999999860e-01
0.000000000000000000e+00
0.000000000000000000e+00
5.746299999999999741e-01
0.000000000000000000e+00
0.000000000000000000e+00
0.000000000000000000e+00
1.922230000000000105e+00
0.000000000000000000e+00
1.048759999999999915e+00
0.000000000000000000e+00
0.000000000000000000e+00
0.000000000000000000e+00
5.441000000000000281e-01
0.000000000000000000e+00
0.000000000000000000e+00
1.931210000000000093e+00
0.000000000000000000e+00
0.000000000000000000e+00
0.000000000000000000e+00
6.948199999999999932e-01
0.000000000000000000e+00
6.643000000000000016e-01
0.000000000000000000e+00
6.388700000000000490e-01
0.000000000000000000e+00
7.074399999999999578e-01
0.000000000000000000e+00
0.000000000000000000e+00
0.000000000000000000e+00
0.000000000000000000e+00
5.945500000000000229e-01
0.000000000000000000e+00
6.928900000000000059e-01
0.000000000000000000e+00
9.515400000000000524e-01
0.000000000000000000e+00
0.000000000000000000e+00
0.000000000000000000e+00
6.949600000000000222e-01
0.000000000000000000e+00
0.000000000000000000e+00
0.000000000000000000e+00
0.000000000000000000e+00
0.000000000000000000e+00
8.731600000000000472e-01
0.000000000000000000e+00
0.000000000000000000e+00
0.000000000000000000e+00
0.000000000000000000e+00
4.873600000000000154e-01
0.000000000000000000e+00
0.000000000000000000e+00
5.688600000000000323e-01
0.000000000000000000e+00
5.327800000000000313e-01
0.000000000000000000e+00
0.000000000000000000e+00
0.000000000000000000e+00
5.708800000000000541e-01
0.000000000000000000e+00
5.367800000000000349e-01
0.000000000000000000e+00
0.000000000000000000e+00
7.104300000000000059e-01
0.000000000000000000e+00
0.000000000000000000e+00
0.000000000000000000e+00
0.000000000000000000e+00
0.000000000000000000e+00
0.000000000000000000e+00
5.855900000000000549e-01
0.000000000000000000e+00
0.000000000000000000e+00
8.550600000000000422e-01
0.000000000000000000e+00
1.935060000000000002e+00
0.000000000000000000e+00
0.000000000000000000e+00
0.000000000000000000e+00
5.845099999999999740e-01
0.000000000000000000e+00
6.201999999999999735e-01
0.000000000000000000e+00
1.420719999999999983e+00
0.000000000000000000e+00
0.000000000000000000e+00
0.000000000000000000e+00
5.982699999999999685e-01
0.000000000000000000e+00
0.000000000000000000e+00
0.000000000000000000e+00
0.000000000000000000e+00
5.955700000000000438e-01
0.000000000000000000e+00
9.876599999999999824e-01
0.000000000000000000e+00
0.000000000000000000e+00
0.000000000000000000e+00
0.000000000000000000e+00
0.000000000000000000e+00
0.000000000000000000e+00
0.000000000000000000e+00
0.000000000000000000e+00
0.000000000000000000e+00
0.000000000000000000e+00
0.000000000000000000e+00
0.000000000000000000e+00
0.000000000000000000e+00
0.000000000000000000e+00
0.000000000000000000e+00
0.000000000000000000e+00
0.000000000000000000e+00
0.000000000000000000e+00
0.000000000000000000e+00
0.000000000000000000e+00
0.000000000000000000e+00
0.000000000000000000e+00
8.127499999999999725e-01
0.000000000000000000e+00
0.000000000000000000e+00
0.000000000000000000e+00
6.762399999999999523e-01
0.000000000000000000e+00
0.000000000000000000e+00
0.000000000000000000e+00
8.544899999999999718e-01
0.000000000000000000e+00
0.000000000000000000e+00
0.000000000000000000e+00
0.000000000000000000e+00
8.056799999999999518e-01
0.000000000000000000e+00
0.000000000000000000e+00
0.000000000000000000e+00
8.654199999999999671e-01
0.000000000000000000e+00
9.353700000000000347e-01
0.000000000000000000e+00
0.000000000000000000e+00
0.000000000000000000e+00
5.589100000000000179e-01
0.000000000000000000e+00
0.000000000000000000e+00
5.716999999999999860e-01
0.000000000000000000e+00
5.962399999999999922e-01
0.000000000000000000e+00
0.000000000000000000e+00
7.570799999999999752e-01
0.000000000000000000e+00
0.000000000000000000e+00
0.000000000000000000e+00
7.218099999999999516e-01
0.000000000000000000e+00
7.197900000000000409e-01
0.000000000000000000e+00
5.926399999999999446e-01
0.000000000000000000e+00
9.357999999999999652e-01
0.000000000000000000e+00
0.000000000000000000e+00
1.128109999999999946e+00
0.000000000000000000e+00
0.000000000000000000e+00
1.194390000000000063e+00
0.000000000000000000e+00
0.000000000000000000e+00
1.940430000000000099e+00
0.000000000000000000e+00
0.000000000000000000e+00
0.000000000000000000e+00
1.401960000000000095e+00
0.000000000000000000e+00
6.850399999999999823e-01
0.000000000000000000e+00
0.000000000000000000e+00
0.000000000000000000e+00
1.164919999999999956e+00
0.000000000000000000e+00
0.000000000000000000e+00
0.000000000000000000e+00
0.000000000000000000e+00
6.652700000000000280e-01
0.000000000000000000e+00
1.941429999999999989e+00
0.000000000000000000e+00
0.000000000000000000e+00
0.000000000000000000e+00
6.660700000000000509e-01
0.000000000000000000e+00
0.000000000000000000e+00
5.758600000000000385e-01
0.000000000000000000e+00
0.000000000000000000e+00
0.000000000000000000e+00
0.000000000000000000e+00
0.000000000000000000e+00
5.853699999999999459e-01
0.000000000000000000e+00
7.085200000000000387e-01
0.000000000000000000e+00
0.000000000000000000e+00
0.000000000000000000e+00
6.045399999999999663e-01
0.000000000000000000e+00
0.000000000000000000e+00
0.000000000000000000e+00
0.000000000000000000e+00
6.130299999999999638e-01
0.000000000000000000e+00
0.000000000000000000e+00
5.712099999999999955e-01
0.000000000000000000e+00
0.000000000000000000e+00
7.371100000000000430e-01
0.000000000000000000e+00
0.000000000000000000e+00
0.000000000000000000e+00
6.016000000000000236e-01
0.000000000000000000e+00
0.000000000000000000e+00
9.367600000000000371e-01
0.000000000000000000e+00
0.000000000000000000e+00
1.459689999999999932e+00
0.000000000000000000e+00
0.000000000000000000e+00
0.000000000000000000e+00
1.167839999999999989e+00
0.000000000000000000e+00
1.934960000000000013e+00
0.000000000000000000e+00
5.729499999999999593e-01
0.000000000000000000e+00
0.000000000000000000e+00
0.000000000000000000e+00
0.000000000000000000e+00
5.602800000000000002e-01
0.000000000000000000e+00
0.000000000000000000e+00
5.759600000000000275e-01
0.000000000000000000e+00
0.000000000000000000e+00
0.000000000000000000e+00
5.187000000000000499e-01
0.000000000000000000e+00
0.000000000000000000e+00
0.000000000000000000e+00
5.917200000000000237e-01
0.000000000000000000e+00
8.852700000000000014e-01
0.000000000000000000e+00
0.000000000000000000e+00
0.000000000000000000e+00
0.000000000000000000e+00
6.941599999999999993e-01
0.000000000000000000e+00
0.000000000000000000e+00
5.969400000000000261e-01
0.000000000000000000e+00
0.000000000000000000e+00
6.053399999999999892e-01
0.000000000000000000e+00
0.000000000000000000e+00
0.000000000000000000e+00
5.878499999999999837e-01
0.000000000000000000e+00
0.000000000000000000e+00
6.266800000000000148e-01
0.000000000000000000e+00
6.231799999999999562e-01
0.000000000000000000e+00
0.000000000000000000e+00
0.000000000000000000e+00
7.092399999999999816e-01
0.000000000000000000e+00
0.000000000000000000e+00
6.351700000000000124e-01
0.000000000000000000e+00
0.000000000000000000e+00
0.000000000000000000e+00
7.523800000000000487e-01
0.000000000000000000e+00
0.000000000000000000e+00
0.000000000000000000e+00
5.453299999999999814e-01
0.000000000000000000e+00
0.000000000000000000e+00
3.275399999999999978e-01
0.000000000000000000e+00
0.000000000000000000e+00
0.000000000000000000e+00
0.000000000000000000e+00
0.000000000000000000e+00
0.000000000000000000e+00
0.000000000000000000e+00
6.127899999999999459e-01
0.000000000000000000e+00
0.000000000000000000e+00
0.000000000000000000e+00
6.453999999999999737e-01
0.000000000000000000e+00
0.000000000000000000e+00
0.000000000000000000e+00
0.000000000000000000e+00
0.000000000000000000e+00
5.182499999999999885e-01
0.000000000000000000e+00
0.000000000000000000e+00
6.001900000000000013e-01
0.000000000000000000e+00
4.427400000000000224e-01
0.000000000000000000e+00
0.000000000000000000e+00
7.146299999999999875e-01
0.000000000000000000e+00
0.000000000000000000e+00
0.000000000000000000e+00
0.000000000000000000e+00
0.000000000000000000e+00
8.253099999999999881e-01
0.000000000000000000e+00
0.000000000000000000e+00
0.000000000000000000e+00
0.000000000000000000e+00
9.576900000000000412e-01
0.000000000000000000e+00
1.017160000000000064e+00
0.000000000000000000e+00
0.000000000000000000e+00
0.000000000000000000e+00
0.000000000000000000e+00
7.802099999999999591e-01
0.000000000000000000e+00
0.000000000000000000e+00
0.000000000000000000e+00
0.000000000000000000e+00
0.000000000000000000e+00
5.286999999999999478e-01
0.000000000000000000e+00
0.000000000000000000e+00
8.560400000000000231e-01
0.000000000000000000e+00
0.000000000000000000e+00
6.793000000000000149e-01
0.000000000000000000e+00
0.000000000000000000e+00
1.113469999999999960e+00
0.000000000000000000e+00
0.000000000000000000e+00
8.954299999999999482e-01
0.000000000000000000e+00
0.000000000000000000e+00
0.000000000000000000e+00
5.591500000000000359e-01
0.000000000000000000e+00
0.000000000000000000e+00
6.833799999999999875e-01
0.000000000000000000e+00
7.772900000000000365e-01
0.000000000000000000e+00
0.000000000000000000e+00
1.911559999999999926e+00
0.000000000000000000e+00
0.000000000000000000e+00
8.899799999999999933e-01
0.000000000000000000e+00
0.000000000000000000e+00
1.452399999999999913e+00
0.000000000000000000e+00
0.000000000000000000e+00
0.000000000000000000e+00
5.972800000000000331e-01
0.000000000000000000e+00
0.000000000000000000e+00
0.000000000000000000e+00
5.779199999999999893e-01
0.000000000000000000e+00
8.280100000000000238e-01
0.000000000000000000e+00
0.000000000000000000e+00
5.918099999999999472e-01
0.000000000000000000e+00
0.000000000000000000e+00
5.675999999999999934e-01
0.000000000000000000e+00
0.000000000000000000e+00
0.000000000000000000e+00
0.000000000000000000e+00
0.000000000000000000e+00
1.079800000000000093e+00
0.000000000000000000e+00
0.000000000000000000e+00
8.825399999999999912e-01
0.000000000000000000e+00
0.000000000000000000e+00
0.000000000000000000e+00
0.000000000000000000e+00
0.000000000000000000e+00
0.000000000000000000e+00
0.000000000000000000e+00
0.000000000000000000e+00
0.000000000000000000e+00
0.000000000000000000e+00
0.000000000000000000e+00
0.000000000000000000e+00
0.000000000000000000e+00
0.000000000000000000e+00
0.000000000000000000e+00
0.000000000000000000e+00
0.000000000000000000e+00
0.000000000000000000e+00
0.000000000000000000e+00
0.000000000000000000e+00
0.000000000000000000e+00
0.000000000000000000e+00
9.727099999999999635e-01
0.000000000000000000e+00
0.000000000000000000e+00
7.150300000000000544e-01
0.000000000000000000e+00
0.000000000000000000e+00
9.237999999999999545e-01
0.000000000000000000e+00
0.000000000000000000e+00
6.536899999999999933e-01
0.000000000000000000e+00
1.127150000000000096e+00
0.000000000000000000e+00
6.947200000000000042e-01
0.000000000000000000e+00
0.000000000000000000e+00
6.555999999999999606e-01
0.000000000000000000e+00
8.291600000000000081e-01
0.000000000000000000e+00
0.000000000000000000e+00
9.438699999999999868e-01
0.000000000000000000e+00
0.000000000000000000e+00
6.756999999999999673e-01
0.000000000000000000e+00
0.000000000000000000e+00
6.930899999999999839e-01
0.000000000000000000e+00
0.000000000000000000e+00
0.000000000000000000e+00
0.000000000000000000e+00
6.214300000000000379e-01
0.000000000000000000e+00
0.000000000000000000e+00
0.000000000000000000e+00
6.660599999999999854e-01
0.000000000000000000e+00
7.491200000000000081e-01
0.000000000000000000e+00
0.000000000000000000e+00
5.913500000000000423e-01
0.000000000000000000e+00
1.937859999999999916e+00
0.000000000000000000e+00
0.000000000000000000e+00
5.612300000000000066e-01
0.000000000000000000e+00
0.000000000000000000e+00
0.000000000000000000e+00
1.507249999999999979e+00
0.000000000000000000e+00
0.000000000000000000e+00
1.020180000000000087e+00
0.000000000000000000e+00
8.846699999999999564e-01
0.000000000000000000e+00
7.769399999999999640e-01
0.000000000000000000e+00
0.000000000000000000e+00
0.000000000000000000e+00
1.625320000000000098e+00
0.000000000000000000e+00
0.000000000000000000e+00
0.000000000000000000e+00
6.488199999999999523e-01
0.000000000000000000e+00
4.853199999999999736e-01
0.000000000000000000e+00
0.000000000000000000e+00
0.000000000000000000e+00
0.000000000000000000e+00
0.000000000000000000e+00
5.695200000000000262e-01
0.000000000000000000e+00
0.000000000000000000e+00
9.254200000000000204e-01
0.000000000000000000e+00
0.000000000000000000e+00
0.000000000000000000e+00
0.000000000000000000e+00
0.000000000000000000e+00
6.385100000000000220e-01
0.000000000000000000e+00
0.000000000000000000e+00
6.126800000000000024e-01
0.000000000000000000e+00
0.000000000000000000e+00
6.706800000000000539e-01
0.000000000000000000e+00
0.000000000000000000e+00
0.000000000000000000e+00
0.000000000000000000e+00
0.000000000000000000e+00
6.127500000000000169e-01
0.000000000000000000e+00
0.000000000000000000e+00
9.141700000000000381e-01
0.000000000000000000e+00
0.000000000000000000e+00
9.232799999999999896e-01
0.000000000000000000e+00
0.000000000000000000e+00
0.000000000000000000e+00
0.000000000000000000e+00
5.293099999999999472e-01
0.000000000000000000e+00
0.000000000000000000e+00
6.004800000000000137e-01
0.000000000000000000e+00
0.000000000000000000e+00
6.703700000000000214e-01
0.000000000000000000e+00
0.000000000000000000e+00
5.292099999999999582e-01
0.000000000000000000e+00
0.000000000000000000e+00
0.000000000000000000e+00
0.000000000000000000e+00
0.000000000000000000e+00
0.000000000000000000e+00
0.000000000000000000e+00
6.383400000000000185e-01
0.000000000000000000e+00
0.000000000000000000e+00
5.681500000000000439e-01
0.000000000000000000e+00
9.001900000000000457e-01
0.000000000000000000e+00
0.000000000000000000e+00
7.936400000000000121e-01
0.000000000000000000e+00
0.000000000000000000e+00
0.000000000000000000e+00
0.000000000000000000e+00
9.482300000000000173e-01
0.000000000000000000e+00
0.000000000000000000e+00
0.000000000000000000e+00
1.331280000000000019e+00
0.000000000000000000e+00
1.038489999999999913e+00
0.000000000000000000e+00
0.000000000000000000e+00
1.186250000000000027e+00
0.000000000000000000e+00
0.000000000000000000e+00
1.460190000000000099e+00
0.000000000000000000e+00
0.000000000000000000e+00
0.000000000000000000e+00
7.522600000000000398e-01
0.000000000000000000e+00
6.166599999999999859e-01
0.000000000000000000e+00
1.343320000000000070e+00
0.000000000000000000e+00
0.000000000000000000e+00
0.000000000000000000e+00
7.229299999999999615e-01
0.000000000000000000e+00
6.559300000000000130e-01
0.000000000000000000e+00
5.580699999999999550e-01
0.000000000000000000e+00
0.000000000000000000e+00
7.833099999999999508e-01
0.000000000000000000e+00
0.000000000000000000e+00
0.000000000000000000e+00
1.383879999999999999e+00
0.000000000000000000e+00
0.000000000000000000e+00
0.000000000000000000e+00
6.452999999999999847e-01
0.000000000000000000e+00
0.000000000000000000e+00
6.612500000000000044e-01
0.000000000000000000e+00
0.000000000000000000e+00
5.305900000000000061e-01
0.000000000000000000e+00
0.000000000000000000e+00
9.969299999999999828e-01
0.000000000000000000e+00
6.380200000000000315e-01
0.000000000000000000e+00
0.000000000000000000e+00
5.437300000000000466e-01
0.000000000000000000e+00
0.000000000000000000e+00
0.000000000000000000e+00
4.678800000000000181e-01
0.000000000000000000e+00
0.000000000000000000e+00
7.442499999999999671e-01
0.000000000000000000e+00
0.000000000000000000e+00
0.000000000000000000e+00
8.238299999999999512e-01
0.000000000000000000e+00
1.074189999999999978e+00
0.000000000000000000e+00
0.000000000000000000e+00
0.000000000000000000e+00
0.000000000000000000e+00
0.000000000000000000e+00
5.997400000000000508e-01
0.000000000000000000e+00
0.000000000000000000e+00
0.000000000000000000e+00
5.416499999999999648e-01
0.000000000000000000e+00
0.000000000000000000e+00
1.054869999999999974e+00
0.000000000000000000e+00
0.000000000000000000e+00
0.000000000000000000e+00
0.000000000000000000e+00
6.193699999999999761e-01
0.000000000000000000e+00
5.809999999999999609e-01
0.000000000000000000e+00
0.000000000000000000e+00
0.000000000000000000e+00
0.000000000000000000e+00
8.080899999999999750e-01
0.000000000000000000e+00
0.000000000000000000e+00
0.000000000000000000e+00
6.388300000000000090e-01
0.000000000000000000e+00
1.932320000000000038e+00
0.000000000000000000e+00
0.000000000000000000e+00
0.000000000000000000e+00
7.687000000000000499e-01
0.000000000000000000e+00
0.000000000000000000e+00
0.000000000000000000e+00
0.000000000000000000e+00
0.000000000000000000e+00
0.000000000000000000e+00
6.056799999999999962e-01
0.000000000000000000e+00
0.000000000000000000e+00
0.000000000000000000e+00
5.567600000000000326e-01
0.000000000000000000e+00
0.000000000000000000e+00
0.000000000000000000e+00
5.334299999999999597e-01
0.000000000000000000e+00
0.000000000000000000e+00
1.135590000000000099e+00
0.000000000000000000e+00
5.591800000000000104e-01
0.000000000000000000e+00
0.000000000000000000e+00
0.000000000000000000e+00
0.000000000000000000e+00
0.000000000000000000e+00
0.000000000000000000e+00
5.304400000000000226e-01
0.000000000000000000e+00
0.000000000000000000e+00
0.000000000000000000e+00
0.000000000000000000e+00
0.000000000000000000e+00
6.276699999999999502e-01
0.000000000000000000e+00
0.000000000000000000e+00
0.000000000000000000e+00
0.000000000000000000e+00
0.000000000000000000e+00
8.762999999999999678e-01
0.000000000000000000e+00
0.000000000000000000e+00
0.000000000000000000e+00
0.000000000000000000e+00
0.000000000000000000e+00
0.000000000000000000e+00
0.000000000000000000e+00
0.000000000000000000e+00
0.000000000000000000e+00
0.000000000000000000e+00
0.000000000000000000e+00
