0.000000000000000000e+00
0.000000000000000000e+00
0.000000000000000000e+00
0.000000000000000000e+00
0.000000000000000000e+00
0.000000000000000000e+00
0.000000000000000000e+00
0.000000000000000000e+00
0.000000000000000000e+00
0.000000000000000000e+00
9.889700000000000157e-01
0.000000000000000000e+00
6.716499999999999693e-01
0.000000000000000000e+00
0.000000000000000000e+00
5.676299999999999679e-01
0.000000000000000000e+00
0.000000000000000000e+00
6.143800000000000372e-01
0.000000000000000000e+00
1.230900000000000105e+00
0.000000000000000000e+00
0.000000000000000000e+00
0.000000000000000000e+00
5.065300000000000358e-01
0.000000000000000000e+00
0.000000000000000000e+00
0.000000000000000000e+00
5.216199999999999726e-01
0.000000000000000000e+00
0.000000000000000000e+00
4.479000000000000203e-01
0.000000000000000000e+00
0.000000000000000000e+00
0.000000000000000000e+00
6.443100000000000493e-01
0.000000000000000000e+00
6.075500000000000345e-01
0.000000000000000000e+00
0.000000000000000000e+00
5.426800000000000512e-01
0.000000000000000000e+00
7.667399999999999771e-01
0.000000000000000000e+00
9.553599999999999870e-01
0.000000000000000000e+00
0.000000000000000000e+00
0.000000000000000000e+00
0.000000000000000000e+00
5.557400000000000118e-01
0.000000000000000000e+00
0.000000000000000000e+00
0.000000000000000000e+00
4.850099999999999967e-01
0.000000000000000000e+00
5.720199999999999729e-01
0.000000000000000000e+00
0.000000000000000000e+00
5.887000000000000011e-01
0.000000000000000000e+00
0.000000000000000000e+00
0.000000000000000000e+00
5.682500000000000329e-01
0.000000000000000000e+00
0.000000000000000000e+00
0.000000000000000000e+00
4.743800000000000239e-01
0.000000000000000000e+00
0.000000000000000000e+00
0.000000000000000000e+00
0.000000000000000000e+00
0.000000000000000000e+00
0.000000000000000000e+00
4.470899999999999874e-01
0.000000000000000000e+00
0.000000000000000000e+00
0.000000000000000000e+00
5.551599999999999868e-01
0.000000000000000000e+00
0.000000000000000000e+00
0.000000000000000000e+00
4.948799999999999866e-01
0.000000000000000000e+00
0.000000000000000000e+00
4.591299999999999826e-01
0.000000000000000000e+00
5.257600000000000051e-01
0.000000000000000000e+00
0.000000000000000000e+00
0.000000000000000000e+00
5.113100000000000422e-01
0.000000000000000000e+00
0.000000000000000000e+00
0.000000000000000000e+00
0.000000000000000000e+00
5.398399999999999865e-01
0.000000000000000000e+00
0.000000000000000000e+00
0.000000000000000000e+00
0.000000000000000000e+00
0.000000000000000000e+00
6.916200000000000125e-01
0.000000000000000000e+00
0.000000000000000000e+00
0.000000000000000000e+00
0.000000000000000000e+00
4.538900000000000157e-01
0.000000000000000000e+00
0.000000000000000000e+00
0.000000000000000000e+00
0.000000000000000000e+00
5.000200000000000200e-01
0.000000000000000000e+00
5.314200000000000035e-01
0.000000000000000000e+00
6.178700000000000303e-01
0.000000000000000000e+00
0.000000000000000000e+00
0.000000000000000000e+00
3.931000000000000050e-01
0.000000000000000000e+00
0.000000000000000000e+00
5.331599999999999673e-01
0.000000000000000000e+00
0.000000000000000000e+00
0.000000000000000000e+00
7.230600000000000360e-01
0.000000000000000000e+00
0.000000000000000000e+00
5.623799999999999910e-01
0.000000000000000000e+00
0.000000000000000000e+00
0.000000000000000000e+00
5.071799999999999642e-01
0.000000000000000000e+00
0.000000000000000000e+00
8.328799999999999537e-01
0.000000000000000000e+00
0.000000000000000000e+00
0.000000000000000000e+00
5.206199999999999717e-01
0.000000000000000000e+00
0.000000000000000000e+00
0.000000000000000000e+00
0.000000000000000000e+00
4.897000000000000242e-01
0.000000000000000000e+00
0.000000000000000000e+00
0.000000000000000000e+00
6.546899999999999942e-01
0.000000000000000000e+00
0.000000000000000000e+00
0.000000000000000000e+00
6.287800000000000056e-01
0.000000000000000000e+00
0.000000000000000000e+00
0.000000000000000000e+00
0.000000000000000000e+00
5.387399999999999967e-01
0.000000000000000000e+00
0.000000000000000000e+00
6.907200000000000006e-01
0.000000000000000000e+00
0.000000000000000000e+00
0.000000000000000000e+00
0.000000000000000000e+00
4.905900000000000261e-01
0.000000000000000000e+00
0.000000000000000000e+00
0.000000000000000000e+00
6.053699999999999637e-01
0.000000000000000000e+00
5.161499999999999977e-01
0.000000000000000000e+00
0.000000000000000000e+00
0.000000000000000000e+00
5.313200000000000145e-01
0.000000000000000000e+00
0.000000000000000000e+00
8.488999999999999879e-01
0.000000000000000000e+00
0.000000000000000000e+00
1.043739999999999890e+00
0.000000000000000000e+00
0.000000000000000000e+00
7.697000000000000508e-01
0.000000000000000000e+00
0.000000000000000000e+00
0.000000000000000000e+00
7.502199999999999980e-01
0.000000000000000000e+00
0.000000000000000000e+00
0.000000000000000000e+00
5.954899999999999638e-01
0.000000000000000000e+00
0.000000000000000000e+00
0.000000000000000000e+00
0.000000000000000000e+00
6.509300000000000086e-01
0.000000000000000000e+00
5.881699999999999706e-01
0.000000000000000000e+00
0.000000000000000000e+00
7.219400000000000261e-01
0.000000000000000000e+00
6.579500000000000348e-01
0.000000000000000000e+00
0.000000000000000000e+00
0.000000000000000000e+00
0.000000000000000000e+00
0.000000000000000000e+00
0.000000000000000000e+00
4.936599999999999877e-01
0.000000000000000000e+00
0.000000000000000000e+00
0.000000000000000000e+00
0.000000000000000000e+00
5.280399999999999539e-01
0.000000000000000000e+00
0.000000000000000000e+00
0.000000000000000000e+00
0.000000000000000000e+00
4.902299999999999991e-01
0.000000000000000000e+00
0.000000000000000000e+00
0.000000000000000000e+00
5.991699999999999804e-01
0.000000000000000000e+00
0.000000000000000000e+00
6.439099999999999824e-01
0.000000000000000000e+00
6.249700000000000255e-01
0.000000000000000000e+00
0.000000000000000000e+00
0.000000000000000000e+00
0.000000000000000000e+00
0.000000000000000000e+00
0.000000000000000000e+00
0.000000000000000000e+00
5.072100000000000497e-01
0.000000000000000000e+00
0.000000000000000000e+00
5.373400000000000398e-01
0.000000000000000000e+00
0.000000000000000000e+00
4.876800000000000024e-01
0.000000000000000000e+00
0.000000000000000000e+00
6.985700000000000243e-01
0.000000000000000000e+00
5.599600000000000133e-01
0.000000000000000000e+00
0.000000000000000000e+00
0.000000000000000000e+00
5.548600000000000199e-01
0.000000000000000000e+00
0.000000000000000000e+00
0.000000000000000000e+00
0.000000000000000000e+00
6.058200000000000252e-01
0.000000000000000000e+00
0.000000000000000000e+00
0.000000000000000000e+00
5.022400000000000198e-01
0.000000000000000000e+00
0.000000000000000000e+00
7.828500000000000458e-01
0.000000000000000000e+00
0.000000000000000000e+00
6.160999999999999810e-01
0.000000000000000000e+00
0.000000000000000000e+00
7.430499999999999883e-01
0.000000000000000000e+00
0.000000000000000000e+00
0.000000000000000000e+00
0.000000000000000000e+00
5.387100000000000222e-01
0.000000000000000000e+00
0.000000000000000000e+00
6.304999999999999494e-01
0.000000000000000000e+00
0.000000000000000000e+00
0.000000000000000000e+00
4.912900000000000045e-01
0.000000000000000000e+00
0.000000000000000000e+00
5.190799999999999859e-01
0.000000000000000000e+00
0.000000000000000000e+00
0.000000000000000000e+00
0.000000000000000000e+00
5.360899999999999554e-01
0.000000000000000000e+00
0.000000000000000000e+00
0.000000000000000000e+00
0.000000000000000000e+00
0.000000000000000000e+00
6.596199999999999841e-01
0.000000000000000000e+00
7.703200000000000047e-01
0.000000000000000000e+00
0.000000000000000000e+00
0.000000000000000000e+00
0.000000000000000000e+00
0.000000000000000000e+00
0.000000000000000000e+00
0.000000000000000000e+00
0.000000000000000000e+00
0.000000000000000000e+00
0.000000000000000000e+00
0.000000000000000000e+00
0.000000000000000000e+00
0.000000000000000000e+00
0.000000000000000000e+00
0.000000000000000000e+00
0.000000000000000000e+00
0.000000000000000000e+00
0.000000000000000000e+00
0.000000000000000000e+00
0.000000000000000000e+00
0.000000000000000000e+00
0.000000000000000000e+00
0.000000000000000000e+00
0.000000000000000000e+00
0.000000000000000000e+00
0.000000000000000000e+00
6.572299999999999809e-01
0.000000000000000000e+00
0.000000000000000000e+00
5.156600000000000072e-01
0.000000000000000000e+00
5.726700000000000124e-01
0.000000000000000000e+00
0.000000000000000000e+00
0.000000000000000000e+00
0.000000000000000000e+00
5.117199999999999527e-01
0.000000000000000000e+00
5.585599999999999454e-01
0.000000000000000000e+00
0.000000000000000000e+00
6.138799999999999812e-01
0.000000000000000000e+00
0.000000000000000000e+00
0.000000000000000000e+00
6.954500000000000126e-01
0.000000000000000000e+00
0.000000000000000000e+00
5.692000000000000393e-01
0.000000000000000000e+00
0.000000000000000000e+00
0.000000000000000000e+00
5.448100000000000165e-01
0.000000000000000000e+00
7.577300000000000146e-01
0.000000000000000000e+00
0.000000000000000000e+00
0.000000000000000000e+00
5.711600000000000010e-01
0.000000000000000000e+00
5.423000000000000043e-01
0.000000000000000000e+00
7.031800000000000272e-01
0.000000000000000000e+00
0.000000000000000000e+00
0.000000000000000000e+00
0.000000000000000000e+00
5.345199999999999951e-01
0.000000000000000000e+00
0.000000000000000000e+00
0.000000000000000000e+00
0.000000000000000000e+00
6.317399999999999682e-01
0.000000000000000000e+00
5.746499999999999941e-01
0.000000000000000000e+00
1.124279999999999946e+00
0.000000000000000000e+00
6.169700000000000184e-01
0.000000000000000000e+00
0.000000000000000000e+00
0.000000000000000000e+00
4.943000000000000171e-01
0.000000000000000000e+00
9.824300000000000255e-01
0.000000000000000000e+00
0.000000000000000000e+00
0.000000000000000000e+00
5.271400000000000530e-01
0.000000000000000000e+00
0.000000000000000000e+00
1.051930000000000032e+00
0.000000000000000000e+00
5.297199999999999687e-01
0.000000000000000000e+00
0.000000000000000000e+00
7.907399999999999984e-01
0.000000000000000000e+00
0.000000000000000000e+00
6.770899999999999697e-01
0.000000000000000000e+00
0.000000000000000000e+00
5.427400000000000002e-01
0.000000000000000000e+00
0.000000000000000000e+00
0.000000000000000000e+00
0.000000000000000000e+00
0.000000000000000000e+00
0.000000000000000000e+00
6.366100000000000092e-01
0.000000000000000000e+00
0.000000000000000000e+00
8.862999999999999767e-01
0.000000000000000000e+00
6.016000000000000236e-01
0.000000000000000000e+00
6.460700000000000331e-01
0.000000000000000000e+00
5.978900000000000325e-01
0.000000000000000000e+00
0.000000000000000000e+00
0.000000000000000000e+00
0.000000000000000000e+00
4.884399999999999853e-01
0.000000000000000000e+00
0.000000000000000000e+00
6.342100000000000515e-01
0.000000000000000000e+00
0.000000000000000000e+00
6.215600000000000014e-01
0.000000000000000000e+00
0.000000000000000000e+00
0.000000000000000000e+00
0.000000000000000000e+00
0.000000000000000000e+00
6.032199999999999784e-01
0.000000000000000000e+00
6.056799999999999962e-01
0.000000000000000000e+00
5.497999999999999554e-01
0.000000000000000000e+00
5.707699999999999996e-01
0.000000000000000000e+00
7.512499999999999734e-01
0.000000000000000000e+00
0.000000000000000000e+00
6.711599999999999788e-01
0.000000000000000000e+00
0.000000000000000000e+00
0.000000000000000000e+00
7.377200000000000424e-01
0.000000000000000000e+00
0.000000000000000000e+00
0.000000000000000000e+00
0.000000000000000000e+00
4.739900000000000224e-01
0.000000000000000000e+00
0.000000000000000000e+00
5.411599999999999744e-01
0.000000000000000000e+00
0.000000000000000000e+00
0.000000000000000000e+00
5.662399999999999656e-01
0.000000000000000000e+00
0.000000000000000000e+00
0.000000000000000000e+00
0.000000000000000000e+00
0.000000000000000000e+00
5.755000000000000115e-01
0.000000000000000000e+00
6.916600000000000525e-01
0.000000000000000000e+00
0.000000000000000000e+00
0.000000000000000000e+00
5.487199999999999855e-01
0.000000000000000000e+00
0.000000000000000000e+00
4.637600000000000056e-01
0.000000000000000000e+00
8.721600000000000463e-01
0.000000000000000000e+00
0.000000000000000000e+00
6.846999999999999753e-01
0.000000000000000000e+00
0.000000000000000000e+00
6.811399999999999677e-01
0.000000000000000000e+00
1.001509999999999900e+00
0.000000000000000000e+00
0.000000000000000000e+00
0.000000000000000000e+00
6.022199999999999775e-01
0.000000000000000000e+00
0.000000000000000000e+00
0.000000000000000000e+00
5.655499999999999972e-01
0.000000000000000000e+00
0.000000000000000000e+00
0.000000000000000000e+00
5.343599999999999461e-01
0.000000000000000000e+00
0.000000000000000000e+00
0.000000000000000000e+00
0.000000000000000000e+00
0.000000000000000000e+00
5.521399999999999642e-01
0.000000000000000000e+00
6.071999999999999620e-01
0.000000000000000000e+00
5.515200000000000102e-01
0.000000000000000000e+00
5.928700000000000081e-01
0.000000000000000000e+00
0.000000000000000000e+00
0.000000000000000000e+00
0.000000000000000000e+00
0.000000000000000000e+00
0.000000000000000000e+00
9.783600000000000074e-01
0.000000000000000000e+00
0.000000000000000000e+00
0.000000000000000000e+00
5.041600000000000525e-01
0.000000000000000000e+00
0.000000000000000000e+00
5.328699999999999548e-01
0.000000000000000000e+00
4.822199999999999820e-01
0.000000000000000000e+00
0.000000000000000000e+00
0.000000000000000000e+00
0.000000000000000000e+00
5.503599999999999604e-01
0.000000000000000000e+00
0.000000000000000000e+00
0.000000000000000000e+00
4.570199999999999818e-01
0.000000000000000000e+00
6.961100000000000065e-01
0.000000000000000000e+00
0.000000000000000000e+00
4.516200000000000214e-01
0.000000000000000000e+00
0.000000000000000000e+00
4.889899999999999802e-01
0.000000000000000000e+00
6.263499999999999623e-01
0.000000000000000000e+00
0.000000000000000000e+00
0.000000000000000000e+00
0.000000000000000000e+00
4.855499999999999816e-01
0.000000000000000000e+00
0.000000000000000000e+00
0.000000000000000000e+00
0.000000000000000000e+00
5.899499999999999744e-01
0.000000000000000000e+00
7.923499999999999988e-01
0.000000000000000000e+00
0.000000000000000000e+00
0.000000000000000000e+00
0.000000000000000000e+00
4.622299999999999742e-01
0.000000000000000000e+00
0.000000000000000000e+00
5.290200000000000458e-01
0.000000000000000000e+00
0.000000000000000000e+00
0.000000000000000000e+00
6.687499999999999556e-01
0.000000000000000000e+00
0.000000000000000000e+00
5.435799999999999521e-01
0.000000000000000000e+00
0.000000000000000000e+00
1.153620000000000090e+00
0.000000000000000000e+00
0.000000000000000000e+00
4.862799999999999900e-01
0.000000000000000000e+00
0.000000000000000000e+00
0.000000000000000000e+00
6.769199999999999662e-01
0.000000000000000000e+00
0.000000000000000000e+00
0.000000000000000000e+00
0.000000000000000000e+00
5.484099999999999531e-01
0.000000000000000000e+00
0.000000000000000000e+00
0.000000000000000000e+00
0.000000000000000000e+00
0.000000000000000000e+00
0.000000000000000000e+00
0.000000000000000000e+00
0.000000000000000000e+00
0.000000000000000000e+00
0.000000000000000000e+00
0.000000000000000000e+00
0.000000000000000000e+00
0.000000000000000000e+00
0.000000000000000000e+00
0.000000000000000000e+00
0.000000000000000000e+00
0.000000000000000000e+00
0.000000000000000000e+00
0.000000000000000000e+00
0.000000000000000000e+00
0.000000000000000000e+00
0.000000000000000000e+00
0.000000000000000000e+00
0.000000000000000000e+00
6.507800000000000251e-01
0.000000000000000000e+00
0.000000000000000000e+00
0.000000000000000000e+00
4.480899999999999883e-01
0.000000000000000000e+00
0.000000000000000000e+00
0.000000000000000000e+00
7.144899999999999585e-01
0.000000000000000000e+00
0.000000000000000000e+00
0.000000000000000000e+00
0.000000000000000000e+00
7.583299999999999486e-01
0.000000000000000000e+00
0.000000000000000000e+00
0.000000000000000000e+00
0.000000000000000000e+00
4.992300000000000071e-01
0.000000000000000000e+00
0.000000000000000000e+00
7.375399999999999734e-01
0.000000000000000000e+00
0.000000000000000000e+00
9.005600000000000271e-01
0.000000000000000000e+00
0.000000000000000000e+00
0.000000000000000000e+00
0.000000000000000000e+00
0.000000000000000000e+00
0.000000000000000000e+00
6.832799999999999985e-01
0.000000000000000000e+00
6.408199999999999452e-01
0.000000000000000000e+00
0.000000000000000000e+00
4.280800000000000161e-01
0.000000000000000000e+00
0.000000000000000000e+00
6.369399999999999507e-01
0.000000000000000000e+00
0.000000000000000000e+00
5.732000000000000428e-01
0.000000000000000000e+00
0.000000000000000000e+00
0.000000000000000000e+00
1.116659999999999986e+00
0.000000000000000000e+00
0.000000000000000000e+00
0.000000000000000000e+00
0.000000000000000000e+00
1.234250000000000069e+00
0.000000000000000000e+00
0.000000000000000000e+00
6.134899999999999798e-01
0.000000000000000000e+00
7.109199999999999964e-01
0.000000000000000000e+00
0.000000000000000000e+00
0.000000000000000000e+00
8.510400000000000187e-01
0.000000000000000000e+00
0.000000000000000000e+00
7.025099999999999678e-01
0.000000000000000000e+00
7.177700000000000191e-01
0.000000000000000000e+00
7.303500000000000547e-01
0.000000000000000000e+00
0.000000000000000000e+00
6.308500000000000218e-01
0.000000000000000000e+00
0.000000000000000000e+00
0.000000000000000000e+00
0.000000000000000000e+00
7.953799999999999759e-01
0.000000000000000000e+00
0.000000000000000000e+00
6.506300000000000416e-01
0.000000000000000000e+00
0.000000000000000000e+00
0.000000000000000000e+00
0.000000000000000000e+00
5.485100000000000531e-01
0.000000000000000000e+00
0.000000000000000000e+00
0.000000000000000000e+00
5.392400000000000526e-01
0.000000000000000000e+00
0.000000000000000000e+00
0.000000000000000000e+00
6.068599999999999550e-01
0.000000000000000000e+00
1.226890000000000036e+00
0.000000000000000000e+00
0.000000000000000000e+00
0.000000000000000000e+00
0.000000000000000000e+00
5.132499999999999840e-01
0.000000000000000000e+00
7.614300000000000512e-01
0.000000000000000000e+00
0.000000000000000000e+00
0.000000000000000000e+00
0.000000000000000000e+00
0.000000000000000000e+00
5.393400000000000416e-01
0.000000000000000000e+00
0.000000000000000000e+00
0.000000000000000000e+00
7.607800000000000118e-01
0.000000000000000000e+00
6.411000000000000032e-01
0.000000000000000000e+00
0.000000000000000000e+00
6.151699999999999946e-01
0.000000000000000000e+00
8.165200000000000236e-01
0.000000000000000000e+00
1.311290000000000067e+00
0.000000000000000000e+00
0.000000000000000000e+00
6.342200000000000060e-01
0.000000000000000000e+00
0.000000000000000000e+00
0.000000000000000000e+00
0.000000000000000000e+00
6.732799999999999896e-01
0.000000000000000000e+00
5.220900000000000540e-01
0.000000000000000000e+00
0.000000000000000000e+00
0.000000000000000000e+00
5.135399999999999965e-01
0.000000000000000000e+00
0.000000000000000000e+00
0.000000000000000000e+00
0.000000000000000000e+00
6.996499999999999941e-01
0.000000000000000000e+00
0.000000000000000000e+00
1.528399999999999981e+00
0.000000000000000000e+00
0.000000000000000000e+00
9.017500000000000515e-01
0.000000000000000000e+00
0.000000000000000000e+00
0.000000000000000000e+00
0.000000000000000000e+00
5.891100000000000225e-01
0.000000000000000000e+00
0.000000000000000000e+00
0.000000000000000000e+00
4.643999999999999795e-01
0.000000000000000000e+00
0.000000000000000000e+00
0.000000000000000000e+00
0.000000000000000000e+00
6.924400000000000555e-01
0.000000000000000000e+00
0.000000000000000000e+00
0.000000000000000000e+00
0.000000000000000000e+00
5.158300000000000107e-01
0.000000000000000000e+00
8.791200000000000125e-01
0.000000000000000000e+00
0.000000000000000000e+00
0.000000000000000000e+00
8.197999999999999732e-01
0.000000000000000000e+00
0.000000000000000000e+00
0.000000000000000000e+00
4.973099999999999743e-01
0.000000000000000000e+00
0.000000000000000000e+00
0.000000000000000000e+00
0.000000000000000000e+00
9.149800000000000155e-01
0.000000000000000000e+00
7.805999999999999606e-01
0.000000000000000000e+00
0.000000000000000000e+00
4.166699999999999848e-01
0.000000000000000000e+00
0.000000000000000000e+00
0.000000000000000000e+00
5.691199999999999593e-01
0.000000000000000000e+00
0.000000000000000000e+00
0.000000000000000000e+00
0.000000000000000000e+00
0.000000000000000000e+00
8.583699999999999664e-01
0.000000000000000000e+00
0.000000000000000000e+00
0.000000000000000000e+00
0.000000000000000000e+00
4.578999999999999737e-01
0.000000000000000000e+00
0.000000000000000000e+00
6.704700000000000104e-01
0.000000000000000000e+00
0.000000000000000000e+00
0.000000000000000000e+00
7.359299999999999731e-01
0.000000000000000000e+00
7.333100000000000174e-01
0.000000000000000000e+00
6.842399999999999594e-01
0.000000000000000000e+00
0.000000000000000000e+00
0.000000000000000000e+00
5.402599999999999625e-01
0.000000000000000000e+00
0.000000000000000000e+00
6.777900000000000036e-01
0.000000000000000000e+00
0.000000000000000000e+00
0.000000000000000000e+00
4.997099999999999875e-01
0.000000000000000000e+00
0.000000000000000000e+00
0.000000000000000000e+00
8.111199999999999521e-01
0.000000000000000000e+00
6.781099999999999905e-01
0.000000000000000000e+00
6.993500000000000272e-01
0.000000000000000000e+00
5.610399999999999832e-01
0.000000000000000000e+00
0.000000000000000000e+00
5.690600000000000103e-01
0.000000000000000000e+00
0.000000000000000000e+00
6.617300000000000404e-01
0.000000000000000000e+00
0.000000000000000000e+00
0.000000000000000000e+00
0.000000000000000000e+00
6.580099999999999838e-01
0.000000000000000000e+00
0.000000000000000000e+00
0.000000000000000000e+00
5.153900000000000148e-01
0.000000000000000000e+00
0.000000000000000000e+00
8.145099999999999563e-01
0.000000000000000000e+00
1.093690000000000051e+00
0.000000000000000000e+00
0.000000000000000000e+00
0.000000000000000000e+00
0.000000000000000000e+00
7.039600000000000302e-01
0.000000000000000000e+00
0.000000000000000000e+00
9.814699999999999536e-01
0.000000000000000000e+00
0.000000000000000000e+00
0.000000000000000000e+00
6.821800000000000086e-01
0.000000000000000000e+00
0.000000000000000000e+00
1.028200000000000003e+00
0.000000000000000000e+00
0.000000000000000000e+00
8.806399999999999784e-01
0.000000000000000000e+00
0.000000000000000000e+00
0.000000000000000000e+00
5.247800000000000242e-01
0.000000000000000000e+00
0.000000000000000000e+00
5.486999999999999655e-01
0.000000000000000000e+00
0.000000000000000000e+00
0.000000000000000000e+00
7.764999999999999680e-01
0.000000000000000000e+00
0.000000000000000000e+00
0.000000000000000000e+00
0.000000000000000000e+00
0.000000000000000000e+00
0.000000000000000000e+00
0.000000000000000000e+00
0.000000000000000000e+00
0.000000000000000000e+00
0.000000000000000000e+00
0.000000000000000000e+00
0.000000000000000000e+00
0.000000000000000000e+00
0.000000000000000000e+00
0.000000000000000000e+00
0.000000000000000000e+00
0.000000000000000000e+00
0.000000000000000000e+00
0.000000000000000000e+00
0.000000000000000000e+00
0.000000000000000000e+00
6.251400000000000290e-01
0.000000000000000000e+00
0.000000000000000000e+00
0.000000000000000000e+00
4.840599999999999903e-01
0.000000000000000000e+00
6.118400000000000505e-01
0.000000000000000000e+00
0.000000000000000000e+00
7.096599999999999575e-01
0.000000000000000000e+00
0.000000000000000000e+00
0.000000000000000000e+00
5.765000000000000124e-01
0.000000000000000000e+00
0.000000000000000000e+00
6.595299999999999496e-01
0.000000000000000000e+00
0.000000000000000000e+00
6.152800000000000491e-01
0.000000000000000000e+00
0.000000000000000000e+00
4.723800000000000221e-01
0.000000000000000000e+00
0.000000000000000000e+00
0.000000000000000000e+00
5.896200000000000330e-01
0.000000000000000000e+00
0.000000000000000000e+00
6.764299999999999757e-01
0.000000000000000000e+00
1.896789999999999976e+00
0.000000000000000000e+00
0.000000000000000000e+00
0.000000000000000000e+00
5.635200000000000209e-01
0.000000000000000000e+00
0.000000000000000000e+00
5.305299999999999461e-01
0.000000000000000000e+00
0.000000000000000000e+00
0.000000000000000000e+00
4.779599999999999960e-01
0.000000000000000000e+00
6.478399999999999714e-01
0.000000000000000000e+00
0.000000000000000000e+00
0.000000000000000000e+00
6.608800000000000230e-01
0.000000000000000000e+00
0.000000000000000000e+00
0.000000000000000000e+00
0.000000000000000000e+00
8.822200000000000042e-01
0.000000000000000000e+00
0.000000000000000000e+00
6.680500000000000327e-01
0.000000000000000000e+00
0.000000000000000000e+00
0.000000000000000000e+00
9.761499999999999622e-01
0.000000000000000000e+00
0.000000000000000000e+00
0.000000000000000000e+00
5.641199999999999548e-01
0.000000000000000000e+00
5.360200000000000520e-01
0.000000000000000000e+00
6.995700000000000252e-01
0.000000000000000000e+00
1.240720000000000045e+00
0.000000000000000000e+00
0.000000000000000000e+00
0.000000000000000000e+00
5.323200000000000154e-01
0.000000000000000000e+00
0.000000000000000000e+00
0.000000000000000000e+00
8.052200000000000468e-01
0.000000000000000000e+00
0.000000000000000000e+00
0.000000000000000000e+00
5.628800000000000470e-01
0.000000000000000000e+00
6.670599999999999863e-01
0.000000000000000000e+00
0.000000000000000000e+00
0.000000000000000000e+00
4.334500000000000020e-01
0.000000000000000000e+00
0.000000000000000000e+00
0.000000000000000000e+00
0.000000000000000000e+00
0.000000000000000000e+00
0.000000000000000000e+00
6.370400000000000507e-01
0.000000000000000000e+00
6.103800000000000336e-01
0.000000000000000000e+00
1.096719999999999917e+00
0.000000000000000000e+00
5.498300000000000409e-01
0.000000000000000000e+00
0.000000000000000000e+00
0.000000000000000000e+00
0.000000000000000000e+00
1.089089999999999892e+00
0.000000000000000000e+00
0.000000000000000000e+00
6.521400000000000530e-01
0.000000000000000000e+00
7.172100000000000142e-01
0.000000000000000000e+00
5.313299999999999690e-01
0.000000000000000000e+00
0.000000000000000000e+00
0.000000000000000000e+00
6.724299999999999722e-01
0.000000000000000000e+00
0.000000000000000000e+00
6.079599999999999449e-01
0.000000000000000000e+00
0.000000000000000000e+00
5.411099999999999799e-01
0.000000000000000000e+00
0.000000000000000000e+00
5.790699999999999736e-01
0.000000000000000000e+00
9.720499999999999696e-01
0.000000000000000000e+00
0.000000000000000000e+00
1.195200000000000040e+00
0.000000000000000000e+00
0.000000000000000000e+00
0.000000000000000000e+00
6.467199999999999616e-01
0.000000000000000000e+00
6.861599999999999921e-01
0.000000000000000000e+00
0.000000000000000000e+00
8.171699999999999520e-01
0.000000000000000000e+00
0.000000000000000000e+00
9.453700000000000436e-01
0.000000000000000000e+00
0.000000000000000000e+00
6.063600000000000101e-01
0.000000000000000000e+00
1.053909999999999902e+00
0.000000000000000000e+00
0.000000000000000000e+00
0.000000000000000000e+00
0.000000000000000000e+00
4.673800000000000177e-01
0.000000000000000000e+00
0.000000000000000000e+00
0.000000000000000000e+00
0.000000000000000000e+00
0.000000000000000000e+00
8.771900000000000253e-01
0.000000000000000000e+00
0.000000000000000000e+00
0.000000000000000000e+00
1.458739999999999926e+00
0.000000000000000000e+00
0.000000000000000000e+00
0.000000000000000000e+00
0.000000000000000000e+00
0.000000000000000000e+00
8.915800000000000392e-01
0.000000000000000000e+00
0.000000000000000000e+00
5.015600000000000058e-01
0.000000000000000000e+00
1.134619999999999962e+00
0.000000000000000000e+00
0.000000000000000000e+00
0.000000000000000000e+00
0.000000000000000000e+00
7.551900000000000279e-01
0.000000000000000000e+00
0.000000000000000000e+00
8.266900000000000359e-01
0.000000000000000000e+00
5.981100000000000305e-01
0.000000000000000000e+00
8.061199999999999477e-01
0.000000000000000000e+00
0.000000000000000000e+00
6.861000000000000432e-01
0.000000000000000000e+00
0.000000000000000000e+00
1.067350000000000021e+00
0.000000000000000000e+00
0.000000000000000000e+00
0.000000000000000000e+00
1.220979999999999954e+00
0.000000000000000000e+00
5.232700000000000129e-01
0.000000000000000000e+00
0.000000000000000000e+00
8.403000000000000469e-01
0.000000000000000000e+00
0.000000000000000000e+00
0.000000000000000000e+00
6.997999999999999776e-01
0.000000000000000000e+00
0.000000000000000000e+00
0.000000000000000000e+00
0.000000000000000000e+00
7.526599999999999957e-01
0.000000000000000000e+00
7.230499999999999705e-01
0.000000000000000000e+00
0.000000000000000000e+00
0.000000000000000000e+00
7.356399999999999606e-01
0.000000000000000000e+00
0.000000000000000000e+00
6.504999999999999671e-01
0.000000000000000000e+00
0.000000000000000000e+00
0.000000000000000000e+00
1.071099999999999941e+00
0.000000000000000000e+00
0.000000000000000000e+00
0.000000000000000000e+00
1.928960000000000008e+00
0.000000000000000000e+00
1.022980000000000000e+00
0.000000000000000000e+00
0.000000000000000000e+00
9.099199999999999511e-01
0.000000000000000000e+00
0.000000000000000000e+00
0.000000000000000000e+00
6.724400000000000377e-01
0.000000000000000000e+00
0.000000000000000000e+00
0.000000000000000000e+00
0.000000000000000000e+00
5.247100000000000097e-01
0.000000000000000000e+00
6.859100000000000197e-01
0.000000000000000000e+00
6.509000000000000341e-01
0.000000000000000000e+00
9.133099999999999552e-01
0.000000000000000000e+00
0.000000000000000000e+00
6.333499999999999686e-01
0.000000000000000000e+00
0.000000000000000000e+00
0.000000000000000000e+00
8.429900000000000171e-01
0.000000000000000000e+00
0.000000000000000000e+00
1.920979999999999910e+00
0.000000000000000000e+00
0.000000000000000000e+00
0.000000000000000000e+00
0.000000000000000000e+00
0.000000000000000000e+00
0.000000000000000000e+00
0.000000000000000000e+00
0.000000000000000000e+00
0.000000000000000000e+00
0.000000000000000000e+00
0.000000000000000000e+00
0.000000000000000000e+00
0.000000000000000000e+00
0.000000000000000000e+00
0.000000000000000000e+00
0.000000000000000000e+00
0.000000000000000000e+00
0.000000000000000000e+00
0.000000000000000000e+00
0.000000000000000000e+00
0.000000000000000000e+00
6.917600000000000415e-01
0.000000000000000000e+00
0.000000000000000000e+00
0.000000000000000000e+00
0.000000000000000000e+00
6.287800000000000056e-01
0.000000000000000000e+00
7.000899999999999901e-01
0.000000000000000000e+00
0.000000000000000000e+00
0.000000000000000000e+00
0.000000000000000000e+00
5.485499999999999821e-01
0.000000000000000000e+00
4.827199999999999824e-01
0.000000000000000000e+00
0.000000000000000000e+00
0.000000000000000000e+00
7.176399999999999446e-01
0.000000000000000000e+00
0.000000000000000000e+00
0.000000000000000000e+00
8.094999999999999973e-01
0.000000000000000000e+00
0.000000000000000000e+00
0.000000000000000000e+00
0.000000000000000000e+00
0.000000000000000000e+00
5.566999999999999726e-01
0.000000000000000000e+00
0.000000000000000000e+00
6.205699999999999550e-01
0.000000000000000000e+00
0.000000000000000000e+00
0.000000000000000000e+00
0.000000000000000000e+00
6.267899999999999583e-01
0.000000000000000000e+00
0.000000000000000000e+00
0.000000000000000000e+00
4.526200000000000223e-01
0.000000000000000000e+00
0.000000000000000000e+00
6.365399999999999947e-01
0.000000000000000000e+00
7.945499999999999785e-01
0.000000000000000000e+00
0.000000000000000000e+00
0.000000000000000000e+00
0.000000000000000000e+00
7.388299999999999867e-01
0.000000000000000000e+00
0.000000000000000000e+00
0.000000000000000000e+00
0.000000000000000000e+00
0.000000000000000000e+00
0.000000000000000000e+00
5.834599999999999786e-01
0.000000000000000000e+00
0.000000000000000000e+00
0.000000000000000000e+00
7.685199999999999809e-01
0.000000000000000000e+00
0.000000000000000000e+00
5.599699999999999678e-01
0.000000000000000000e+00
0.000000000000000000e+00
7.407099999999999795e-01
0.000000000000000000e+00
0.000000000000000000e+00
0.000000000000000000e+00
0.000000000000000000e+00
0.000000000000000000e+00
9.946199999999999486e-01
0.000000000000000000e+00
0.000000000000000000e+00
5.590199999999999614e-01
0.000000000000000000e+00
0.000000000000000000e+00
7.355599999999999916e-01
0.000000000000000000e+00
0.000000000000000000e+00
0.000000000000000000e+00
6.425699999999999745e-01
0.000000000000000000e+00
5.130599999999999605e-01
0.000000000000000000e+00
6.798999999999999488e-01
0.000000000000000000e+00
4.896400000000000197e-01
0.000000000000000000e+00
0.000000000000000000e+00
0.000000000000000000e+00
0.000000000000000000e+00
4.930599999999999983e-01
0.000000000000000000e+00
5.749600000000000266e-01
0.000000000000000000e+00
0.000000000000000000e+00
0.000000000000000000e+00
6.513099999999999445e-01
0.000000000000000000e+00
0.000000000000000000e+00
5.800199999999999800e-01
0.000000000000000000e+00
0.000000000000000000e+00
6.919800000000000395e-01
0.000000000000000000e+00
0.000000000000000000e+00
0.000000000000000000e+00
5.744599999999999707e-01
0.000000000000000000e+00
0.000000000000000000e+00
0.000000000000000000e+00
0.000000000000000000e+00
0.000000000000000000e+00
4.830499999999999794e-01
0.000000000000000000e+00
0.000000000000000000e+00
0.000000000000000000e+00
6.493499999999999828e-01
0.000000000000000000e+00
5.430500000000000327e-01
0.000000000000000000e+00
0.000000000000000000e+00
7.697699999999999543e-01
0.000000000000000000e+00
0.000000000000000000e+00
0.000000000000000000e+00
0.000000000000000000e+00
0.000000000000000000e+00
1.919699999999999962e+00
0.000000000000000000e+00
0.000000000000000000e+00
8.488200000000000189e-01
0.000000000000000000e+00
0.000000000000000000e+00
0.000000000000000000e+00
4.874399999999999844e-01
0.000000000000000000e+00
0.000000000000000000e+00
0.000000000000000000e+00
0.000000000000000000e+00
6.448599999999999888e-01
0.000000000000000000e+00
5.655000000000000027e-01
0.000000000000000000e+00
0.000000000000000000e+00
5.185199999999999809e-01
0.000000000000000000e+00
0.000000000000000000e+00
0.000000000000000000e+00
0.000000000000000000e+00
6.982099999999999973e-01
0.000000000000000000e+00
0.000000000000000000e+00
0.000000000000000000e+00
0.000000000000000000e+00
0.000000000000000000e+00
0.000000000000000000e+00
0.000000000000000000e+00
8.302300000000000235e-01
0.000000000000000000e+00
5.848999999999999755e-01
0.000000000000000000e+00
6.353400000000000158e-01
0.000000000000000000e+00
5.626400000000000290e-01
0.000000000000000000e+00
9.888200000000000323e-01
0.000000000000000000e+00
0.000000000000000000e+00
5.289099999999999913e-01
0.000000000000000000e+00
0.000000000000000000e+00
0.000000000000000000e+00
0.000000000000000000e+00
0.000000000000000000e+00
4.199600000000000000e-01
0.000000000000000000e+00
6.182100000000000373e-01
0.000000000000000000e+00
4.877199999999999869e-01
0.000000000000000000e+00
0.000000000000000000e+00
0.000000000000000000e+00
4.559799999999999964e-01
0.000000000000000000e+00
4.242600000000000260e-01
0.000000000000000000e+00
0.000000000000000000e+00
0.000000000000000000e+00
7.131600000000000161e-01
0.000000000000000000e+00
5.992899999999999894e-01
0.000000000000000000e+00
0.000000000000000000e+00
0.000000000000000000e+00
0.000000000000000000e+00
6.423699999999999966e-01
0.000000000000000000e+00
0.000000000000000000e+00
0.000000000000000000e+00
0.000000000000000000e+00
0.000000000000000000e+00
0.000000000000000000e+00
6.812399999999999567e-01
0.000000000000000000e+00
0.000000000000000000e+00
0.000000000000000000e+00
6.554400000000000226e-01
0.000000000000000000e+00
0.000000000000000000e+00
7.245800000000000018e-01
0.000000000000000000e+00
0.000000000000000000e+00
0.000000000000000000e+00
6.107299999999999951e-01
0.000000000000000000e+00
0.000000000000000000e+00
5.992300000000000404e-01
0.000000000000000000e+00
0.000000000000000000e+00
0.000000000000000000e+00
0.000000000000000000e+00
0.000000000000000000e+00
5.929100000000000481e-01
0.000000000000000000e+00
6.899300000000000432e-01
0.000000000000000000e+00
0.000000000000000000e+00
6.987200000000000077e-01
0.000000000000000000e+00
0.000000000000000000e+00
0.000000000000000000e+00
0.000000000000000000e+00
5.401700000000000390e-01
0.000000000000000000e+00
0.000000000000000000e+00
0.000000000000000000e+00
0.000000000000000000e+00
8.115200000000000191e-01
0.000000000000000000e+00
0.000000000000000000e+00
5.814099999999999824e-01
0.000000000000000000e+00
7.472699999999999898e-01
0.000000000000000000e+00
6.726199999999999957e-01
0.000000000000000000e+00
8.249600000000000266e-01
0.000000000000000000e+00
5.552200000000000468e-01
0.000000000000000000e+00
0.000000000000000000e+00
8.225599999999999579e-01
0.000000000000000000e+00
0.000000000000000000e+00
7.075000000000000178e-01
0.000000000000000000e+00
0.000000000000000000e+00
7.631299999999999750e-01
0.000000000000000000e+00
0.000000000000000000e+00
8.701999999999999735e-01
0.000000000000000000e+00
0.000000000000000000e+00
0.000000000000000000e+00
6.347099999999999964e-01
0.000000000000000000e+00
6.042100000000000248e-01
0.000000000000000000e+00
0.000000000000000000e+00
8.257900000000000240e-01
0.000000000000000000e+00
0.000000000000000000e+00
5.700499999999999456e-01
0.000000000000000000e+00
0.000000000000000000e+00
0.000000000000000000e+00
0.000000000000000000e+00
6.549199999999999466e-01
0.000000000000000000e+00
0.000000000000000000e+00
0.000000000000000000e+00
0.000000000000000000e+00
0.000000000000000000e+00
0.000000000000000000e+00
0.000000000000000000e+00
0.000000000000000000e+00
0.000000000000000000e+00
0.000000000000000000e+00
0.000000000000000000e+00
0.000000000000000000e+00
0.000000000000000000e+00
0.000000000000000000e+00
0.000000000000000000e+00
0.000000000000000000e+00
0.000000000000000000e+00
0.000000000000000000e+00
0.000000000000000000e+00
0.000000000000000000e+00
0.000000000000000000e+00
0.000000000000000000e+00
0.000000000000000000e+00
6.901199999999999557e-01
0.000000000000000000e+00
0.000000000000000000e+00
5.638499999999999623e-01
0.000000000000000000e+00
0.000000000000000000e+00
5.151000000000000023e-01
0.000000000000000000e+00
0.000000000000000000e+00
0.000000000000000000e+00
5.570000000000000506e-01
0.000000000000000000e+00
0.000000000000000000e+00
0.000000000000000000e+00
0.000000000000000000e+00
5.664500000000000091e-01
0.000000000000000000e+00
0.000000000000000000e+00
5.549399999999999888e-01
0.000000000000000000e+00
0.000000000000000000e+00
0.000000000000000000e+00
7.032899999999999707e-01
0.000000000000000000e+00
0.000000000000000000e+00
0.000000000000000000e+00
6.548599999999999977e-01
0.000000000000000000e+00
0.000000000000000000e+00
5.479100000000000081e-01
0.000000000000000000e+00
7.419999999999999929e-01
0.000000000000000000e+00
6.604400000000000270e-01
0.000000000000000000e+00
0.000000000000000000e+00
0.000000000000000000e+00
6.723999999999999977e-01
0.000000000000000000e+00
7.006700000000000150e-01
0.000000000000000000e+00
0.000000000000000000e+00
0.000000000000000000e+00
0.000000000000000000e+00
6.791700000000000514e-01
0.000000000000000000e+00
0.000000000000000000e+00
0.000000000000000000e+00
0.000000000000000000e+00
6.740099999999999980e-01
0.000000000000000000e+00
0.000000000000000000e+00
5.625000000000000000e-01
0.000000000000000000e+00
6.952700000000000546e-01
0.000000000000000000e+00
5.341399999999999482e-01
0.000000000000000000e+00
0.000000000000000000e+00
0.000000000000000000e+00
0.000000000000000000e+00
5.702599999999999891e-01
0.000000000000000000e+00
0.000000000000000000e+00
5.937500000000000000e-01
0.000000000000000000e+00
0.000000000000000000e+00
5.690600000000000103e-01
0.000000000000000000e+00
0.000000000000000000e+00
6.224499999999999478e-01
0.000000000000000000e+00
0.000000000000000000e+00
5.860800000000000454e-01
0.000000000000000000e+00
0.000000000000000000e+00
6.259099999999999664e-01
0.000000000000000000e+00
0.000000000000000000e+00
0.000000000000000000e+00
0.000000000000000000e+00
0.000000000000000000e+00
0.000000000000000000e+00
7.379400000000000404e-01
0.000000000000000000e+00
0.000000000000000000e+00
0.000000000000000000e+00
0.000000000000000000e+00
8.263599999999999834e-01
0.000000000000000000e+00
0.000000000000000000e+00
0.000000000000000000e+00
6.968499999999999694e-01
0.000000000000000000e+00
0.000000000000000000e+00
6.841500000000000359e-01
0.000000000000000000e+00
6.302400000000000224e-01
0.000000000000000000e+00
0.000000000000000000e+00
6.213400000000000034e-01
0.000000000000000000e+00
0.000000000000000000e+00
5.593500000000000139e-01
0.000000000000000000e+00
0.000000000000000000e+00
0.000000000000000000e+00
0.000000000000000000e+00
0.000000000000000000e+00
8.660999999999999810e-01
0.000000000000000000e+00
8.491199999999999859e-01
0.000000000000000000e+00
6.844999999999999973e-01
0.000000000000000000e+00
8.557700000000000307e-01
0.000000000000000000e+00
0.000000000000000000e+00
7.374899999999999789e-01
0.000000000000000000e+00
0.000000000000000000e+00
6.373299999999999521e-01
0.000000000000000000e+00
0.000000000000000000e+00
5.617400000000000171e-01
0.000000000000000000e+00
0.000000000000000000e+00
0.000000000000000000e+00
0.000000000000000000e+00
7.720000000000000195e-01
0.000000000000000000e+00
0.000000000000000000e+00
0.000000000000000000e+00
1.034939999999999971e+00
0.000000000000000000e+00
5.336100000000000287e-01
0.000000000000000000e+00
0.000000000000000000e+00
0.000000000000000000e+00
6.562599999999999545e-01
0.000000000000000000e+00
6.927799999999999514e-01
0.000000000000000000e+00
0.000000000000000000e+00
0.000000000000000000e+00
5.644099999999999673e-01
0.000000000000000000e+00
8.897399999999999753e-01
0.000000000000000000e+00
0.000000000000000000e+00
0.000000000000000000e+00
0.000000000000000000e+00
0.000000000000000000e+00
1.077820000000000000e+00
0.000000000000000000e+00
5.909999999999999698e-01
0.000000000000000000e+00
0.000000000000000000e+00
0.000000000000000000e+00
8.055999999999999828e-01
0.000000000000000000e+00
6.960100000000000176e-01
0.000000000000000000e+00
0.000000000000000000e+00
0.000000000000000000e+00
0.000000000000000000e+00
0.000000000000000000e+00
0.000000000000000000e+00
7.156700000000000284e-01
0.000000000000000000e+00
0.000000000000000000e+00
0.000000000000000000e+00
6.186500000000000332e-01
0.000000000000000000e+00
0.000000000000000000e+00
0.000000000000000000e+00
8.578200000000000269e-01
0.000000000000000000e+00
0.000000000000000000e+00
5.672199999999999465e-01
0.000000000000000000e+00
0.000000000000000000e+00
7.331199999999999939e-01
0.000000000000000000e+00
6.243600000000000261e-01
0.000000000000000000e+00
0.000000000000000000e+00
6.010199999999999987e-01
0.000000000000000000e+00
0.000000000000000000e+00
0.000000000000000000e+00
0.000000000000000000e+00
5.378399999999999848e-01
0.000000000000000000e+00
6.130400000000000293e-01
0.000000000000000000e+00
0.000000000000000000e+00
0.000000000000000000e+00
0.000000000000000000e+00
1.067830000000000057e+00
0.000000000000000000e+00
0.000000000000000000e+00
0.000000000000000000e+00
4.490500000000000047e-01
0.000000000000000000e+00
7.572699999999999987e-01
0.000000000000000000e+00
0.000000000000000000e+00
0.000000000000000000e+00
0.000000000000000000e+00
5.581800000000000095e-01
0.000000000000000000e+00
0.000000000000000000e+00
0.000000000000000000e+00
0.000000000000000000e+00
0.000000000000000000e+00
5.395499999999999741e-01
0.000000000000000000e+00
0.000000000000000000e+00
0.000000000000000000e+00
0.000000000000000000e+00
4.710099999999999842e-01
0.000000000000000000e+00
0.000000000000000000e+00
5.624799999999999800e-01
0.000000000000000000e+00
6.342600000000000460e-01
0.000000000000000000e+00
0.000000000000000000e+00
6.868300000000000516e-01
0.000000000000000000e+00
0.000000000000000000e+00
1.131150000000000100e+00
0.000000000000000000e+00
0.000000000000000000e+00
0.000000000000000000e+00
0.000000000000000000e+00
6.654299999999999660e-01
0.000000000000000000e+00
9.663199999999999568e-01
0.000000000000000000e+00
0.000000000000000000e+00
6.689599999999999991e-01
0.000000000000000000e+00
0.000000000000000000e+00
5.265800000000000480e-01
0.000000000000000000e+00
0.000000000000000000e+00
0.000000000000000000e+00
5.908999999999999808e-01
0.000000000000000000e+00
6.580599999999999783e-01
0.000000000000000000e+00
0.000000000000000000e+00
5.109299999999999953e-01
0.000000000000000000e+00
1.071769999999999889e+00
0.000000000000000000e+00
7.704800000000000537e-01
0.000000000000000000e+00
9.726700000000000346e-01
0.000000000000000000e+00
0.000000000000000000e+00
0.000000000000000000e+00
0.000000000000000000e+00
6.157700000000000395e-01
0.000000000000000000e+00
0.000000000000000000e+00
9.071099999999999719e-01
0.000000000000000000e+00
0.000000000000000000e+00
0.000000000000000000e+00
0.000000000000000000e+00
0.000000000000000000e+00
0.000000000000000000e+00
0.000000000000000000e+00
0.000000000000000000e+00
0.000000000000000000e+00
0.000000000000000000e+00
0.000000000000000000e+00
0.000000000000000000e+00
0.000000000000000000e+00
