0.000000000000000000e+00
0.000000000000000000e+00
0.000000000000000000e+00
0.000000000000000000e+00
0.000000000000000000e+00
0.000000000000000000e+00
0.000000000000000000e+00
0.000000000000000000e+00
0.000000000000000000e+00
0.000000000000000000e+00
7.500999999999999890e-01
0.000000000000000000e+00
1.121320000000000094e+00
0.000000000000000000e+00
0.000000000000000000e+00
1.285579999999999945e+00
0.000000000000000000e+00
0.000000000000000000e+00
8.636099999999999888e-01
0.000000000000000000e+00
8.373000000000000442e-01
0.000000000000000000e+00
0.000000000000000000e+00
0.000000000000000000e+00
6.364499999999999602e-01
0.000000000000000000e+00
0.000000000000000000e+00
0.000000000000000000e+00
6.880600000000000049e-01
0.000000000000000000e+00
0.000000000000000000e+00
7.098200000000000065e-01
0.000000000000000000e+00
0.000000000000000000e+00
0.000000000000000000e+00
7.024599999999999733e-01
0.000000000000000000e+00
4.999299999999999855e-01
0.000000000000000000e+00
0.000000000000000000e+00
6.742000000000000215e-01
0.000000000000000000e+00
7.356899999999999551e-01
0.000000000000000000e+00
4.869399999999999840e-01
0.000000000000000000e+00
0.000000000000000000e+00
0.000000000000000000e+00
0.000000000000000000e+00
6.337599999999999900e-01
0.000000000000000000e+00
0.000000000000000000e+00
0.000000000000000000e+00
7.210699999999999887e-01
0.000000000000000000e+00
8.694399999999999906e-01
0.000000000000000000e+00
0.000000000000000000e+00
7.566000000000000503e-01
0.000000000000000000e+00
0.000000000000000000e+00
0.000000000000000000e+00
6.166399999999999659e-01
0.000000000000000000e+00
0.000000000000000000e+00
0.000000000000000000e+00
6.979800000000000448e-01
0.000000000000000000e+00
0.000000000000000000e+00
0.000000000000000000e+00
0.000000000000000000e+00
0.000000000000000000e+00
0.000000000000000000e+00
1.117660000000000098e+00
0.000000000000000000e+00
0.000000000000000000e+00
0.000000000000000000e+00
6.716800000000000548e-01
0.000000000000000000e+00
0.000000000000000000e+00
0.000000000000000000e+00
5.919900000000000162e-01
0.000000000000000000e+00
0.000000000000000000e+00
5.614000000000000101e-01
0.000000000000000000e+00
4.763899999999999801e-01
0.000000000000000000e+00
0.000000000000000000e+00
0.000000000000000000e+00
7.974200000000000177e-01
0.000000000000000000e+00
0.000000000000000000e+00
0.000000000000000000e+00
0.000000000000000000e+00
5.941199999999999815e-01
0.000000000000000000e+00
0.000000000000000000e+00
0.000000000000000000e+00
0.000000000000000000e+00
0.000000000000000000e+00
8.555599999999999872e-01
0.000000000000000000e+00
0.000000000000000000e+00
0.000000000000000000e+00
0.000000000000000000e+00
1.089239999999999986e+00
0.000000000000000000e+00
0.000000000000000000e+00
0.000000000000000000e+00
0.000000000000000000e+00
7.189900000000000180e-01
0.000000000000000000e+00
1.148060000000000080e+00
0.000000000000000000e+00
6.979999999999999538e-01
0.000000000000000000e+00
0.000000000000000000e+00
0.000000000000000000e+00
6.908400000000000096e-01
0.000000000000000000e+00
0.000000000000000000e+00
5.180299999999999905e-01
0.000000000000000000e+00
0.000000000000000000e+00
0.000000000000000000e+00
5.370000000000000329e-01
0.000000000000000000e+00
0.000000000000000000e+00
5.347699999999999676e-01
0.000000000000000000e+00
0.000000000000000000e+00
0.000000000000000000e+00
8.654899999999999816e-01
0.000000000000000000e+00
0.000000000000000000e+00
5.685000000000000053e-01
0.000000000000000000e+00
0.000000000000000000e+00
0.000000000000000000e+00
8.299900000000000055e-01
0.000000000000000000e+00
0.000000000000000000e+00
0.000000000000000000e+00
0.000000000000000000e+00
6.041600000000000303e-01
0.000000000000000000e+00
0.000000000000000000e+00
0.000000000000000000e+00
6.442499999999999893e-01
0.000000000000000000e+00
0.000000000000000000e+00
0.000000000000000000e+00
8.371699999999999697e-01
0.000000000000000000e+00
0.000000000000000000e+00
0.000000000000000000e+00
0.000000000000000000e+00
5.787600000000000522e-01
0.000000000000000000e+00
0.000000000000000000e+00
6.909699999999999731e-01
0.000000000000000000e+00
0.000000000000000000e+00
0.000000000000000000e+00
0.000000000000000000e+00
1.104759999999999964e+00
0.000000000000000000e+00
0.000000000000000000e+00
0.000000000000000000e+00
6.385800000000000365e-01
0.000000000000000000e+00
7.010899999999999910e-01
0.000000000000000000e+00
0.000000000000000000e+00
0.000000000000000000e+00
8.982700000000000129e-01
0.000000000000000000e+00
0.000000000000000000e+00
5.694599999999999662e-01
0.000000000000000000e+00
0.000000000000000000e+00
6.757400000000000073e-01
0.000000000000000000e+00
0.000000000000000000e+00
9.710699999999999887e-01
0.000000000000000000e+00
0.000000000000000000e+00
0.000000000000000000e+00
9.427900000000000169e-01
0.000000000000000000e+00
0.000000000000000000e+00
0.000000000000000000e+00
7.308099999999999596e-01
0.000000000000000000e+00
0.000000000000000000e+00
0.000000000000000000e+00
0.000000000000000000e+00
9.821499999999999675e-01
0.000000000000000000e+00
6.328500000000000236e-01
0.000000000000000000e+00
0.000000000000000000e+00
6.598500000000000476e-01
0.000000000000000000e+00
1.089380000000000015e+00
0.000000000000000000e+00
0.000000000000000000e+00
0.000000000000000000e+00
0.000000000000000000e+00
0.000000000000000000e+00
0.000000000000000000e+00
9.721300000000000496e-01
0.000000000000000000e+00
0.000000000000000000e+00
0.000000000000000000e+00
0.000000000000000000e+00
9.583000000000000407e-01
0.000000000000000000e+00
0.000000000000000000e+00
0.000000000000000000e+00
0.000000000000000000e+00
9.576000000000000068e-01
0.000000000000000000e+00
0.000000000000000000e+00
0.000000000000000000e+00
5.765099999999999669e-01
0.000000000000000000e+00
0.000000000000000000e+00
1.124260000000000037e+00
0.000000000000000000e+00
6.491200000000000303e-01
0.000000000000000000e+00
0.000000000000000000e+00
0.000000000000000000e+00
0.000000000000000000e+00
0.000000000000000000e+00
0.000000000000000000e+00
0.000000000000000000e+00
7.438200000000000367e-01
0.000000000000000000e+00
0.000000000000000000e+00
5.576100000000000501e-01
0.000000000000000000e+00
0.000000000000000000e+00
9.173799999999999732e-01
0.000000000000000000e+00
0.000000000000000000e+00
7.680799999999999850e-01
0.000000000000000000e+00
9.813100000000000156e-01
0.000000000000000000e+00
0.000000000000000000e+00
0.000000000000000000e+00
6.863099999999999756e-01
0.000000000000000000e+00
0.000000000000000000e+00
0.000000000000000000e+00
0.000000000000000000e+00
5.795099999999999696e-01
0.000000000000000000e+00
0.000000000000000000e+00
0.000000000000000000e+00
1.044079999999999897e+00
0.000000000000000000e+00
0.000000000000000000e+00
1.466669999999999918e+00
0.000000000000000000e+00
0.000000000000000000e+00
7.725199999999999845e-01
0.000000000000000000e+00
0.000000000000000000e+00
9.766700000000000381e-01
0.000000000000000000e+00
0.000000000000000000e+00
0.000000000000000000e+00
0.000000000000000000e+00
5.315499999999999670e-01
0.000000000000000000e+00
0.000000000000000000e+00
7.164500000000000313e-01
0.000000000000000000e+00
0.000000000000000000e+00
0.000000000000000000e+00
5.965300000000000047e-01
0.000000000000000000e+00
0.000000000000000000e+00
5.838200000000000056e-01
0.000000000000000000e+00
0.000000000000000000e+00
0.000000000000000000e+00
0.000000000000000000e+00
6.529899999999999594e-01
0.000000000000000000e+00
0.000000000000000000e+00
0.000000000000000000e+00
0.000000000000000000e+00
0.000000000000000000e+00
1.471970000000000001e+00
0.000000000000000000e+00
4.685599999999999765e-01
0.000000000000000000e+00
0.000000000000000000e+00
0.000000000000000000e+00
0.000000000000000000e+00
0.000000000000000000e+00
0.000000000000000000e+00
0.000000000000000000e+00
0.000000000000000000e+00
0.000000000000000000e+00
0.000000000000000000e+00
0.000000000000000000e+00
0.000000000000000000e+00
0.000000000000000000e+00
0.000000000000000000e+00
0.000000000000000000e+00
0.000000000000000000e+00
0.000000000000000000e+00
0.000000000000000000e+00
0.000000000000000000e+00
0.000000000000000000e+00
0.000000000000000000e+00
0.000000000000000000e+00
0.000000000000000000e+00
0.000000000000000000e+00
0.000000000000000000e+00
0.000000000000000000e+00
6.948999999999999622e-01
0.000000000000000000e+00
0.000000000000000000e+00
7.148400000000000309e-01
0.000000000000000000e+00
7.406599999999999850e-01
0.000000000000000000e+00
0.000000000000000000e+00
0.000000000000000000e+00
0.000000000000000000e+00
1.438900000000000068e+00
0.000000000000000000e+00
5.436600000000000321e-01
0.000000000000000000e+00
0.000000000000000000e+00
5.280000000000000249e-01
0.000000000000000000e+00
0.000000000000000000e+00
0.000000000000000000e+00
6.260400000000000409e-01
0.000000000000000000e+00
0.000000000000000000e+00
6.586999999999999522e-01
0.000000000000000000e+00
0.000000000000000000e+00
0.000000000000000000e+00
7.754900000000000126e-01
0.000000000000000000e+00
5.798699999999999966e-01
0.000000000000000000e+00
0.000000000000000000e+00
0.000000000000000000e+00
6.236800000000000122e-01
0.000000000000000000e+00
9.530499999999999527e-01
0.000000000000000000e+00
6.616600000000000259e-01
0.000000000000000000e+00
0.000000000000000000e+00
0.000000000000000000e+00
0.000000000000000000e+00
9.385200000000000209e-01
0.000000000000000000e+00
0.000000000000000000e+00
0.000000000000000000e+00
0.000000000000000000e+00
1.110249999999999959e+00
0.000000000000000000e+00
1.051770000000000094e+00
0.000000000000000000e+00
7.709399999999999586e-01
0.000000000000000000e+00
7.862200000000000299e-01
0.000000000000000000e+00
0.000000000000000000e+00
0.000000000000000000e+00
9.576099999999999612e-01
0.000000000000000000e+00
8.501900000000000013e-01
0.000000000000000000e+00
0.000000000000000000e+00
0.000000000000000000e+00
7.421200000000000019e-01
0.000000000000000000e+00
0.000000000000000000e+00
8.414899999999999602e-01
0.000000000000000000e+00
6.818699999999999761e-01
0.000000000000000000e+00
0.000000000000000000e+00
7.484800000000000342e-01
0.000000000000000000e+00
0.000000000000000000e+00
1.390130000000000088e+00
0.000000000000000000e+00
0.000000000000000000e+00
5.085800000000000320e-01
0.000000000000000000e+00
0.000000000000000000e+00
0.000000000000000000e+00
0.000000000000000000e+00
0.000000000000000000e+00
0.000000000000000000e+00
7.898100000000000120e-01
0.000000000000000000e+00
0.000000000000000000e+00
7.137200000000000211e-01
0.000000000000000000e+00
6.343100000000000405e-01
0.000000000000000000e+00
6.263900000000000023e-01
0.000000000000000000e+00
1.111019999999999897e+00
0.000000000000000000e+00
0.000000000000000000e+00
0.000000000000000000e+00
0.000000000000000000e+00
7.300900000000000167e-01
0.000000000000000000e+00
0.000000000000000000e+00
1.940479999999999983e+00
0.000000000000000000e+00
0.000000000000000000e+00
6.786699999999999955e-01
0.000000000000000000e+00
0.000000000000000000e+00
0.000000000000000000e+00
0.000000000000000000e+00
0.000000000000000000e+00
5.969999999999999751e-01
0.000000000000000000e+00
5.406300000000000550e-01
0.000000000000000000e+00
7.310900000000000176e-01
0.000000000000000000e+00
6.184899999999999842e-01
0.000000000000000000e+00
4.440200000000000258e-01
0.000000000000000000e+00
0.000000000000000000e+00
6.208500000000000130e-01
0.000000000000000000e+00
0.000000000000000000e+00
0.000000000000000000e+00
7.291600000000000303e-01
0.000000000000000000e+00
0.000000000000000000e+00
0.000000000000000000e+00
0.000000000000000000e+00
8.438299999999999690e-01
0.000000000000000000e+00
0.000000000000000000e+00
6.310799999999999743e-01
0.000000000000000000e+00
0.000000000000000000e+00
0.000000000000000000e+00
8.123099999999999765e-01
0.000000000000000000e+00
0.000000000000000000e+00
0.000000000000000000e+00
0.000000000000000000e+00
0.000000000000000000e+00
6.459399999999999586e-01
0.000000000000000000e+00
8.458799999999999653e-01
0.000000000000000000e+00
0.000000000000000000e+00
0.000000000000000000e+00
5.245499999999999607e-01
0.000000000000000000e+00
0.000000000000000000e+00
6.782399999999999540e-01
0.000000000000000000e+00
6.697999999999999510e-01
0.000000000000000000e+00
0.000000000000000000e+00
5.301000000000000156e-01
0.000000000000000000e+00
0.000000000000000000e+00
8.175299999999999789e-01
0.000000000000000000e+00
8.465799999999999992e-01
0.000000000000000000e+00
0.000000000000000000e+00
0.000000000000000000e+00
7.413300000000000445e-01
0.000000000000000000e+00
0.000000000000000000e+00
0.000000000000000000e+00
8.578000000000000069e-01
0.000000000000000000e+00
0.000000000000000000e+00
0.000000000000000000e+00
5.334600000000000453e-01
0.000000000000000000e+00
0.000000000000000000e+00
0.000000000000000000e+00
0.000000000000000000e+00
0.000000000000000000e+00
6.324499999999999567e-01
0.000000000000000000e+00
5.610300000000000287e-01
0.000000000000000000e+00
1.541050000000000031e+00
0.000000000000000000e+00
5.195100000000000273e-01
0.000000000000000000e+00
0.000000000000000000e+00
0.000000000000000000e+00
0.000000000000000000e+00
0.000000000000000000e+00
0.000000000000000000e+00
6.049600000000000533e-01
0.000000000000000000e+00
0.000000000000000000e+00
0.000000000000000000e+00
9.845599999999999907e-01
0.000000000000000000e+00
0.000000000000000000e+00
5.932199999999999696e-01
0.000000000000000000e+00
6.195000000000000506e-01
0.000000000000000000e+00
0.000000000000000000e+00
0.000000000000000000e+00
0.000000000000000000e+00
7.519099999999999673e-01
0.000000000000000000e+00
0.000000000000000000e+00
0.000000000000000000e+00
5.412200000000000344e-01
0.000000000000000000e+00
5.719400000000000039e-01
0.000000000000000000e+00
0.000000000000000000e+00
6.448599999999999888e-01
0.000000000000000000e+00
0.000000000000000000e+00
4.627499999999999947e-01
0.000000000000000000e+00
5.805700000000000305e-01
0.000000000000000000e+00
0.000000000000000000e+00
0.000000000000000000e+00
0.000000000000000000e+00
5.099399999999999489e-01
0.000000000000000000e+00
0.000000000000000000e+00
0.000000000000000000e+00
0.000000000000000000e+00
5.628400000000000070e-01
0.000000000000000000e+00
5.624599999999999600e-01
0.000000000000000000e+00
0.000000000000000000e+00
0.000000000000000000e+00
0.000000000000000000e+00
7.892200000000000326e-01
0.000000000000000000e+00
0.000000000000000000e+00
1.062470000000000026e+00
0.000000000000000000e+00
0.000000000000000000e+00
0.000000000000000000e+00
5.848799999999999555e-01
0.000000000000000000e+00
0.000000000000000000e+00
9.307999999999999607e-01
0.000000000000000000e+00
0.000000000000000000e+00
1.930779999999999941e+00
0.000000000000000000e+00
0.000000000000000000e+00
5.595200000000000173e-01
0.000000000000000000e+00
0.000000000000000000e+00
0.000000000000000000e+00
6.441599999999999548e-01
0.000000000000000000e+00
0.000000000000000000e+00
0.000000000000000000e+00
0.000000000000000000e+00
6.339399999999999480e-01
0.000000000000000000e+00
0.000000000000000000e+00
0.000000000000000000e+00
0.000000000000000000e+00
0.000000000000000000e+00
0.000000000000000000e+00
0.000000000000000000e+00
0.000000000000000000e+00
0.000000000000000000e+00
0.000000000000000000e+00
0.000000000000000000e+00
0.000000000000000000e+00
0.000000000000000000e+00
0.000000000000000000e+00
0.000000000000000000e+00
0.000000000000000000e+00
0.000000000000000000e+00
0.000000000000000000e+00
0.000000000000000000e+00
0.000000000000000000e+00
0.000000000000000000e+00
0.000000000000000000e+00
0.000000000000000000e+00
0.000000000000000000e+00
7.601099999999999524e-01
0.000000000000000000e+00
0.000000000000000000e+00
0.000000000000000000e+00
5.487600000000000255e-01
0.000000000000000000e+00
0.000000000000000000e+00
0.000000000000000000e+00
4.467200000000000060e-01
0.000000000000000000e+00
0.000000000000000000e+00
0.000000000000000000e+00
0.000000000000000000e+00
5.377100000000000213e-01
0.000000000000000000e+00
0.000000000000000000e+00
0.000000000000000000e+00
0.000000000000000000e+00
5.800400000000000000e-01
0.000000000000000000e+00
0.000000000000000000e+00
8.173300000000000010e-01
0.000000000000000000e+00
0.000000000000000000e+00
6.405699999999999728e-01
0.000000000000000000e+00
0.000000000000000000e+00
0.000000000000000000e+00
0.000000000000000000e+00
0.000000000000000000e+00
0.000000000000000000e+00
7.278099999999999570e-01
0.000000000000000000e+00
8.666199999999999459e-01
0.000000000000000000e+00
0.000000000000000000e+00
8.797700000000000520e-01
0.000000000000000000e+00
0.000000000000000000e+00
5.423200000000000243e-01
0.000000000000000000e+00
0.000000000000000000e+00
5.833500000000000352e-01
0.000000000000000000e+00
0.000000000000000000e+00
0.000000000000000000e+00
6.411900000000000377e-01
0.000000000000000000e+00
0.000000000000000000e+00
0.000000000000000000e+00
0.000000000000000000e+00
7.514800000000000368e-01
0.000000000000000000e+00
0.000000000000000000e+00
1.668989999999999974e+00
0.000000000000000000e+00
9.042299999999999782e-01
0.000000000000000000e+00
0.000000000000000000e+00
0.000000000000000000e+00
7.397599999999999731e-01
0.000000000000000000e+00
0.000000000000000000e+00
1.845420000000000060e+00
0.000000000000000000e+00
5.864200000000000523e-01
0.000000000000000000e+00
6.922800000000000065e-01
0.000000000000000000e+00
0.000000000000000000e+00
6.860300000000000287e-01
0.000000000000000000e+00
0.000000000000000000e+00
0.000000000000000000e+00
0.000000000000000000e+00
1.039069999999999938e+00
0.000000000000000000e+00
0.000000000000000000e+00
9.369100000000000206e-01
0.000000000000000000e+00
0.000000000000000000e+00
0.000000000000000000e+00
0.000000000000000000e+00
5.393799999999999706e-01
0.000000000000000000e+00
0.000000000000000000e+00
0.000000000000000000e+00
1.226639999999999953e+00
0.000000000000000000e+00
0.000000000000000000e+00
0.000000000000000000e+00
6.172800000000000509e-01
0.000000000000000000e+00
5.093699999999999894e-01
0.000000000000000000e+00
0.000000000000000000e+00
0.000000000000000000e+00
0.000000000000000000e+00
5.956299999999999928e-01
0.000000000000000000e+00
6.288799999999999946e-01
0.000000000000000000e+00
0.000000000000000000e+00
0.000000000000000000e+00
0.000000000000000000e+00
0.000000000000000000e+00
5.338000000000000522e-01
0.000000000000000000e+00
0.000000000000000000e+00
0.000000000000000000e+00
8.299800000000000511e-01
0.000000000000000000e+00
6.114899999999999780e-01
0.000000000000000000e+00
0.000000000000000000e+00
6.172600000000000309e-01
0.000000000000000000e+00
6.599500000000000366e-01
0.000000000000000000e+00
7.069100000000000383e-01
0.000000000000000000e+00
0.000000000000000000e+00
6.842899999999999539e-01
0.000000000000000000e+00
0.000000000000000000e+00
0.000000000000000000e+00
0.000000000000000000e+00
5.537100000000000355e-01
0.000000000000000000e+00
9.105999999999999650e-01
0.000000000000000000e+00
0.000000000000000000e+00
0.000000000000000000e+00
6.126800000000000024e-01
0.000000000000000000e+00
0.000000000000000000e+00
0.000000000000000000e+00
0.000000000000000000e+00
7.721000000000000085e-01
0.000000000000000000e+00
0.000000000000000000e+00
5.190900000000000514e-01
0.000000000000000000e+00
0.000000000000000000e+00
7.838899999999999757e-01
0.000000000000000000e+00
0.000000000000000000e+00
0.000000000000000000e+00
0.000000000000000000e+00
6.941399999999999793e-01
0.000000000000000000e+00
0.000000000000000000e+00
0.000000000000000000e+00
6.951699999999999546e-01
0.000000000000000000e+00
0.000000000000000000e+00
0.000000000000000000e+00
0.000000000000000000e+00
5.789699999999999847e-01
0.000000000000000000e+00
0.000000000000000000e+00
0.000000000000000000e+00
0.000000000000000000e+00
6.168099999999999694e-01
0.000000000000000000e+00
6.465400000000000036e-01
0.000000000000000000e+00
0.000000000000000000e+00
0.000000000000000000e+00
6.715400000000000258e-01
0.000000000000000000e+00
0.000000000000000000e+00
0.000000000000000000e+00
6.761800000000000033e-01
0.000000000000000000e+00
0.000000000000000000e+00
0.000000000000000000e+00
0.000000000000000000e+00
6.809699999999999642e-01
0.000000000000000000e+00
1.937680000000000069e+00
0.000000000000000000e+00
0.000000000000000000e+00
5.753099999999999881e-01
0.000000000000000000e+00
0.000000000000000000e+00
0.000000000000000000e+00
5.297699999999999632e-01
0.000000000000000000e+00
0.000000000000000000e+00
0.000000000000000000e+00
0.000000000000000000e+00
0.000000000000000000e+00
5.829900000000000082e-01
0.000000000000000000e+00
0.000000000000000000e+00
0.000000000000000000e+00
0.000000000000000000e+00
7.874700000000000033e-01
0.000000000000000000e+00
0.000000000000000000e+00
1.298389999999999933e+00
0.000000000000000000e+00
0.000000000000000000e+00
0.000000000000000000e+00
1.013209999999999944e+00
0.000000000000000000e+00
6.198399999999999466e-01
0.000000000000000000e+00
5.926299999999999901e-01
0.000000000000000000e+00
0.000000000000000000e+00
0.000000000000000000e+00
6.158799999999999830e-01
0.000000000000000000e+00
0.000000000000000000e+00
6.312400000000000233e-01
0.000000000000000000e+00
0.000000000000000000e+00
0.000000000000000000e+00
6.524900000000000144e-01
0.000000000000000000e+00
0.000000000000000000e+00
0.000000000000000000e+00
5.932100000000000151e-01
0.000000000000000000e+00
1.683179999999999898e+00
0.000000000000000000e+00
5.490500000000000380e-01
0.000000000000000000e+00
6.007200000000000317e-01
0.000000000000000000e+00
0.000000000000000000e+00
5.454400000000000359e-01
0.000000000000000000e+00
0.000000000000000000e+00
5.761899999999999800e-01
0.000000000000000000e+00
0.000000000000000000e+00
0.000000000000000000e+00
0.000000000000000000e+00
5.360899999999999554e-01
0.000000000000000000e+00
0.000000000000000000e+00
0.000000000000000000e+00
9.032099999999999573e-01
0.000000000000000000e+00
0.000000000000000000e+00
5.707100000000000506e-01
0.000000000000000000e+00
6.460299999999999931e-01
0.000000000000000000e+00
0.000000000000000000e+00
0.000000000000000000e+00
0.000000000000000000e+00
5.562000000000000277e-01
0.000000000000000000e+00
0.000000000000000000e+00
6.824400000000000466e-01
0.000000000000000000e+00
0.000000000000000000e+00
0.000000000000000000e+00
5.795299999999999896e-01
0.000000000000000000e+00
0.000000000000000000e+00
5.500000000000000444e-01
0.000000000000000000e+00
0.000000000000000000e+00
7.048100000000000476e-01
0.000000000000000000e+00
0.000000000000000000e+00
0.000000000000000000e+00
5.929100000000000481e-01
0.000000000000000000e+00
0.000000000000000000e+00
6.950899999999999856e-01
0.000000000000000000e+00
0.000000000000000000e+00
0.000000000000000000e+00
8.461199999999999832e-01
0.000000000000000000e+00
0.000000000000000000e+00
0.000000000000000000e+00
0.000000000000000000e+00
0.000000000000000000e+00
0.000000000000000000e+00
0.000000000000000000e+00
0.000000000000000000e+00
0.000000000000000000e+00
0.000000000000000000e+00
0.000000000000000000e+00
0.000000000000000000e+00
0.000000000000000000e+00
0.000000000000000000e+00
0.000000000000000000e+00
0.000000000000000000e+00
0.000000000000000000e+00
0.000000000000000000e+00
0.000000000000000000e+00
0.000000000000000000e+00
0.000000000000000000e+00
6.183199999999999807e-01
0.000000000000000000e+00
0.000000000000000000e+00
0.000000000000000000e+00
5.334200000000000053e-01
0.000000000000000000e+00
7.053099999999999925e-01
0.000000000000000000e+00
0.000000000000000000e+00
6.007000000000000117e-01
0.000000000000000000e+00
0.000000000000000000e+00
0.000000000000000000e+00
5.905000000000000249e-01
0.000000000000000000e+00
0.000000000000000000e+00
6.837999999999999634e-01
0.000000000000000000e+00
0.000000000000000000e+00
6.153899999999999926e-01
0.000000000000000000e+00
0.000000000000000000e+00
6.527300000000000324e-01
0.000000000000000000e+00
0.000000000000000000e+00
0.000000000000000000e+00
6.363600000000000367e-01
0.000000000000000000e+00
0.000000000000000000e+00
1.080600000000000005e+00
0.000000000000000000e+00
5.622700000000000475e-01
0.000000000000000000e+00
0.000000000000000000e+00
0.000000000000000000e+00
7.168999999999999817e-01
0.000000000000000000e+00
0.000000000000000000e+00
6.561299999999999910e-01
0.000000000000000000e+00
0.000000000000000000e+00
0.000000000000000000e+00
5.215300000000000491e-01
0.000000000000000000e+00
5.846900000000000430e-01
0.000000000000000000e+00
0.000000000000000000e+00
0.000000000000000000e+00
4.851599999999999802e-01
0.000000000000000000e+00
0.000000000000000000e+00
0.000000000000000000e+00
0.000000000000000000e+00
6.888600000000000279e-01
0.000000000000000000e+00
0.000000000000000000e+00
6.134199999999999653e-01
0.000000000000000000e+00
0.000000000000000000e+00
0.000000000000000000e+00
6.451599999999999557e-01
0.000000000000000000e+00
0.000000000000000000e+00
0.000000000000000000e+00
5.364400000000000279e-01
0.000000000000000000e+00
5.701699999999999546e-01
0.000000000000000000e+00
6.983700000000000463e-01
0.000000000000000000e+00
6.128700000000000259e-01
0.000000000000000000e+00
0.000000000000000000e+00
0.000000000000000000e+00
5.237500000000000488e-01
0.000000000000000000e+00
0.000000000000000000e+00
0.000000000000000000e+00
8.259699999999999820e-01
0.000000000000000000e+00
0.000000000000000000e+00
0.000000000000000000e+00
6.116000000000000325e-01
0.000000000000000000e+00
1.158630000000000049e+00
0.000000000000000000e+00
0.000000000000000000e+00
0.000000000000000000e+00
5.773000000000000353e-01
0.000000000000000000e+00
0.000000000000000000e+00
0.000000000000000000e+00
0.000000000000000000e+00
0.000000000000000000e+00
0.000000000000000000e+00
7.675400000000000000e-01
0.000000000000000000e+00
6.308000000000000274e-01
0.000000000000000000e+00
5.727400000000000269e-01
0.000000000000000000e+00
4.924899999999999833e-01
0.000000000000000000e+00
0.000000000000000000e+00
0.000000000000000000e+00
0.000000000000000000e+00
6.376300000000000301e-01
0.000000000000000000e+00
0.000000000000000000e+00
4.299799999999999733e-01
0.000000000000000000e+00
7.703400000000000247e-01
0.000000000000000000e+00
6.279700000000000282e-01
0.000000000000000000e+00
0.000000000000000000e+00
0.000000000000000000e+00
5.889400000000000190e-01
0.000000000000000000e+00
0.000000000000000000e+00
5.173799999999999510e-01
0.000000000000000000e+00
0.000000000000000000e+00
9.417900000000000160e-01
0.000000000000000000e+00
0.000000000000000000e+00
5.695000000000000062e-01
0.000000000000000000e+00
6.270999999999999908e-01
0.000000000000000000e+00
0.000000000000000000e+00
7.474100000000000188e-01
0.000000000000000000e+00
0.000000000000000000e+00
0.000000000000000000e+00
7.169999999999999707e-01
0.000000000000000000e+00
8.018800000000000372e-01
0.000000000000000000e+00
0.000000000000000000e+00
6.804299999999999793e-01
0.000000000000000000e+00
0.000000000000000000e+00
8.092399999999999594e-01
0.000000000000000000e+00
0.000000000000000000e+00
6.345600000000000129e-01
0.000000000000000000e+00
6.277300000000000102e-01
0.000000000000000000e+00
0.000000000000000000e+00
0.000000000000000000e+00
0.000000000000000000e+00
7.252999999999999448e-01
0.000000000000000000e+00
0.000000000000000000e+00
0.000000000000000000e+00
0.000000000000000000e+00
0.000000000000000000e+00
1.121769999999999934e+00
0.000000000000000000e+00
0.000000000000000000e+00
0.000000000000000000e+00
7.360499999999999821e-01
0.000000000000000000e+00
0.000000000000000000e+00
0.000000000000000000e+00
0.000000000000000000e+00
0.000000000000000000e+00
6.786799999999999500e-01
0.000000000000000000e+00
0.000000000000000000e+00
6.274899999999999922e-01
0.000000000000000000e+00
1.026359999999999939e+00
0.000000000000000000e+00
0.000000000000000000e+00
0.000000000000000000e+00
0.000000000000000000e+00
6.145500000000000407e-01
0.000000000000000000e+00
0.000000000000000000e+00
6.353400000000000158e-01
0.000000000000000000e+00
6.324999999999999512e-01
0.000000000000000000e+00
6.303400000000000114e-01
0.000000000000000000e+00
0.000000000000000000e+00
5.764700000000000379e-01
0.000000000000000000e+00
0.000000000000000000e+00
6.374100000000000321e-01
0.000000000000000000e+00
0.000000000000000000e+00
0.000000000000000000e+00
6.724700000000000122e-01
0.000000000000000000e+00
5.820999999999999508e-01
0.000000000000000000e+00
0.000000000000000000e+00
5.914700000000000513e-01
0.000000000000000000e+00
0.000000000000000000e+00
0.000000000000000000e+00
8.338299999999999601e-01
0.000000000000000000e+00
0.000000000000000000e+00
0.000000000000000000e+00
0.000000000000000000e+00
1.049679999999999946e+00
0.000000000000000000e+00
7.291499999999999648e-01
0.000000000000000000e+00
0.000000000000000000e+00
0.000000000000000000e+00
5.120700000000000252e-01
0.000000000000000000e+00
0.000000000000000000e+00
7.133399999999999741e-01
0.000000000000000000e+00
0.000000000000000000e+00
0.000000000000000000e+00
5.458100000000000174e-01
0.000000000000000000e+00
0.000000000000000000e+00
0.000000000000000000e+00
6.264199999999999768e-01
0.000000000000000000e+00
7.214800000000000102e-01
0.000000000000000000e+00
0.000000000000000000e+00
5.453400000000000469e-01
0.000000000000000000e+00
0.000000000000000000e+00
0.000000000000000000e+00
5.464700000000000113e-01
0.000000000000000000e+00
0.000000000000000000e+00
0.000000000000000000e+00
0.000000000000000000e+00
5.521300000000000097e-01
0.000000000000000000e+00
5.546900000000000164e-01
0.000000000000000000e+00
6.572200000000000264e-01
0.000000000000000000e+00
6.257500000000000284e-01
0.000000000000000000e+00
0.000000000000000000e+00
5.097899999999999654e-01
0.000000000000000000e+00
0.000000000000000000e+00
0.000000000000000000e+00
6.333600000000000341e-01
0.000000000000000000e+00
0.000000000000000000e+00
4.801900000000000057e-01
0.000000000000000000e+00
0.000000000000000000e+00
0.000000000000000000e+00
0.000000000000000000e+00
0.000000000000000000e+00
0.000000000000000000e+00
0.000000000000000000e+00
0.000000000000000000e+00
0.000000000000000000e+00
0.000000000000000000e+00
0.000000000000000000e+00
0.000000000000000000e+00
0.000000000000000000e+00
0.000000000000000000e+00
0.000000000000000000e+00
0.000000000000000000e+00
0.000000000000000000e+00
0.000000000000000000e+00
0.000000000000000000e+00
0.000000000000000000e+00
0.000000000000000000e+00
7.195500000000000229e-01
0.000000000000000000e+00
0.000000000000000000e+00
0.000000000000000000e+00
0.000000000000000000e+00
6.793900000000000494e-01
0.000000000000000000e+00
5.697999999999999732e-01
0.000000000000000000e+00
0.000000000000000000e+00
0.000000000000000000e+00
0.000000000000000000e+00
6.163699999999999735e-01
0.000000000000000000e+00
5.678800000000000514e-01
0.000000000000000000e+00
0.000000000000000000e+00
0.000000000000000000e+00
6.570899999999999519e-01
0.000000000000000000e+00
0.000000000000000000e+00
0.000000000000000000e+00
5.384600000000000497e-01
0.000000000000000000e+00
0.000000000000000000e+00
0.000000000000000000e+00
0.000000000000000000e+00
0.000000000000000000e+00
4.835699999999999998e-01
0.000000000000000000e+00
0.000000000000000000e+00
5.465299999999999603e-01
0.000000000000000000e+00
0.000000000000000000e+00
0.000000000000000000e+00
0.000000000000000000e+00
8.148999999999999577e-01
0.000000000000000000e+00
0.000000000000000000e+00
0.000000000000000000e+00
7.214000000000000412e-01
0.000000000000000000e+00
0.000000000000000000e+00
6.215699999999999559e-01
0.000000000000000000e+00
6.001600000000000268e-01
0.000000000000000000e+00
0.000000000000000000e+00
0.000000000000000000e+00
0.000000000000000000e+00
5.006599999999999939e-01
0.000000000000000000e+00
0.000000000000000000e+00
0.000000000000000000e+00
0.000000000000000000e+00
0.000000000000000000e+00
0.000000000000000000e+00
5.909200000000000008e-01
0.000000000000000000e+00
0.000000000000000000e+00
0.000000000000000000e+00
7.251199999999999868e-01
0.000000000000000000e+00
0.000000000000000000e+00
7.232600000000000140e-01
0.000000000000000000e+00
0.000000000000000000e+00
5.053600000000000314e-01
0.000000000000000000e+00
0.000000000000000000e+00
0.000000000000000000e+00
0.000000000000000000e+00
0.000000000000000000e+00
7.883599999999999497e-01
0.000000000000000000e+00
0.000000000000000000e+00
6.548000000000000487e-01
0.000000000000000000e+00
0.000000000000000000e+00
5.213400000000000256e-01
0.000000000000000000e+00
0.000000000000000000e+00
0.000000000000000000e+00
6.880699999999999594e-01
0.000000000000000000e+00
6.704900000000000304e-01
0.000000000000000000e+00
7.632900000000000240e-01
0.000000000000000000e+00
5.516799999999999482e-01
0.000000000000000000e+00
0.000000000000000000e+00
0.000000000000000000e+00
0.000000000000000000e+00
7.571999999999999842e-01
0.000000000000000000e+00
5.530599999999999961e-01
0.000000000000000000e+00
0.000000000000000000e+00
0.000000000000000000e+00
5.641599999999999948e-01
0.000000000000000000e+00
0.000000000000000000e+00
1.287949999999999928e+00
0.000000000000000000e+00
0.000000000000000000e+00
4.177600000000000202e-01
0.000000000000000000e+00
0.000000000000000000e+00
0.000000000000000000e+00
8.924100000000000366e-01
0.000000000000000000e+00
0.000000000000000000e+00
0.000000000000000000e+00
0.000000000000000000e+00
0.000000000000000000e+00
9.981600000000000472e-01
0.000000000000000000e+00
0.000000000000000000e+00
0.000000000000000000e+00
8.681499999999999773e-01
0.000000000000000000e+00
5.503099999999999659e-01
0.000000000000000000e+00
0.000000000000000000e+00
6.964500000000000135e-01
0.000000000000000000e+00
0.000000000000000000e+00
0.000000000000000000e+00
0.000000000000000000e+00
0.000000000000000000e+00
5.040499999999999980e-01
0.000000000000000000e+00
0.000000000000000000e+00
5.443500000000000005e-01
0.000000000000000000e+00
0.000000000000000000e+00
0.000000000000000000e+00
8.472699999999999676e-01
0.000000000000000000e+00
0.000000000000000000e+00
0.000000000000000000e+00
0.000000000000000000e+00
5.347699999999999676e-01
0.000000000000000000e+00
5.873099999999999987e-01
0.000000000000000000e+00
0.000000000000000000e+00
5.611500000000000377e-01
0.000000000000000000e+00
0.000000000000000000e+00
0.000000000000000000e+00
0.000000000000000000e+00
7.060100000000000264e-01
0.000000000000000000e+00
0.000000000000000000e+00
0.000000000000000000e+00
0.000000000000000000e+00
0.000000000000000000e+00
0.000000000000000000e+00
0.000000000000000000e+00
9.077699999999999658e-01
0.000000000000000000e+00
5.273499999999999854e-01
0.000000000000000000e+00
7.377799999999999914e-01
0.000000000000000000e+00
6.607899999999999885e-01
0.000000000000000000e+00
6.584299999999999597e-01
0.000000000000000000e+00
0.000000000000000000e+00
5.746400000000000396e-01
0.000000000000000000e+00
0.000000000000000000e+00
0.000000000000000000e+00
0.000000000000000000e+00
0.000000000000000000e+00
6.353799999999999448e-01
0.000000000000000000e+00
7.403899999999999926e-01
0.000000000000000000e+00
5.428800000000000292e-01
0.000000000000000000e+00
0.000000000000000000e+00
0.000000000000000000e+00
9.659400000000000208e-01
0.000000000000000000e+00
7.176799999999999846e-01
0.000000000000000000e+00
0.000000000000000000e+00
0.000000000000000000e+00
8.691200000000000037e-01
0.000000000000000000e+00
6.012899999999999912e-01
0.000000000000000000e+00
0.000000000000000000e+00
0.000000000000000000e+00
0.000000000000000000e+00
5.955099999999999838e-01
0.000000000000000000e+00
0.000000000000000000e+00
0.000000000000000000e+00
0.000000000000000000e+00
0.000000000000000000e+00
0.000000000000000000e+00
6.668300000000000338e-01
0.000000000000000000e+00
0.000000000000000000e+00
0.000000000000000000e+00
5.625599999999999490e-01
0.000000000000000000e+00
0.000000000000000000e+00
5.910300000000000553e-01
0.000000000000000000e+00
0.000000000000000000e+00
0.000000000000000000e+00
4.899700000000000166e-01
0.000000000000000000e+00
0.000000000000000000e+00
7.683400000000000230e-01
0.000000000000000000e+00
0.000000000000000000e+00
0.000000000000000000e+00
0.000000000000000000e+00
0.000000000000000000e+00
6.394499999999999629e-01
0.000000000000000000e+00
5.700600000000000112e-01
0.000000000000000000e+00
0.000000000000000000e+00
7.458799999999999875e-01
0.000000000000000000e+00
0.000000000000000000e+00
0.000000000000000000e+00
0.000000000000000000e+00
9.347400000000000153e-01
0.000000000000000000e+00
0.000000000000000000e+00
0.000000000000000000e+00
0.000000000000000000e+00
1.001009999999999955e+00
0.000000000000000000e+00
0.000000000000000000e+00
8.271100000000000119e-01
0.000000000000000000e+00
9.384000000000000119e-01
0.000000000000000000e+00
8.040699999999999514e-01
0.000000000000000000e+00
8.294399999999999551e-01
0.000000000000000000e+00
5.714599999999999680e-01
0.000000000000000000e+00
0.000000000000000000e+00
8.412100000000000133e-01
0.000000000000000000e+00
0.000000000000000000e+00
5.419199999999999573e-01
0.000000000000000000e+00
0.000000000000000000e+00
6.195100000000000051e-01
0.000000000000000000e+00
0.000000000000000000e+00
6.602799999999999780e-01
0.000000000000000000e+00
0.000000000000000000e+00
0.000000000000000000e+00
5.537800000000000500e-01
0.000000000000000000e+00
8.373599999999999932e-01
0.000000000000000000e+00
0.000000000000000000e+00
6.925700000000000189e-01
0.000000000000000000e+00
0.000000000000000000e+00
6.438700000000000534e-01
0.000000000000000000e+00
0.000000000000000000e+00
0.000000000000000000e+00
0.000000000000000000e+00
7.886600000000000277e-01
0.000000000000000000e+00
0.000000000000000000e+00
0.000000000000000000e+00
0.000000000000000000e+00
0.000000000000000000e+00
0.000000000000000000e+00
0.000000000000000000e+00
0.000000000000000000e+00
0.000000000000000000e+00
0.000000000000000000e+00
0.000000000000000000e+00
0.000000000000000000e+00
0.000000000000000000e+00
0.000000000000000000e+00
0.000000000000000000e+00
0.000000000000000000e+00
0.000000000000000000e+00
0.000000000000000000e+00
0.000000000000000000e+00
0.000000000000000000e+00
0.000000000000000000e+00
0.000000000000000000e+00
0.000000000000000000e+00
6.217000000000000304e-01
0.000000000000000000e+00
0.000000000000000000e+00
5.575400000000000356e-01
0.000000000000000000e+00
0.000000000000000000e+00
5.323600000000000554e-01
0.000000000000000000e+00
0.000000000000000000e+00
0.000000000000000000e+00
5.558699999999999752e-01
0.000000000000000000e+00
0.000000000000000000e+00
0.000000000000000000e+00
0.000000000000000000e+00
5.293799999999999617e-01
0.000000000000000000e+00
0.000000000000000000e+00
5.660100000000000131e-01
0.000000000000000000e+00
0.000000000000000000e+00
0.000000000000000000e+00
7.631799999999999695e-01
0.000000000000000000e+00
0.000000000000000000e+00
0.000000000000000000e+00
5.614000000000000101e-01
0.000000000000000000e+00
0.000000000000000000e+00
6.510299999999999976e-01
0.000000000000000000e+00
5.675700000000000189e-01
0.000000000000000000e+00
6.085399999999999698e-01
0.000000000000000000e+00
0.000000000000000000e+00
0.000000000000000000e+00
6.260900000000000354e-01
0.000000000000000000e+00
6.634700000000000042e-01
0.000000000000000000e+00
0.000000000000000000e+00
0.000000000000000000e+00
0.000000000000000000e+00
5.291799999999999837e-01
0.000000000000000000e+00
0.000000000000000000e+00
0.000000000000000000e+00
0.000000000000000000e+00
6.872099999999999875e-01
0.000000000000000000e+00
0.000000000000000000e+00
6.784000000000000030e-01
0.000000000000000000e+00
7.795299999999999452e-01
0.000000000000000000e+00
5.370700000000000474e-01
0.000000000000000000e+00
0.000000000000000000e+00
0.000000000000000000e+00
0.000000000000000000e+00
9.177600000000000202e-01
0.000000000000000000e+00
0.000000000000000000e+00
6.611599999999999699e-01
0.000000000000000000e+00
0.000000000000000000e+00
6.583900000000000308e-01
0.000000000000000000e+00
0.000000000000000000e+00
4.618099999999999983e-01
0.000000000000000000e+00
0.000000000000000000e+00
6.445800000000000418e-01
0.000000000000000000e+00
0.000000000000000000e+00
6.185899999999999732e-01
0.000000000000000000e+00
0.000000000000000000e+00
0.000000000000000000e+00
0.000000000000000000e+00
0.000000000000000000e+00
0.000000000000000000e+00
8.533600000000000074e-01
0.000000000000000000e+00
0.000000000000000000e+00
0.000000000000000000e+00
0.000000000000000000e+00
5.402900000000000480e-01
0.000000000000000000e+00
0.000000000000000000e+00
0.000000000000000000e+00
8.892700000000000049e-01
0.000000000000000000e+00
0.000000000000000000e+00
6.041400000000000103e-01
0.000000000000000000e+00
6.155599999999999961e-01
0.000000000000000000e+00
0.000000000000000000e+00
1.204800000000000093e+00
0.000000000000000000e+00
0.000000000000000000e+00
4.991900000000000226e-01
0.000000000000000000e+00
0.000000000000000000e+00
0.000000000000000000e+00
0.000000000000000000e+00
0.000000000000000000e+00
5.663500000000000201e-01
0.000000000000000000e+00
6.154199999999999671e-01
0.000000000000000000e+00
1.933429999999999982e+00
0.000000000000000000e+00
1.268049999999999899e+00
0.000000000000000000e+00
0.000000000000000000e+00
6.208799999999999875e-01
0.000000000000000000e+00
0.000000000000000000e+00
6.645499999999999741e-01
0.000000000000000000e+00
0.000000000000000000e+00
5.702300000000000146e-01
0.000000000000000000e+00
0.000000000000000000e+00
0.000000000000000000e+00
0.000000000000000000e+00
6.144100000000000117e-01
0.000000000000000000e+00
0.000000000000000000e+00
0.000000000000000000e+00
7.153500000000000414e-01
0.000000000000000000e+00
1.546850000000000058e+00
0.000000000000000000e+00
0.000000000000000000e+00
0.000000000000000000e+00
5.379599999999999937e-01
0.000000000000000000e+00
7.989899999999999780e-01
0.000000000000000000e+00
0.000000000000000000e+00
0.000000000000000000e+00
5.560199999999999587e-01
0.000000000000000000e+00
5.067000000000000393e-01
0.000000000000000000e+00
0.000000000000000000e+00
0.000000000000000000e+00
0.000000000000000000e+00
0.000000000000000000e+00
5.027399999999999647e-01
0.000000000000000000e+00
6.967299999999999605e-01
0.000000000000000000e+00
0.000000000000000000e+00
0.000000000000000000e+00
8.299299999999999455e-01
0.000000000000000000e+00
6.714700000000000113e-01
0.000000000000000000e+00
0.000000000000000000e+00
0.000000000000000000e+00
0.000000000000000000e+00
0.000000000000000000e+00
0.000000000000000000e+00
7.603699999999999903e-01
0.000000000000000000e+00
0.000000000000000000e+00
0.000000000000000000e+00
6.648300000000000320e-01
0.000000000000000000e+00
0.000000000000000000e+00
0.000000000000000000e+00
6.280299999999999772e-01
0.000000000000000000e+00
0.000000000000000000e+00
5.977500000000000036e-01
0.000000000000000000e+00
0.000000000000000000e+00
6.185100000000000042e-01
0.000000000000000000e+00
5.566999999999999726e-01
0.000000000000000000e+00
0.000000000000000000e+00
8.510299999999999532e-01
0.000000000000000000e+00
0.000000000000000000e+00
0.000000000000000000e+00
0.000000000000000000e+00
6.573400000000000354e-01
0.000000000000000000e+00
7.068499999999999783e-01
0.000000000000000000e+00
0.000000000000000000e+00
0.000000000000000000e+00
0.000000000000000000e+00
6.542700000000000182e-01
0.000000000000000000e+00
0.000000000000000000e+00
0.000000000000000000e+00
6.333999999999999631e-01
0.000000000000000000e+00
5.372799999999999798e-01
0.000000000000000000e+00
0.000000000000000000e+00
0.000000000000000000e+00
0.000000000000000000e+00
8.912600000000000522e-01
0.000000000000000000e+00
0.000000000000000000e+00
0.000000000000000000e+00
0.000000000000000000e+00
0.000000000000000000e+00
7.668700000000000516e-01
0.000000000000000000e+00
0.000000000000000000e+00
0.000000000000000000e+00
0.000000000000000000e+00
9.017199999999999660e-01
0.000000000000000000e+00
0.000000000000000000e+00
6.421599999999999531e-01
0.000000000000000000e+00
7.051699999999999635e-01
0.000000000000000000e+00
0.000000000000000000e+00
6.498099999999999987e-01
0.000000000000000000e+00
0.000000000000000000e+00
1.105850000000000000e+00
0.000000000000000000e+00
0.000000000000000000e+00
0.000000000000000000e+00
0.000000000000000000e+00
6.516699999999999715e-01
0.000000000000000000e+00
6.721599999999999797e-01
0.000000000000000000e+00
0.000000000000000000e+00
8.684899999999999842e-01
0.000000000000000000e+00
0.000000000000000000e+00
7.276700000000000390e-01
0.000000000000000000e+00
0.000000000000000000e+00
0.000000000000000000e+00
8.304500000000000215e-01
0.000000000000000000e+00
6.754000000000000004e-01
0.000000000000000000e+00
0.000000000000000000e+00
1.015200000000000102e+00
0.000000000000000000e+00
7.917600000000000193e-01
0.000000000000000000e+00
7.363600000000000145e-01
0.000000000000000000e+00
5.368600000000000039e-01
0.000000000000000000e+00
0.000000000000000000e+00
0.000000000000000000e+00
0.000000000000000000e+00
5.031099999999999461e-01
0.000000000000000000e+00
0.000000000000000000e+00
7.853799999999999670e-01
0.000000000000000000e+00
0.000000000000000000e+00
0.000000000000000000e+00
0.000000000000000000e+00
0.000000000000000000e+00
0.000000000000000000e+00
0.000000000000000000e+00
0.000000000000000000e+00
0.000000000000000000e+00
0.000000000000000000e+00
0.000000000000000000e+00
0.000000000000000000e+00
0.000000000000000000e+00
