0.000000000000000000e+00
0.000000000000000000e+00
0.000000000000000000e+00
0.000000000000000000e+00
0.000000000000000000e+00
0.000000000000000000e+00
0.000000000000000000e+00
0.000000000000000000e+00
0.000000000000000000e+00
0.000000000000000000e+00
1.917480000000000073e+00
0.000000000000000000e+00
1.027209999999999956e+00
0.000000000000000000e+00
0.000000000000000000e+00
0.000000000000000000e+00
1.143850000000000033e+00
0.000000000000000000e+00
0.000000000000000000e+00
1.073809999999999931e+00
0.000000000000000000e+00
0.000000000000000000e+00
0.000000000000000000e+00
1.604020000000000001e+00
0.000000000000000000e+00
0.000000000000000000e+00
0.000000000000000000e+00
0.000000000000000000e+00
0.000000000000000000e+00
1.193079999999999918e+00
0.000000000000000000e+00
1.208450000000000024e+00
0.000000000000000000e+00
0.000000000000000000e+00
0.000000000000000000e+00
1.214229999999999920e+00
0.000000000000000000e+00
0.000000000000000000e+00
0.000000000000000000e+00
0.000000000000000000e+00
0.000000000000000000e+00
0.000000000000000000e+00
1.494240000000000013e+00
0.000000000000000000e+00
1.235260000000000025e+00
0.000000000000000000e+00
8.942600000000000549e-01
0.000000000000000000e+00
0.000000000000000000e+00
0.000000000000000000e+00
0.000000000000000000e+00
0.000000000000000000e+00
0.000000000000000000e+00
1.750839999999999952e+00
0.000000000000000000e+00
0.000000000000000000e+00
0.000000000000000000e+00
1.462509999999999977e+00
0.000000000000000000e+00
0.000000000000000000e+00
1.368789999999999951e+00
0.000000000000000000e+00
1.328300000000000036e+00
0.000000000000000000e+00
0.000000000000000000e+00
1.313970000000000082e+00
0.000000000000000000e+00
1.510450000000000070e+00
0.000000000000000000e+00
0.000000000000000000e+00
1.538739999999999997e+00
0.000000000000000000e+00
0.000000000000000000e+00
1.770710000000000006e+00
0.000000000000000000e+00
1.255640000000000089e+00
0.000000000000000000e+00
0.000000000000000000e+00
1.132030000000000092e+00
0.000000000000000000e+00
0.000000000000000000e+00
0.000000000000000000e+00
0.000000000000000000e+00
0.000000000000000000e+00
1.249740000000000073e+00
0.000000000000000000e+00
0.000000000000000000e+00
0.000000000000000000e+00
9.090300000000000047e-01
0.000000000000000000e+00
0.000000000000000000e+00
0.000000000000000000e+00
1.052769999999999984e+00
0.000000000000000000e+00
0.000000000000000000e+00
1.262580000000000036e+00
0.000000000000000000e+00
0.000000000000000000e+00
0.000000000000000000e+00
1.325190000000000090e+00
0.000000000000000000e+00
0.000000000000000000e+00
0.000000000000000000e+00
0.000000000000000000e+00
0.000000000000000000e+00
1.325229999999999908e+00
0.000000000000000000e+00
1.632100000000000106e+00
0.000000000000000000e+00
0.000000000000000000e+00
0.000000000000000000e+00
0.000000000000000000e+00
1.076500000000000012e+00
0.000000000000000000e+00
0.000000000000000000e+00
0.000000000000000000e+00
0.000000000000000000e+00
7.469099999999999628e-01
0.000000000000000000e+00
1.277320000000000011e+00
0.000000000000000000e+00
0.000000000000000000e+00
0.000000000000000000e+00
0.000000000000000000e+00
0.000000000000000000e+00
8.072000000000000286e-01
0.000000000000000000e+00
0.000000000000000000e+00
0.000000000000000000e+00
8.703400000000000025e-01
0.000000000000000000e+00
0.000000000000000000e+00
0.000000000000000000e+00
0.000000000000000000e+00
0.000000000000000000e+00
1.129250000000000087e+00
0.000000000000000000e+00
0.000000000000000000e+00
7.940899999999999626e-01
0.000000000000000000e+00
0.000000000000000000e+00
0.000000000000000000e+00
0.000000000000000000e+00
0.000000000000000000e+00
0.000000000000000000e+00
1.281809999999999894e+00
0.000000000000000000e+00
1.271009999999999973e+00
0.000000000000000000e+00
1.416549999999999976e+00
0.000000000000000000e+00
0.000000000000000000e+00
0.000000000000000000e+00
0.000000000000000000e+00
0.000000000000000000e+00
1.199140000000000095e+00
0.000000000000000000e+00
1.303989999999999982e+00
0.000000000000000000e+00
0.000000000000000000e+00
1.224429999999999907e+00
0.000000000000000000e+00
1.200890000000000013e+00
0.000000000000000000e+00
0.000000000000000000e+00
0.000000000000000000e+00
0.000000000000000000e+00
0.000000000000000000e+00
0.000000000000000000e+00
7.160900000000000043e-01
0.000000000000000000e+00
0.000000000000000000e+00
0.000000000000000000e+00
9.665099999999999802e-01
0.000000000000000000e+00
1.075039999999999996e+00
0.000000000000000000e+00
0.000000000000000000e+00
0.000000000000000000e+00
0.000000000000000000e+00
7.342300000000000493e-01
0.000000000000000000e+00
0.000000000000000000e+00
1.164420000000000011e+00
0.000000000000000000e+00
0.000000000000000000e+00
0.000000000000000000e+00
0.000000000000000000e+00
8.706899999999999640e-01
0.000000000000000000e+00
1.427789999999999893e+00
0.000000000000000000e+00
0.000000000000000000e+00
0.000000000000000000e+00
0.000000000000000000e+00
1.093860000000000054e+00
0.000000000000000000e+00
0.000000000000000000e+00
1.311819999999999986e+00
0.000000000000000000e+00
0.000000000000000000e+00
1.259570000000000078e+00
0.000000000000000000e+00
1.375089999999999923e+00
0.000000000000000000e+00
8.379400000000000182e-01
0.000000000000000000e+00
0.000000000000000000e+00
9.040200000000000458e-01
0.000000000000000000e+00
0.000000000000000000e+00
0.000000000000000000e+00
0.000000000000000000e+00
1.182760000000000034e+00
0.000000000000000000e+00
0.000000000000000000e+00
0.000000000000000000e+00
6.813700000000000312e-01
0.000000000000000000e+00
1.105860000000000065e+00
0.000000000000000000e+00
0.000000000000000000e+00
0.000000000000000000e+00
8.618999999999999995e-01
0.000000000000000000e+00
1.348959999999999937e+00
0.000000000000000000e+00
0.000000000000000000e+00
1.165739999999999998e+00
0.000000000000000000e+00
1.366069999999999895e+00
0.000000000000000000e+00
1.330279999999999907e+00
0.000000000000000000e+00
8.937300000000000244e-01
0.000000000000000000e+00
0.000000000000000000e+00
0.000000000000000000e+00
7.986600000000000366e-01
0.000000000000000000e+00
0.000000000000000000e+00
1.069220000000000059e+00
0.000000000000000000e+00
0.000000000000000000e+00
0.000000000000000000e+00
0.000000000000000000e+00
1.166609999999999925e+00
0.000000000000000000e+00
0.000000000000000000e+00
0.000000000000000000e+00
6.049900000000000277e-01
0.000000000000000000e+00
1.155259999999999954e+00
0.000000000000000000e+00
9.184999999999999831e-01
0.000000000000000000e+00
1.130800000000000027e+00
0.000000000000000000e+00
9.520699999999999719e-01
0.000000000000000000e+00
1.216460000000000097e+00
0.000000000000000000e+00
1.011130000000000084e+00
0.000000000000000000e+00
0.000000000000000000e+00
0.000000000000000000e+00
1.193680000000000074e+00
0.000000000000000000e+00
0.000000000000000000e+00
0.000000000000000000e+00
7.137099999999999556e-01
0.000000000000000000e+00
0.000000000000000000e+00
7.885999999999999677e-01
0.000000000000000000e+00
8.899399999999999533e-01
0.000000000000000000e+00
0.000000000000000000e+00
0.000000000000000000e+00
8.698599999999999666e-01
0.000000000000000000e+00
0.000000000000000000e+00
0.000000000000000000e+00
0.000000000000000000e+00
1.001449999999999951e+00
0.000000000000000000e+00
0.000000000000000000e+00
0.000000000000000000e+00
0.000000000000000000e+00
0.000000000000000000e+00
0.000000000000000000e+00
0.000000000000000000e+00
0.000000000000000000e+00
0.000000000000000000e+00
0.000000000000000000e+00
0.000000000000000000e+00
0.000000000000000000e+00
0.000000000000000000e+00
0.000000000000000000e+00
0.000000000000000000e+00
0.000000000000000000e+00
0.000000000000000000e+00
0.000000000000000000e+00
0.000000000000000000e+00
0.000000000000000000e+00
0.000000000000000000e+00
0.000000000000000000e+00
1.044000000000000039e+00
0.000000000000000000e+00
8.938099999999999934e-01
0.000000000000000000e+00
0.000000000000000000e+00
0.000000000000000000e+00
9.998399999999999510e-01
0.000000000000000000e+00
0.000000000000000000e+00
7.635600000000000165e-01
0.000000000000000000e+00
1.271740000000000093e+00
0.000000000000000000e+00
9.542300000000000226e-01
0.000000000000000000e+00
0.000000000000000000e+00
0.000000000000000000e+00
9.157600000000000184e-01
0.000000000000000000e+00
0.000000000000000000e+00
0.000000000000000000e+00
0.000000000000000000e+00
1.260999999999999899e+00
0.000000000000000000e+00
0.000000000000000000e+00
0.000000000000000000e+00
0.000000000000000000e+00
1.139329999999999954e+00
0.000000000000000000e+00
0.000000000000000000e+00
1.086100000000000065e+00
0.000000000000000000e+00
1.157299999999999995e+00
0.000000000000000000e+00
0.000000000000000000e+00
0.000000000000000000e+00
0.000000000000000000e+00
1.365569999999999951e+00
0.000000000000000000e+00
0.000000000000000000e+00
9.376100000000000545e-01
0.000000000000000000e+00
0.000000000000000000e+00
0.000000000000000000e+00
8.848700000000000454e-01
0.000000000000000000e+00
1.351150000000000073e+00
0.000000000000000000e+00
0.000000000000000000e+00
1.119529999999999914e+00
0.000000000000000000e+00
0.000000000000000000e+00
1.485049999999999981e+00
0.000000000000000000e+00
1.202460000000000084e+00
0.000000000000000000e+00
1.042969999999999953e+00
0.000000000000000000e+00
0.000000000000000000e+00
0.000000000000000000e+00
0.000000000000000000e+00
8.722299999999999498e-01
0.000000000000000000e+00
0.000000000000000000e+00
6.428399999999999670e-01
0.000000000000000000e+00
0.000000000000000000e+00
0.000000000000000000e+00
0.000000000000000000e+00
1.034070000000000045e+00
0.000000000000000000e+00
0.000000000000000000e+00
0.000000000000000000e+00
0.000000000000000000e+00
0.000000000000000000e+00
7.170400000000000107e-01
0.000000000000000000e+00
1.354409999999999892e+00
0.000000000000000000e+00
0.000000000000000000e+00
8.122200000000000530e-01
0.000000000000000000e+00
0.000000000000000000e+00
0.000000000000000000e+00
0.000000000000000000e+00
0.000000000000000000e+00
0.000000000000000000e+00
0.000000000000000000e+00
6.710599999999999898e-01
0.000000000000000000e+00
1.178490000000000038e+00
0.000000000000000000e+00
0.000000000000000000e+00
7.891099999999999781e-01
0.000000000000000000e+00
0.000000000000000000e+00
8.630400000000000293e-01
0.000000000000000000e+00
8.778299999999999992e-01
0.000000000000000000e+00
7.985900000000000221e-01
0.000000000000000000e+00
8.882700000000000040e-01
0.000000000000000000e+00
0.000000000000000000e+00
1.150230000000000086e+00
0.000000000000000000e+00
0.000000000000000000e+00
8.131000000000000449e-01
0.000000000000000000e+00
1.024420000000000108e+00
0.000000000000000000e+00
9.215299999999999603e-01
0.000000000000000000e+00
0.000000000000000000e+00
9.828599999999999559e-01
0.000000000000000000e+00
0.000000000000000000e+00
0.000000000000000000e+00
0.000000000000000000e+00
0.000000000000000000e+00
0.000000000000000000e+00
6.833599999999999675e-01
0.000000000000000000e+00
0.000000000000000000e+00
0.000000000000000000e+00
0.000000000000000000e+00
6.392799999999999594e-01
0.000000000000000000e+00
7.076000000000000068e-01
0.000000000000000000e+00
0.000000000000000000e+00
9.394799999999999818e-01
0.000000000000000000e+00
0.000000000000000000e+00
6.995000000000000107e-01
0.000000000000000000e+00
0.000000000000000000e+00
8.056999999999999718e-01
0.000000000000000000e+00
9.869400000000000395e-01
0.000000000000000000e+00
0.000000000000000000e+00
0.000000000000000000e+00
8.342399999999999816e-01
0.000000000000000000e+00
0.000000000000000000e+00
0.000000000000000000e+00
9.166900000000000048e-01
0.000000000000000000e+00
0.000000000000000000e+00
7.658599999999999852e-01
0.000000000000000000e+00
0.000000000000000000e+00
0.000000000000000000e+00
7.933999999999999941e-01
0.000000000000000000e+00
9.395400000000000418e-01
0.000000000000000000e+00
0.000000000000000000e+00
0.000000000000000000e+00
0.000000000000000000e+00
0.000000000000000000e+00
0.000000000000000000e+00
9.584799999999999986e-01
0.000000000000000000e+00
5.711500000000000465e-01
0.000000000000000000e+00
0.000000000000000000e+00
9.372399999999999620e-01
0.000000000000000000e+00
0.000000000000000000e+00
0.000000000000000000e+00
0.000000000000000000e+00
8.254299999999999971e-01
0.000000000000000000e+00
0.000000000000000000e+00
7.993999999999999995e-01
0.000000000000000000e+00
0.000000000000000000e+00
6.460500000000000131e-01
0.000000000000000000e+00
8.852100000000000524e-01
0.000000000000000000e+00
0.000000000000000000e+00
9.653300000000000214e-01
0.000000000000000000e+00
0.000000000000000000e+00
0.000000000000000000e+00
9.181000000000000272e-01
0.000000000000000000e+00
0.000000000000000000e+00
1.232909999999999950e+00
0.000000000000000000e+00
0.000000000000000000e+00
0.000000000000000000e+00
0.000000000000000000e+00
7.655399999999999983e-01
0.000000000000000000e+00
0.000000000000000000e+00
6.944399999999999462e-01
0.000000000000000000e+00
0.000000000000000000e+00
0.000000000000000000e+00
0.000000000000000000e+00
7.021199999999999664e-01
0.000000000000000000e+00
9.787200000000000344e-01
0.000000000000000000e+00
0.000000000000000000e+00
7.987600000000000255e-01
0.000000000000000000e+00
0.000000000000000000e+00
7.437399999999999567e-01
0.000000000000000000e+00
8.596599999999999797e-01
0.000000000000000000e+00
0.000000000000000000e+00
0.000000000000000000e+00
0.000000000000000000e+00
7.161999999999999478e-01
0.000000000000000000e+00
0.000000000000000000e+00
1.062689999999999912e+00
0.000000000000000000e+00
0.000000000000000000e+00
0.000000000000000000e+00
0.000000000000000000e+00
8.821799999999999642e-01
0.000000000000000000e+00
8.035900000000000265e-01
0.000000000000000000e+00
1.073779999999999957e+00
0.000000000000000000e+00
0.000000000000000000e+00
0.000000000000000000e+00
7.790599999999999747e-01
0.000000000000000000e+00
9.712899999999999867e-01
0.000000000000000000e+00
0.000000000000000000e+00
0.000000000000000000e+00
0.000000000000000000e+00
1.298049999999999926e+00
0.000000000000000000e+00
0.000000000000000000e+00
0.000000000000000000e+00
8.384899999999999576e-01
0.000000000000000000e+00
0.000000000000000000e+00
6.782200000000000450e-01
0.000000000000000000e+00
0.000000000000000000e+00
0.000000000000000000e+00
8.258699999999999930e-01
0.000000000000000000e+00
0.000000000000000000e+00
7.738699999999999468e-01
0.000000000000000000e+00
0.000000000000000000e+00
7.364500000000000490e-01
0.000000000000000000e+00
8.709799999999999764e-01
0.000000000000000000e+00
0.000000000000000000e+00
0.000000000000000000e+00
0.000000000000000000e+00
0.000000000000000000e+00
0.000000000000000000e+00
0.000000000000000000e+00
0.000000000000000000e+00
0.000000000000000000e+00
0.000000000000000000e+00
0.000000000000000000e+00
0.000000000000000000e+00
0.000000000000000000e+00
0.000000000000000000e+00
0.000000000000000000e+00
0.000000000000000000e+00
0.000000000000000000e+00
0.000000000000000000e+00
0.000000000000000000e+00
0.000000000000000000e+00
0.000000000000000000e+00
0.000000000000000000e+00
7.751099999999999657e-01
0.000000000000000000e+00
0.000000000000000000e+00
1.116900000000000004e+00
0.000000000000000000e+00
0.000000000000000000e+00
8.283099999999999907e-01
0.000000000000000000e+00
0.000000000000000000e+00
7.845100000000000406e-01
0.000000000000000000e+00
0.000000000000000000e+00
7.179699999999999971e-01
0.000000000000000000e+00
9.110399999999999610e-01
0.000000000000000000e+00
0.000000000000000000e+00
0.000000000000000000e+00
0.000000000000000000e+00
7.615399999999999947e-01
0.000000000000000000e+00
7.426700000000000523e-01
0.000000000000000000e+00
0.000000000000000000e+00
0.000000000000000000e+00
6.991500000000000492e-01
0.000000000000000000e+00
0.000000000000000000e+00
6.962899999999999645e-01
0.000000000000000000e+00
8.331499999999999462e-01
0.000000000000000000e+00
0.000000000000000000e+00
0.000000000000000000e+00
7.837699999999999667e-01
0.000000000000000000e+00
0.000000000000000000e+00
0.000000000000000000e+00
1.068640000000000034e+00
0.000000000000000000e+00
0.000000000000000000e+00
0.000000000000000000e+00
0.000000000000000000e+00
8.290199999999999791e-01
0.000000000000000000e+00
6.680599999999999872e-01
0.000000000000000000e+00
0.000000000000000000e+00
0.000000000000000000e+00
0.000000000000000000e+00
0.000000000000000000e+00
7.669899999999999496e-01
0.000000000000000000e+00
0.000000000000000000e+00
7.665699999999999736e-01
0.000000000000000000e+00
0.000000000000000000e+00
0.000000000000000000e+00
7.259600000000000497e-01
0.000000000000000000e+00
0.000000000000000000e+00
0.000000000000000000e+00
0.000000000000000000e+00
0.000000000000000000e+00
7.334800000000000209e-01
0.000000000000000000e+00
8.172300000000000120e-01
0.000000000000000000e+00
0.000000000000000000e+00
0.000000000000000000e+00
0.000000000000000000e+00
6.357800000000000118e-01
0.000000000000000000e+00
6.977499999999999813e-01
0.000000000000000000e+00
0.000000000000000000e+00
0.000000000000000000e+00
7.066000000000000059e-01
0.000000000000000000e+00
7.506599999999999939e-01
0.000000000000000000e+00
7.920599999999999863e-01
0.000000000000000000e+00
0.000000000000000000e+00
0.000000000000000000e+00
8.549799999999999622e-01
0.000000000000000000e+00
0.000000000000000000e+00
0.000000000000000000e+00
9.704099999999999948e-01
0.000000000000000000e+00
0.000000000000000000e+00
7.350700000000000012e-01
0.000000000000000000e+00
8.654199999999999671e-01
0.000000000000000000e+00
0.000000000000000000e+00
0.000000000000000000e+00
0.000000000000000000e+00
0.000000000000000000e+00
7.113399999999999723e-01
0.000000000000000000e+00
7.402499999999999636e-01
0.000000000000000000e+00
0.000000000000000000e+00
7.182800000000000296e-01
0.000000000000000000e+00
0.000000000000000000e+00
8.362399999999999833e-01
0.000000000000000000e+00
0.000000000000000000e+00
9.491500000000000492e-01
0.000000000000000000e+00
0.000000000000000000e+00
0.000000000000000000e+00
7.367299999999999960e-01
0.000000000000000000e+00
7.721400000000000485e-01
0.000000000000000000e+00
0.000000000000000000e+00
0.000000000000000000e+00
6.709699999999999553e-01
0.000000000000000000e+00
0.000000000000000000e+00
0.000000000000000000e+00
7.682700000000000085e-01
0.000000000000000000e+00
0.000000000000000000e+00
0.000000000000000000e+00
7.171100000000000252e-01
0.000000000000000000e+00
8.382399999999999851e-01
0.000000000000000000e+00
0.000000000000000000e+00
0.000000000000000000e+00
6.524999999999999689e-01
0.000000000000000000e+00
0.000000000000000000e+00
7.937800000000000411e-01
0.000000000000000000e+00
0.000000000000000000e+00
7.957199999999999829e-01
0.000000000000000000e+00
0.000000000000000000e+00
0.000000000000000000e+00
8.493199999999999639e-01
0.000000000000000000e+00
0.000000000000000000e+00
0.000000000000000000e+00
0.000000000000000000e+00
8.477000000000000091e-01
0.000000000000000000e+00
0.000000000000000000e+00
7.183800000000000185e-01
0.000000000000000000e+00
7.674100000000000366e-01
0.000000000000000000e+00
0.000000000000000000e+00
0.000000000000000000e+00
0.000000000000000000e+00
0.000000000000000000e+00
0.000000000000000000e+00
9.011599999999999611e-01
0.000000000000000000e+00
1.152209999999999956e+00
0.000000000000000000e+00
0.000000000000000000e+00
0.000000000000000000e+00
8.259999999999999565e-01
0.000000000000000000e+00
0.000000000000000000e+00
0.000000000000000000e+00
7.503900000000000015e-01
0.000000000000000000e+00
0.000000000000000000e+00
6.943700000000000427e-01
0.000000000000000000e+00
0.000000000000000000e+00
0.000000000000000000e+00
0.000000000000000000e+00
0.000000000000000000e+00
0.000000000000000000e+00
7.031300000000000328e-01
0.000000000000000000e+00
0.000000000000000000e+00
6.778300000000000436e-01
0.000000000000000000e+00
7.420900000000000274e-01
0.000000000000000000e+00
7.971300000000000052e-01
0.000000000000000000e+00
0.000000000000000000e+00
0.000000000000000000e+00
0.000000000000000000e+00
1.114360000000000017e+00
0.000000000000000000e+00
0.000000000000000000e+00
6.663700000000000179e-01
0.000000000000000000e+00
0.000000000000000000e+00
7.316399999999999570e-01
0.000000000000000000e+00
0.000000000000000000e+00
0.000000000000000000e+00
0.000000000000000000e+00
0.000000000000000000e+00
8.013700000000000268e-01
0.000000000000000000e+00
0.000000000000000000e+00
7.815900000000000070e-01
0.000000000000000000e+00
0.000000000000000000e+00
0.000000000000000000e+00
7.557899999999999618e-01
0.000000000000000000e+00
0.000000000000000000e+00
0.000000000000000000e+00
0.000000000000000000e+00
6.774799999999999711e-01
0.000000000000000000e+00
0.000000000000000000e+00
6.719899999999999762e-01
0.000000000000000000e+00
0.000000000000000000e+00
0.000000000000000000e+00
0.000000000000000000e+00
6.446899999999999853e-01
0.000000000000000000e+00
0.000000000000000000e+00
0.000000000000000000e+00
1.390020000000000033e+00
0.000000000000000000e+00
0.000000000000000000e+00
0.000000000000000000e+00
9.561100000000000154e-01
0.000000000000000000e+00
7.593600000000000350e-01
0.000000000000000000e+00
0.000000000000000000e+00
8.234500000000000153e-01
0.000000000000000000e+00
7.698399999999999688e-01
0.000000000000000000e+00
0.000000000000000000e+00
9.313900000000000512e-01
0.000000000000000000e+00
1.404169999999999918e+00
0.000000000000000000e+00
0.000000000000000000e+00
0.000000000000000000e+00
0.000000000000000000e+00
6.744099999999999540e-01
0.000000000000000000e+00
0.000000000000000000e+00
0.000000000000000000e+00
7.745300000000000518e-01
0.000000000000000000e+00
0.000000000000000000e+00
0.000000000000000000e+00
0.000000000000000000e+00
7.067299999999999693e-01
0.000000000000000000e+00
0.000000000000000000e+00
0.000000000000000000e+00
0.000000000000000000e+00
7.243600000000000039e-01
0.000000000000000000e+00
0.000000000000000000e+00
0.000000000000000000e+00
0.000000000000000000e+00
6.117099999999999760e-01
0.000000000000000000e+00
7.256200000000000427e-01
0.000000000000000000e+00
0.000000000000000000e+00
0.000000000000000000e+00
0.000000000000000000e+00
7.107400000000000384e-01
0.000000000000000000e+00
0.000000000000000000e+00
0.000000000000000000e+00
9.559199999999999919e-01
0.000000000000000000e+00
0.000000000000000000e+00
0.000000000000000000e+00
0.000000000000000000e+00
0.000000000000000000e+00
0.000000000000000000e+00
0.000000000000000000e+00
0.000000000000000000e+00
0.000000000000000000e+00
0.000000000000000000e+00
0.000000000000000000e+00
0.000000000000000000e+00
0.000000000000000000e+00
0.000000000000000000e+00
0.000000000000000000e+00
0.000000000000000000e+00
0.000000000000000000e+00
0.000000000000000000e+00
0.000000000000000000e+00
0.000000000000000000e+00
0.000000000000000000e+00
0.000000000000000000e+00
7.335099999999999953e-01
0.000000000000000000e+00
0.000000000000000000e+00
0.000000000000000000e+00
0.000000000000000000e+00
6.338700000000000445e-01
0.000000000000000000e+00
6.600700000000000456e-01
0.000000000000000000e+00
0.000000000000000000e+00
0.000000000000000000e+00
0.000000000000000000e+00
0.000000000000000000e+00
0.000000000000000000e+00
5.512500000000000178e-01
0.000000000000000000e+00
0.000000000000000000e+00
7.144000000000000350e-01
0.000000000000000000e+00
0.000000000000000000e+00
0.000000000000000000e+00
6.499300000000000077e-01
0.000000000000000000e+00
0.000000000000000000e+00
0.000000000000000000e+00
0.000000000000000000e+00
7.065000000000000169e-01
0.000000000000000000e+00
0.000000000000000000e+00
9.543899999999999606e-01
0.000000000000000000e+00
0.000000000000000000e+00
0.000000000000000000e+00
7.538700000000000401e-01
0.000000000000000000e+00
0.000000000000000000e+00
0.000000000000000000e+00
0.000000000000000000e+00
7.901200000000000445e-01
0.000000000000000000e+00
0.000000000000000000e+00
0.000000000000000000e+00
7.315800000000000081e-01
0.000000000000000000e+00
7.290799999999999503e-01
0.000000000000000000e+00
0.000000000000000000e+00
0.000000000000000000e+00
7.385500000000000398e-01
0.000000000000000000e+00
9.686500000000000110e-01
0.000000000000000000e+00
0.000000000000000000e+00
0.000000000000000000e+00
6.821099999999999941e-01
0.000000000000000000e+00
9.069300000000000139e-01
0.000000000000000000e+00
0.000000000000000000e+00
0.000000000000000000e+00
9.252500000000000169e-01
0.000000000000000000e+00
0.000000000000000000e+00
0.000000000000000000e+00
0.000000000000000000e+00
8.254299999999999971e-01
0.000000000000000000e+00
0.000000000000000000e+00
0.000000000000000000e+00
0.000000000000000000e+00
8.807500000000000329e-01
0.000000000000000000e+00
0.000000000000000000e+00
0.000000000000000000e+00
8.167200000000000015e-01
0.000000000000000000e+00
0.000000000000000000e+00
0.000000000000000000e+00
0.000000000000000000e+00
0.000000000000000000e+00
1.298519999999999897e+00
0.000000000000000000e+00
8.446599999999999664e-01
0.000000000000000000e+00
0.000000000000000000e+00
8.189400000000000013e-01
0.000000000000000000e+00
0.000000000000000000e+00
0.000000000000000000e+00
7.907800000000000384e-01
0.000000000000000000e+00
1.242499999999999938e+00
0.000000000000000000e+00
7.586500000000000465e-01
0.000000000000000000e+00
7.612900000000000222e-01
0.000000000000000000e+00
0.000000000000000000e+00
0.000000000000000000e+00
0.000000000000000000e+00
0.000000000000000000e+00
0.000000000000000000e+00
7.026099999999999568e-01
0.000000000000000000e+00
0.000000000000000000e+00
7.259700000000000042e-01
0.000000000000000000e+00
0.000000000000000000e+00
0.000000000000000000e+00
0.000000000000000000e+00
0.000000000000000000e+00
6.821199999999999486e-01
0.000000000000000000e+00
0.000000000000000000e+00
9.215799999999999548e-01
0.000000000000000000e+00
0.000000000000000000e+00
7.603999999999999648e-01
0.000000000000000000e+00
0.000000000000000000e+00
0.000000000000000000e+00
1.119169999999999998e+00
0.000000000000000000e+00
0.000000000000000000e+00
0.000000000000000000e+00
0.000000000000000000e+00
0.000000000000000000e+00
7.999500000000000499e-01
0.000000000000000000e+00
8.243300000000000072e-01
0.000000000000000000e+00
0.000000000000000000e+00
8.982799999999999674e-01
0.000000000000000000e+00
0.000000000000000000e+00
6.872399999999999620e-01
0.000000000000000000e+00
0.000000000000000000e+00
0.000000000000000000e+00
7.358500000000000041e-01
0.000000000000000000e+00
0.000000000000000000e+00
7.658099999999999907e-01
0.000000000000000000e+00
0.000000000000000000e+00
9.470800000000000329e-01
0.000000000000000000e+00
0.000000000000000000e+00
0.000000000000000000e+00
0.000000000000000000e+00
0.000000000000000000e+00
8.856699999999999573e-01
0.000000000000000000e+00
0.000000000000000000e+00
0.000000000000000000e+00
0.000000000000000000e+00
8.366400000000000503e-01
0.000000000000000000e+00
7.298400000000000443e-01
0.000000000000000000e+00
0.000000000000000000e+00
0.000000000000000000e+00
0.000000000000000000e+00
6.621700000000000363e-01
0.000000000000000000e+00
8.153200000000000447e-01
0.000000000000000000e+00
0.000000000000000000e+00
8.333099999999999952e-01
0.000000000000000000e+00
0.000000000000000000e+00
0.000000000000000000e+00
7.009400000000000075e-01
0.000000000000000000e+00
7.157599999999999518e-01
0.000000000000000000e+00
1.329760000000000053e+00
0.000000000000000000e+00
0.000000000000000000e+00
0.000000000000000000e+00
0.000000000000000000e+00
0.000000000000000000e+00
7.012399999999999745e-01
0.000000000000000000e+00
7.924299999999999677e-01
0.000000000000000000e+00
0.000000000000000000e+00
7.761200000000000321e-01
0.000000000000000000e+00
0.000000000000000000e+00
1.068510000000000071e+00
0.000000000000000000e+00
0.000000000000000000e+00
0.000000000000000000e+00
0.000000000000000000e+00
7.754199999999999982e-01
0.000000000000000000e+00
0.000000000000000000e+00
0.000000000000000000e+00
0.000000000000000000e+00
7.059900000000000064e-01
0.000000000000000000e+00
0.000000000000000000e+00
0.000000000000000000e+00
0.000000000000000000e+00
0.000000000000000000e+00
0.000000000000000000e+00
0.000000000000000000e+00
7.189900000000000180e-01
0.000000000000000000e+00
0.000000000000000000e+00
0.000000000000000000e+00
0.000000000000000000e+00
1.030389999999999917e+00
0.000000000000000000e+00
7.060699999999999754e-01
0.000000000000000000e+00
8.115400000000000391e-01
0.000000000000000000e+00
0.000000000000000000e+00
0.000000000000000000e+00
7.724400000000000155e-01
0.000000000000000000e+00
0.000000000000000000e+00
7.838300000000000267e-01
0.000000000000000000e+00
7.866600000000000259e-01
0.000000000000000000e+00
0.000000000000000000e+00
0.000000000000000000e+00
1.046300000000000008e+00
0.000000000000000000e+00
7.080300000000000482e-01
0.000000000000000000e+00
0.000000000000000000e+00
7.141699999999999715e-01
0.000000000000000000e+00
8.445300000000000029e-01
0.000000000000000000e+00
0.000000000000000000e+00
0.000000000000000000e+00
7.352999999999999536e-01
0.000000000000000000e+00
0.000000000000000000e+00
0.000000000000000000e+00
9.047800000000000287e-01
0.000000000000000000e+00
0.000000000000000000e+00
0.000000000000000000e+00
6.134100000000000108e-01
0.000000000000000000e+00
6.592599999999999572e-01
0.000000000000000000e+00
0.000000000000000000e+00
0.000000000000000000e+00
8.432300000000000351e-01
0.000000000000000000e+00
0.000000000000000000e+00
1.356910000000000061e+00
0.000000000000000000e+00
1.070330000000000004e+00
0.000000000000000000e+00
0.000000000000000000e+00
0.000000000000000000e+00
0.000000000000000000e+00
0.000000000000000000e+00
8.783400000000000096e-01
0.000000000000000000e+00
9.461300000000000265e-01
0.000000000000000000e+00
0.000000000000000000e+00
7.092000000000000526e-01
0.000000000000000000e+00
0.000000000000000000e+00
0.000000000000000000e+00
8.540999999999999703e-01
0.000000000000000000e+00
0.000000000000000000e+00
0.000000000000000000e+00
7.237000000000000099e-01
0.000000000000000000e+00
0.000000000000000000e+00
0.000000000000000000e+00
0.000000000000000000e+00
6.147500000000000187e-01
0.000000000000000000e+00
6.702099999999999724e-01
0.000000000000000000e+00
0.000000000000000000e+00
0.000000000000000000e+00
0.000000000000000000e+00
0.000000000000000000e+00
0.000000000000000000e+00
0.000000000000000000e+00
0.000000000000000000e+00
0.000000000000000000e+00
0.000000000000000000e+00
0.000000000000000000e+00
0.000000000000000000e+00
0.000000000000000000e+00
0.000000000000000000e+00
0.000000000000000000e+00
0.000000000000000000e+00
0.000000000000000000e+00
0.000000000000000000e+00
0.000000000000000000e+00
0.000000000000000000e+00
0.000000000000000000e+00
0.000000000000000000e+00
9.489900000000000002e-01
0.000000000000000000e+00
0.000000000000000000e+00
7.938800000000000301e-01
0.000000000000000000e+00
0.000000000000000000e+00
8.531600000000000295e-01
0.000000000000000000e+00
0.000000000000000000e+00
6.635499999999999732e-01
0.000000000000000000e+00
0.000000000000000000e+00
0.000000000000000000e+00
6.440799999999999859e-01
0.000000000000000000e+00
0.000000000000000000e+00
0.000000000000000000e+00
0.000000000000000000e+00
5.695000000000000062e-01
0.000000000000000000e+00
0.000000000000000000e+00
6.905400000000000427e-01
0.000000000000000000e+00
0.000000000000000000e+00
7.351799999999999446e-01
0.000000000000000000e+00
0.000000000000000000e+00
0.000000000000000000e+00
6.333299999999999486e-01
0.000000000000000000e+00
0.000000000000000000e+00
0.000000000000000000e+00
0.000000000000000000e+00
7.800500000000000211e-01
0.000000000000000000e+00
0.000000000000000000e+00
0.000000000000000000e+00
0.000000000000000000e+00
0.000000000000000000e+00
6.419599999999999751e-01
0.000000000000000000e+00
0.000000000000000000e+00
0.000000000000000000e+00
0.000000000000000000e+00
0.000000000000000000e+00
6.595299999999999496e-01
0.000000000000000000e+00
0.000000000000000000e+00
0.000000000000000000e+00
0.000000000000000000e+00
9.437900000000000178e-01
0.000000000000000000e+00
1.016329999999999956e+00
0.000000000000000000e+00
0.000000000000000000e+00
7.580099999999999616e-01
0.000000000000000000e+00
0.000000000000000000e+00
8.439600000000000435e-01
0.000000000000000000e+00
0.000000000000000000e+00
0.000000000000000000e+00
7.595100000000000184e-01
0.000000000000000000e+00
9.168399999999999883e-01
0.000000000000000000e+00
0.000000000000000000e+00
0.000000000000000000e+00
0.000000000000000000e+00
7.418299999999999894e-01
0.000000000000000000e+00
0.000000000000000000e+00
0.000000000000000000e+00
1.282880000000000020e+00
0.000000000000000000e+00
0.000000000000000000e+00
0.000000000000000000e+00
7.057700000000000085e-01
0.000000000000000000e+00
6.592400000000000482e-01
0.000000000000000000e+00
0.000000000000000000e+00
0.000000000000000000e+00
1.018119999999999914e+00
0.000000000000000000e+00
1.283139999999999947e+00
0.000000000000000000e+00
0.000000000000000000e+00
9.688200000000000145e-01
0.000000000000000000e+00
0.000000000000000000e+00
1.096230000000000038e+00
0.000000000000000000e+00
0.000000000000000000e+00
0.000000000000000000e+00
0.000000000000000000e+00
0.000000000000000000e+00
7.531200000000000117e-01
0.000000000000000000e+00
0.000000000000000000e+00
8.061300000000000132e-01
0.000000000000000000e+00
0.000000000000000000e+00
1.452760000000000051e+00
0.000000000000000000e+00
0.000000000000000000e+00
0.000000000000000000e+00
8.452699999999999658e-01
0.000000000000000000e+00
0.000000000000000000e+00
0.000000000000000000e+00
0.000000000000000000e+00
0.000000000000000000e+00
9.941999999999999726e-01
0.000000000000000000e+00
0.000000000000000000e+00
8.706899999999999640e-01
0.000000000000000000e+00
1.015200000000000102e+00
0.000000000000000000e+00
7.773600000000000509e-01
0.000000000000000000e+00
0.000000000000000000e+00
7.203000000000000513e-01
0.000000000000000000e+00
0.000000000000000000e+00
0.000000000000000000e+00
9.107199999999999740e-01
0.000000000000000000e+00
6.945099999999999607e-01
0.000000000000000000e+00
8.249499999999999611e-01
0.000000000000000000e+00
0.000000000000000000e+00
0.000000000000000000e+00
0.000000000000000000e+00
0.000000000000000000e+00
0.000000000000000000e+00
8.235599999999999588e-01
0.000000000000000000e+00
0.000000000000000000e+00
7.453800000000000425e-01
0.000000000000000000e+00
0.000000000000000000e+00
0.000000000000000000e+00
8.105400000000000382e-01
0.000000000000000000e+00
1.209219999999999962e+00
0.000000000000000000e+00
7.612700000000000022e-01
0.000000000000000000e+00
0.000000000000000000e+00
9.885000000000000453e-01
0.000000000000000000e+00
0.000000000000000000e+00
8.332899999999999752e-01
0.000000000000000000e+00
0.000000000000000000e+00
0.000000000000000000e+00
0.000000000000000000e+00
8.186900000000000288e-01
0.000000000000000000e+00
0.000000000000000000e+00
9.253099999999999659e-01
0.000000000000000000e+00
0.000000000000000000e+00
7.705899999999999972e-01
0.000000000000000000e+00
0.000000000000000000e+00
0.000000000000000000e+00
0.000000000000000000e+00
6.780100000000000016e-01
0.000000000000000000e+00
0.000000000000000000e+00
6.536300000000000443e-01
0.000000000000000000e+00
6.279799999999999827e-01
0.000000000000000000e+00
6.457100000000000062e-01
0.000000000000000000e+00
7.668599999999999861e-01
0.000000000000000000e+00
0.000000000000000000e+00
0.000000000000000000e+00
0.000000000000000000e+00
1.061960000000000015e+00
0.000000000000000000e+00
0.000000000000000000e+00
0.000000000000000000e+00
7.408500000000000085e-01
0.000000000000000000e+00
0.000000000000000000e+00
6.687800000000000411e-01
0.000000000000000000e+00
0.000000000000000000e+00
0.000000000000000000e+00
0.000000000000000000e+00
8.342600000000000016e-01
0.000000000000000000e+00
7.587699999999999445e-01
0.000000000000000000e+00
0.000000000000000000e+00
7.994599999999999485e-01
0.000000000000000000e+00
0.000000000000000000e+00
0.000000000000000000e+00
7.538599999999999746e-01
0.000000000000000000e+00
8.683400000000000007e-01
0.000000000000000000e+00
0.000000000000000000e+00
7.310799999999999521e-01
0.000000000000000000e+00
1.205410000000000093e+00
0.000000000000000000e+00
0.000000000000000000e+00
0.000000000000000000e+00
6.557899999999999840e-01
0.000000000000000000e+00
1.172889999999999988e+00
0.000000000000000000e+00
0.000000000000000000e+00
7.508399999999999519e-01
0.000000000000000000e+00
0.000000000000000000e+00
7.051899999999999835e-01
0.000000000000000000e+00
0.000000000000000000e+00
0.000000000000000000e+00
7.844799999999999551e-01
0.000000000000000000e+00
0.000000000000000000e+00
0.000000000000000000e+00
0.000000000000000000e+00
8.908500000000000307e-01
0.000000000000000000e+00
0.000000000000000000e+00
1.010850000000000026e+00
0.000000000000000000e+00
8.462699999999999667e-01
0.000000000000000000e+00
0.000000000000000000e+00
7.936600000000000321e-01
0.000000000000000000e+00
0.000000000000000000e+00
8.387700000000000156e-01
0.000000000000000000e+00
0.000000000000000000e+00
7.416300000000000114e-01
0.000000000000000000e+00
7.501100000000000545e-01
0.000000000000000000e+00
0.000000000000000000e+00
0.000000000000000000e+00
0.000000000000000000e+00
0.000000000000000000e+00
6.652500000000000080e-01
0.000000000000000000e+00
0.000000000000000000e+00
0.000000000000000000e+00
6.776100000000000456e-01
0.000000000000000000e+00
0.000000000000000000e+00
0.000000000000000000e+00
8.770200000000000218e-01
0.000000000000000000e+00
0.000000000000000000e+00
0.000000000000000000e+00
0.000000000000000000e+00
6.908800000000000496e-01
0.000000000000000000e+00
0.000000000000000000e+00
0.000000000000000000e+00
1.247209999999999930e+00
0.000000000000000000e+00
0.000000000000000000e+00
0.000000000000000000e+00
0.000000000000000000e+00
0.000000000000000000e+00
0.000000000000000000e+00
0.000000000000000000e+00
0.000000000000000000e+00
0.000000000000000000e+00
0.000000000000000000e+00
0.000000000000000000e+00
0.000000000000000000e+00
0.000000000000000000e+00
0.000000000000000000e+00
0.000000000000000000e+00
0.000000000000000000e+00
0.000000000000000000e+00
0.000000000000000000e+00
0.000000000000000000e+00
0.000000000000000000e+00
0.000000000000000000e+00
1.121340000000000003e+00
0.000000000000000000e+00
0.000000000000000000e+00
0.000000000000000000e+00
6.314100000000000268e-01
0.000000000000000000e+00
7.634900000000000020e-01
0.000000000000000000e+00
7.181999999999999496e-01
0.000000000000000000e+00
0.000000000000000000e+00
0.000000000000000000e+00
6.941800000000000193e-01
0.000000000000000000e+00
0.000000000000000000e+00
7.571099999999999497e-01
0.000000000000000000e+00
8.303199999999999470e-01
0.000000000000000000e+00
0.000000000000000000e+00
0.000000000000000000e+00
0.000000000000000000e+00
0.000000000000000000e+00
7.330799999999999539e-01
0.000000000000000000e+00
0.000000000000000000e+00
9.142500000000000071e-01
0.000000000000000000e+00
0.000000000000000000e+00
6.526100000000000234e-01
0.000000000000000000e+00
0.000000000000000000e+00
0.000000000000000000e+00
7.187400000000000455e-01
0.000000000000000000e+00
0.000000000000000000e+00
1.102219999999999978e+00
0.000000000000000000e+00
6.706499999999999684e-01
0.000000000000000000e+00
0.000000000000000000e+00
0.000000000000000000e+00
0.000000000000000000e+00
0.000000000000000000e+00
0.000000000000000000e+00
0.000000000000000000e+00
7.717899999999999761e-01
0.000000000000000000e+00
7.201999999999999513e-01
0.000000000000000000e+00
0.000000000000000000e+00
0.000000000000000000e+00
6.745299999999999629e-01
0.000000000000000000e+00
0.000000000000000000e+00
0.000000000000000000e+00
0.000000000000000000e+00
8.470699999999999896e-01
0.000000000000000000e+00
0.000000000000000000e+00
6.778800000000000381e-01
0.000000000000000000e+00
7.151899999999999924e-01
0.000000000000000000e+00
0.000000000000000000e+00
0.000000000000000000e+00
6.840300000000000269e-01
0.000000000000000000e+00
0.000000000000000000e+00
6.302900000000000169e-01
0.000000000000000000e+00
0.000000000000000000e+00
0.000000000000000000e+00
7.920300000000000118e-01
0.000000000000000000e+00
7.494800000000000351e-01
0.000000000000000000e+00
0.000000000000000000e+00
0.000000000000000000e+00
1.322300000000000031e+00
0.000000000000000000e+00
0.000000000000000000e+00
1.034729999999999928e+00
0.000000000000000000e+00
0.000000000000000000e+00
0.000000000000000000e+00
0.000000000000000000e+00
9.654899999999999594e-01
0.000000000000000000e+00
0.000000000000000000e+00
8.024299999999999766e-01
0.000000000000000000e+00
0.000000000000000000e+00
0.000000000000000000e+00
7.095500000000000140e-01
0.000000000000000000e+00
8.600700000000000012e-01
0.000000000000000000e+00
0.000000000000000000e+00
0.000000000000000000e+00
6.465199999999999836e-01
0.000000000000000000e+00
0.000000000000000000e+00
0.000000000000000000e+00
0.000000000000000000e+00
0.000000000000000000e+00
7.616000000000000547e-01
0.000000000000000000e+00
0.000000000000000000e+00
0.000000000000000000e+00
9.800499999999999767e-01
0.000000000000000000e+00
7.260900000000000132e-01
0.000000000000000000e+00
0.000000000000000000e+00
0.000000000000000000e+00
7.946400000000000130e-01
0.000000000000000000e+00
0.000000000000000000e+00
6.216300000000000159e-01
0.000000000000000000e+00
0.000000000000000000e+00
0.000000000000000000e+00
1.200390000000000068e+00
0.000000000000000000e+00
0.000000000000000000e+00
0.000000000000000000e+00
6.849699999999999678e-01
0.000000000000000000e+00
0.000000000000000000e+00
0.000000000000000000e+00
0.000000000000000000e+00
7.228299999999999725e-01
0.000000000000000000e+00
0.000000000000000000e+00
0.000000000000000000e+00
0.000000000000000000e+00
0.000000000000000000e+00
0.000000000000000000e+00
7.795999999999999597e-01
0.000000000000000000e+00
0.000000000000000000e+00
0.000000000000000000e+00
7.512299999999999534e-01
0.000000000000000000e+00
0.000000000000000000e+00
0.000000000000000000e+00
0.000000000000000000e+00
7.311699999999999866e-01
0.000000000000000000e+00
1.074629999999999974e+00
0.000000000000000000e+00
0.000000000000000000e+00
0.000000000000000000e+00
8.160100000000000131e-01
0.000000000000000000e+00
0.000000000000000000e+00
9.741900000000000004e-01
0.000000000000000000e+00
0.000000000000000000e+00
6.762700000000000378e-01
0.000000000000000000e+00
7.074200000000000488e-01
0.000000000000000000e+00
0.000000000000000000e+00
0.000000000000000000e+00
7.317099999999999715e-01
0.000000000000000000e+00
0.000000000000000000e+00
1.327110000000000012e+00
0.000000000000000000e+00
0.000000000000000000e+00
0.000000000000000000e+00
0.000000000000000000e+00
0.000000000000000000e+00
0.000000000000000000e+00
0.000000000000000000e+00
0.000000000000000000e+00
0.000000000000000000e+00
0.000000000000000000e+00
0.000000000000000000e+00
0.000000000000000000e+00
0.000000000000000000e+00
0.000000000000000000e+00
0.000000000000000000e+00
0.000000000000000000e+00
0.000000000000000000e+00
0.000000000000000000e+00
0.000000000000000000e+00
0.000000000000000000e+00
0.000000000000000000e+00
0.000000000000000000e+00
0.000000000000000000e+00
0.000000000000000000e+00
0.000000000000000000e+00
0.000000000000000000e+00
0.000000000000000000e+00
0.000000000000000000e+00
0.000000000000000000e+00
0.000000000000000000e+00
0.000000000000000000e+00
0.000000000000000000e+00
0.000000000000000000e+00
0.000000000000000000e+00
0.000000000000000000e+00
0.000000000000000000e+00
0.000000000000000000e+00
0.000000000000000000e+00
0.000000000000000000e+00
0.000000000000000000e+00
0.000000000000000000e+00
0.000000000000000000e+00
0.000000000000000000e+00
0.000000000000000000e+00
0.000000000000000000e+00
0.000000000000000000e+00
0.000000000000000000e+00
0.000000000000000000e+00
0.000000000000000000e+00
0.000000000000000000e+00
0.000000000000000000e+00
0.000000000000000000e+00
0.000000000000000000e+00
0.000000000000000000e+00
0.000000000000000000e+00
0.000000000000000000e+00
0.000000000000000000e+00
0.000000000000000000e+00
0.000000000000000000e+00
0.000000000000000000e+00
0.000000000000000000e+00
0.000000000000000000e+00
0.000000000000000000e+00
0.000000000000000000e+00
0.000000000000000000e+00
0.000000000000000000e+00
0.000000000000000000e+00
0.000000000000000000e+00
0.000000000000000000e+00
0.000000000000000000e+00
0.000000000000000000e+00
0.000000000000000000e+00
0.000000000000000000e+00
0.000000000000000000e+00
0.000000000000000000e+00
0.000000000000000000e+00
0.000000000000000000e+00
0.000000000000000000e+00
0.000000000000000000e+00
0.000000000000000000e+00
0.000000000000000000e+00
0.000000000000000000e+00
0.000000000000000000e+00
0.000000000000000000e+00
0.000000000000000000e+00
0.000000000000000000e+00
0.000000000000000000e+00
0.000000000000000000e+00
0.000000000000000000e+00
0.000000000000000000e+00
0.000000000000000000e+00
0.000000000000000000e+00
0.000000000000000000e+00
0.000000000000000000e+00
0.000000000000000000e+00
0.000000000000000000e+00
0.000000000000000000e+00
0.000000000000000000e+00
0.000000000000000000e+00
0.000000000000000000e+00
0.000000000000000000e+00
0.000000000000000000e+00
0.000000000000000000e+00
0.000000000000000000e+00
0.000000000000000000e+00
0.000000000000000000e+00
0.000000000000000000e+00
0.000000000000000000e+00
0.000000000000000000e+00
0.000000000000000000e+00
0.000000000000000000e+00
0.000000000000000000e+00
0.000000000000000000e+00
0.000000000000000000e+00
0.000000000000000000e+00
0.000000000000000000e+00
0.000000000000000000e+00
0.000000000000000000e+00
0.000000000000000000e+00
0.000000000000000000e+00
0.000000000000000000e+00
0.000000000000000000e+00
0.000000000000000000e+00
0.000000000000000000e+00
0.000000000000000000e+00
0.000000000000000000e+00
0.000000000000000000e+00
0.000000000000000000e+00
0.000000000000000000e+00
0.000000000000000000e+00
0.000000000000000000e+00
0.000000000000000000e+00
0.000000000000000000e+00
