0.000000000000000000e+00
0.000000000000000000e+00
0.000000000000000000e+00
0.000000000000000000e+00
0.000000000000000000e+00
0.000000000000000000e+00
0.000000000000000000e+00
0.000000000000000000e+00
0.000000000000000000e+00
0.000000000000000000e+00
7.006299999999999750e-01
0.000000000000000000e+00
5.884800000000000031e-01
0.000000000000000000e+00
0.000000000000000000e+00
4.882400000000000073e-01
0.000000000000000000e+00
0.000000000000000000e+00
4.661899999999999933e-01
0.000000000000000000e+00
4.841199999999999948e-01
0.000000000000000000e+00
0.000000000000000000e+00
0.000000000000000000e+00
3.713099999999999734e-01
0.000000000000000000e+00
0.000000000000000000e+00
0.000000000000000000e+00
5.447499999999999565e-01
0.000000000000000000e+00
0.000000000000000000e+00
3.960899999999999976e-01
0.000000000000000000e+00
0.000000000000000000e+00
0.000000000000000000e+00
4.446800000000000197e-01
0.000000000000000000e+00
4.469400000000000039e-01
0.000000000000000000e+00
0.000000000000000000e+00
6.266699999999999493e-01
0.000000000000000000e+00
6.695299999999999585e-01
0.000000000000000000e+00
5.238199999999999523e-01
0.000000000000000000e+00
0.000000000000000000e+00
0.000000000000000000e+00
0.000000000000000000e+00
4.816400000000000126e-01
0.000000000000000000e+00
0.000000000000000000e+00
0.000000000000000000e+00
5.441899999999999515e-01
0.000000000000000000e+00
5.979200000000000070e-01
0.000000000000000000e+00
0.000000000000000000e+00
5.232299999999999729e-01
0.000000000000000000e+00
0.000000000000000000e+00
0.000000000000000000e+00
5.028599999999999737e-01
0.000000000000000000e+00
0.000000000000000000e+00
0.000000000000000000e+00
4.780200000000000005e-01
0.000000000000000000e+00
0.000000000000000000e+00
0.000000000000000000e+00
0.000000000000000000e+00
0.000000000000000000e+00
0.000000000000000000e+00
6.220799999999999663e-01
0.000000000000000000e+00
0.000000000000000000e+00
0.000000000000000000e+00
5.033800000000000496e-01
0.000000000000000000e+00
0.000000000000000000e+00
0.000000000000000000e+00
6.501099999999999657e-01
0.000000000000000000e+00
0.000000000000000000e+00
5.621800000000000130e-01
0.000000000000000000e+00
5.413099999999999579e-01
0.000000000000000000e+00
0.000000000000000000e+00
0.000000000000000000e+00
4.318100000000000271e-01
0.000000000000000000e+00
0.000000000000000000e+00
0.000000000000000000e+00
0.000000000000000000e+00
6.614700000000000024e-01
0.000000000000000000e+00
0.000000000000000000e+00
0.000000000000000000e+00
0.000000000000000000e+00
0.000000000000000000e+00
6.020600000000000396e-01
0.000000000000000000e+00
0.000000000000000000e+00
0.000000000000000000e+00
0.000000000000000000e+00
4.531299999999999772e-01
0.000000000000000000e+00
0.000000000000000000e+00
0.000000000000000000e+00
0.000000000000000000e+00
1.044440000000000035e+00
0.000000000000000000e+00
6.697999999999999510e-01
0.000000000000000000e+00
6.024300000000000210e-01
0.000000000000000000e+00
0.000000000000000000e+00
0.000000000000000000e+00
7.114899999999999558e-01
0.000000000000000000e+00
0.000000000000000000e+00
4.935399999999999787e-01
0.000000000000000000e+00
0.000000000000000000e+00
0.000000000000000000e+00
8.718299999999999939e-01
0.000000000000000000e+00
0.000000000000000000e+00
5.709899999999999975e-01
0.000000000000000000e+00
0.000000000000000000e+00
0.000000000000000000e+00
4.855900000000000216e-01
0.000000000000000000e+00
0.000000000000000000e+00
4.212299999999999933e-01
0.000000000000000000e+00
0.000000000000000000e+00
0.000000000000000000e+00
5.520199999999999552e-01
0.000000000000000000e+00
0.000000000000000000e+00
0.000000000000000000e+00
0.000000000000000000e+00
4.767000000000000126e-01
0.000000000000000000e+00
0.000000000000000000e+00
0.000000000000000000e+00
3.828199999999999936e-01
0.000000000000000000e+00
0.000000000000000000e+00
0.000000000000000000e+00
5.879400000000000182e-01
0.000000000000000000e+00
0.000000000000000000e+00
0.000000000000000000e+00
0.000000000000000000e+00
4.838799999999999768e-01
0.000000000000000000e+00
0.000000000000000000e+00
6.063199999999999701e-01
0.000000000000000000e+00
0.000000000000000000e+00
0.000000000000000000e+00
0.000000000000000000e+00
5.217300000000000271e-01
0.000000000000000000e+00
0.000000000000000000e+00
0.000000000000000000e+00
5.779100000000000348e-01
0.000000000000000000e+00
6.753000000000000114e-01
0.000000000000000000e+00
0.000000000000000000e+00
0.000000000000000000e+00
4.429299999999999904e-01
0.000000000000000000e+00
0.000000000000000000e+00
6.829199999999999715e-01
0.000000000000000000e+00
0.000000000000000000e+00
1.073879999999999946e+00
0.000000000000000000e+00
0.000000000000000000e+00
5.008899999999999464e-01
0.000000000000000000e+00
0.000000000000000000e+00
0.000000000000000000e+00
5.402700000000000280e-01
0.000000000000000000e+00
0.000000000000000000e+00
0.000000000000000000e+00
5.352299999999999836e-01
0.000000000000000000e+00
0.000000000000000000e+00
0.000000000000000000e+00
0.000000000000000000e+00
9.689600000000000435e-01
0.000000000000000000e+00
5.512599999999999723e-01
0.000000000000000000e+00
0.000000000000000000e+00
4.863500000000000045e-01
0.000000000000000000e+00
5.556900000000000173e-01
0.000000000000000000e+00
0.000000000000000000e+00
0.000000000000000000e+00
0.000000000000000000e+00
0.000000000000000000e+00
0.000000000000000000e+00
7.211600000000000232e-01
0.000000000000000000e+00
0.000000000000000000e+00
0.000000000000000000e+00
0.000000000000000000e+00
6.893000000000000238e-01
0.000000000000000000e+00
0.000000000000000000e+00
0.000000000000000000e+00
0.000000000000000000e+00
6.015000000000000346e-01
0.000000000000000000e+00
0.000000000000000000e+00
0.000000000000000000e+00
6.276399999999999757e-01
0.000000000000000000e+00
0.000000000000000000e+00
5.389399999999999746e-01
0.000000000000000000e+00
5.708900000000000086e-01
0.000000000000000000e+00
0.000000000000000000e+00
0.000000000000000000e+00
0.000000000000000000e+00
0.000000000000000000e+00
0.000000000000000000e+00
0.000000000000000000e+00
5.354799999999999560e-01
0.000000000000000000e+00
0.000000000000000000e+00
6.156000000000000361e-01
0.000000000000000000e+00
0.000000000000000000e+00
1.114160000000000039e+00
0.000000000000000000e+00
0.000000000000000000e+00
5.357800000000000340e-01
0.000000000000000000e+00
5.211599999999999566e-01
0.000000000000000000e+00
0.000000000000000000e+00
0.000000000000000000e+00
5.422599999999999643e-01
0.000000000000000000e+00
0.000000000000000000e+00
0.000000000000000000e+00
0.000000000000000000e+00
4.850900000000000212e-01
0.000000000000000000e+00
0.000000000000000000e+00
0.000000000000000000e+00
9.178699999999999637e-01
0.000000000000000000e+00
0.000000000000000000e+00
5.486699999999999910e-01
0.000000000000000000e+00
0.000000000000000000e+00
6.426100000000000145e-01
0.000000000000000000e+00
0.000000000000000000e+00
4.879200000000000204e-01
0.000000000000000000e+00
0.000000000000000000e+00
0.000000000000000000e+00
0.000000000000000000e+00
6.060999999999999721e-01
0.000000000000000000e+00
0.000000000000000000e+00
5.818499999999999783e-01
0.000000000000000000e+00
0.000000000000000000e+00
0.000000000000000000e+00
1.176260000000000083e+00
0.000000000000000000e+00
0.000000000000000000e+00
6.262699999999999934e-01
0.000000000000000000e+00
0.000000000000000000e+00
0.000000000000000000e+00
0.000000000000000000e+00
4.799300000000000233e-01
0.000000000000000000e+00
0.000000000000000000e+00
0.000000000000000000e+00
0.000000000000000000e+00
0.000000000000000000e+00
4.756400000000000072e-01
0.000000000000000000e+00
5.803599999999999870e-01
0.000000000000000000e+00
0.000000000000000000e+00
0.000000000000000000e+00
0.000000000000000000e+00
0.000000000000000000e+00
0.000000000000000000e+00
0.000000000000000000e+00
0.000000000000000000e+00
0.000000000000000000e+00
0.000000000000000000e+00
0.000000000000000000e+00
0.000000000000000000e+00
0.000000000000000000e+00
0.000000000000000000e+00
0.000000000000000000e+00
0.000000000000000000e+00
0.000000000000000000e+00
0.000000000000000000e+00
0.000000000000000000e+00
0.000000000000000000e+00
0.000000000000000000e+00
0.000000000000000000e+00
0.000000000000000000e+00
0.000000000000000000e+00
0.000000000000000000e+00
0.000000000000000000e+00
9.643699999999999495e-01
0.000000000000000000e+00
0.000000000000000000e+00
6.436500000000000554e-01
0.000000000000000000e+00
1.249179999999999957e+00
0.000000000000000000e+00
0.000000000000000000e+00
0.000000000000000000e+00
0.000000000000000000e+00
5.156699999999999617e-01
0.000000000000000000e+00
5.606900000000000217e-01
0.000000000000000000e+00
0.000000000000000000e+00
6.456699999999999662e-01
0.000000000000000000e+00
0.000000000000000000e+00
0.000000000000000000e+00
5.474700000000000122e-01
0.000000000000000000e+00
0.000000000000000000e+00
5.733000000000000318e-01
0.000000000000000000e+00
0.000000000000000000e+00
0.000000000000000000e+00
4.552499999999999880e-01
0.000000000000000000e+00
4.980100000000000082e-01
0.000000000000000000e+00
0.000000000000000000e+00
0.000000000000000000e+00
5.845500000000000140e-01
0.000000000000000000e+00
8.011899999999999578e-01
0.000000000000000000e+00
4.902599999999999736e-01
0.000000000000000000e+00
0.000000000000000000e+00
0.000000000000000000e+00
0.000000000000000000e+00
5.377600000000000158e-01
0.000000000000000000e+00
0.000000000000000000e+00
0.000000000000000000e+00
0.000000000000000000e+00
4.928199999999999803e-01
0.000000000000000000e+00
7.219600000000000461e-01
0.000000000000000000e+00
6.023800000000000265e-01
0.000000000000000000e+00
5.004899999999999904e-01
0.000000000000000000e+00
0.000000000000000000e+00
0.000000000000000000e+00
3.735999999999999877e-01
0.000000000000000000e+00
6.602900000000000436e-01
0.000000000000000000e+00
0.000000000000000000e+00
0.000000000000000000e+00
5.051999999999999824e-01
0.000000000000000000e+00
0.000000000000000000e+00
4.686100000000000265e-01
0.000000000000000000e+00
5.122499999999999831e-01
0.000000000000000000e+00
0.000000000000000000e+00
4.875700000000000034e-01
0.000000000000000000e+00
0.000000000000000000e+00
5.310599999999999765e-01
0.000000000000000000e+00
0.000000000000000000e+00
6.378500000000000281e-01
0.000000000000000000e+00
0.000000000000000000e+00
0.000000000000000000e+00
0.000000000000000000e+00
0.000000000000000000e+00
0.000000000000000000e+00
5.724599999999999689e-01
0.000000000000000000e+00
0.000000000000000000e+00
7.050999999999999490e-01
0.000000000000000000e+00
5.825000000000000178e-01
0.000000000000000000e+00
6.308099999999999818e-01
0.000000000000000000e+00
6.211200000000000054e-01
0.000000000000000000e+00
0.000000000000000000e+00
0.000000000000000000e+00
0.000000000000000000e+00
5.494299999999999740e-01
0.000000000000000000e+00
0.000000000000000000e+00
5.571500000000000341e-01
0.000000000000000000e+00
0.000000000000000000e+00
4.702799999999999758e-01
0.000000000000000000e+00
0.000000000000000000e+00
0.000000000000000000e+00
0.000000000000000000e+00
0.000000000000000000e+00
4.821500000000000230e-01
0.000000000000000000e+00
5.383999999999999897e-01
0.000000000000000000e+00
6.932399999999999674e-01
0.000000000000000000e+00
4.787199999999999789e-01
0.000000000000000000e+00
5.172200000000000131e-01
0.000000000000000000e+00
0.000000000000000000e+00
4.747500000000000053e-01
0.000000000000000000e+00
0.000000000000000000e+00
0.000000000000000000e+00
5.760899999999999910e-01
0.000000000000000000e+00
0.000000000000000000e+00
0.000000000000000000e+00
0.000000000000000000e+00
5.116500000000000492e-01
0.000000000000000000e+00
0.000000000000000000e+00
1.009679999999999911e+00
0.000000000000000000e+00
0.000000000000000000e+00
0.000000000000000000e+00
5.654599999999999627e-01
0.000000000000000000e+00
0.000000000000000000e+00
0.000000000000000000e+00
0.000000000000000000e+00
0.000000000000000000e+00
6.966599999999999460e-01
0.000000000000000000e+00
6.704599999999999449e-01
0.000000000000000000e+00
0.000000000000000000e+00
0.000000000000000000e+00
1.277039999999999953e+00
0.000000000000000000e+00
0.000000000000000000e+00
6.930600000000000094e-01
0.000000000000000000e+00
8.543500000000000538e-01
0.000000000000000000e+00
0.000000000000000000e+00
4.463500000000000245e-01
0.000000000000000000e+00
0.000000000000000000e+00
6.100100000000000522e-01
0.000000000000000000e+00
1.182549999999999990e+00
0.000000000000000000e+00
0.000000000000000000e+00
0.000000000000000000e+00
5.593299999999999939e-01
0.000000000000000000e+00
0.000000000000000000e+00
0.000000000000000000e+00
5.865099999999999758e-01
0.000000000000000000e+00
0.000000000000000000e+00
0.000000000000000000e+00
5.561800000000000077e-01
0.000000000000000000e+00
0.000000000000000000e+00
0.000000000000000000e+00
0.000000000000000000e+00
0.000000000000000000e+00
6.238099999999999756e-01
0.000000000000000000e+00
6.878600000000000270e-01
0.000000000000000000e+00
6.074899999999999745e-01
0.000000000000000000e+00
1.653450000000000086e+00
0.000000000000000000e+00
0.000000000000000000e+00
0.000000000000000000e+00
0.000000000000000000e+00
0.000000000000000000e+00
0.000000000000000000e+00
4.702299999999999813e-01
0.000000000000000000e+00
0.000000000000000000e+00
0.000000000000000000e+00
5.330399999999999583e-01
0.000000000000000000e+00
0.000000000000000000e+00
5.609499999999999487e-01
0.000000000000000000e+00
5.330099999999999838e-01
0.000000000000000000e+00
0.000000000000000000e+00
0.000000000000000000e+00
0.000000000000000000e+00
6.196300000000000141e-01
0.000000000000000000e+00
0.000000000000000000e+00
0.000000000000000000e+00
5.978599999999999470e-01
0.000000000000000000e+00
5.601599999999999913e-01
0.000000000000000000e+00
0.000000000000000000e+00
5.060599999999999543e-01
0.000000000000000000e+00
0.000000000000000000e+00
6.012899999999999912e-01
0.000000000000000000e+00
5.663300000000000001e-01
0.000000000000000000e+00
0.000000000000000000e+00
0.000000000000000000e+00
0.000000000000000000e+00
9.249000000000000554e-01
0.000000000000000000e+00
0.000000000000000000e+00
0.000000000000000000e+00
0.000000000000000000e+00
5.934500000000000330e-01
0.000000000000000000e+00
5.870800000000000463e-01
0.000000000000000000e+00
0.000000000000000000e+00
0.000000000000000000e+00
0.000000000000000000e+00
5.924700000000000522e-01
0.000000000000000000e+00
0.000000000000000000e+00
4.283899999999999930e-01
0.000000000000000000e+00
0.000000000000000000e+00
0.000000000000000000e+00
6.228500000000000147e-01
0.000000000000000000e+00
0.000000000000000000e+00
4.598400000000000265e-01
0.000000000000000000e+00
0.000000000000000000e+00
5.563299999999999912e-01
0.000000000000000000e+00
0.000000000000000000e+00
7.223500000000000476e-01
0.000000000000000000e+00
0.000000000000000000e+00
0.000000000000000000e+00
7.382699999999999818e-01
0.000000000000000000e+00
0.000000000000000000e+00
0.000000000000000000e+00
0.000000000000000000e+00
6.313299999999999468e-01
0.000000000000000000e+00
0.000000000000000000e+00
0.000000000000000000e+00
0.000000000000000000e+00
0.000000000000000000e+00
0.000000000000000000e+00
0.000000000000000000e+00
0.000000000000000000e+00
0.000000000000000000e+00
0.000000000000000000e+00
0.000000000000000000e+00
0.000000000000000000e+00
0.000000000000000000e+00
0.000000000000000000e+00
0.000000000000000000e+00
0.000000000000000000e+00
0.000000000000000000e+00
0.000000000000000000e+00
0.000000000000000000e+00
0.000000000000000000e+00
0.000000000000000000e+00
0.000000000000000000e+00
0.000000000000000000e+00
0.000000000000000000e+00
6.317500000000000338e-01
0.000000000000000000e+00
0.000000000000000000e+00
0.000000000000000000e+00
5.145300000000000429e-01
0.000000000000000000e+00
0.000000000000000000e+00
0.000000000000000000e+00
7.381600000000000383e-01
0.000000000000000000e+00
0.000000000000000000e+00
0.000000000000000000e+00
0.000000000000000000e+00
5.553500000000000103e-01
0.000000000000000000e+00
0.000000000000000000e+00
0.000000000000000000e+00
0.000000000000000000e+00
5.727299999999999613e-01
0.000000000000000000e+00
0.000000000000000000e+00
6.053100000000000147e-01
0.000000000000000000e+00
0.000000000000000000e+00
6.151900000000000146e-01
0.000000000000000000e+00
0.000000000000000000e+00
0.000000000000000000e+00
0.000000000000000000e+00
0.000000000000000000e+00
0.000000000000000000e+00
7.168799999999999617e-01
0.000000000000000000e+00
5.187000000000000499e-01
0.000000000000000000e+00
0.000000000000000000e+00
9.353500000000000147e-01
0.000000000000000000e+00
0.000000000000000000e+00
5.796299999999999786e-01
0.000000000000000000e+00
0.000000000000000000e+00
4.667100000000000137e-01
0.000000000000000000e+00
0.000000000000000000e+00
0.000000000000000000e+00
7.173500000000000432e-01
0.000000000000000000e+00
0.000000000000000000e+00
0.000000000000000000e+00
0.000000000000000000e+00
6.526600000000000179e-01
0.000000000000000000e+00
0.000000000000000000e+00
6.398800000000000043e-01
0.000000000000000000e+00
1.926530000000000076e+00
0.000000000000000000e+00
0.000000000000000000e+00
0.000000000000000000e+00
6.717999999999999527e-01
0.000000000000000000e+00
0.000000000000000000e+00
4.971400000000000263e-01
0.000000000000000000e+00
6.377699999999999481e-01
0.000000000000000000e+00
1.165429999999999966e+00
0.000000000000000000e+00
0.000000000000000000e+00
5.723300000000000054e-01
0.000000000000000000e+00
0.000000000000000000e+00
0.000000000000000000e+00
0.000000000000000000e+00
5.372200000000000308e-01
0.000000000000000000e+00
0.000000000000000000e+00
8.107600000000000362e-01
0.000000000000000000e+00
0.000000000000000000e+00
0.000000000000000000e+00
0.000000000000000000e+00
5.530800000000000161e-01
0.000000000000000000e+00
0.000000000000000000e+00
0.000000000000000000e+00
5.102299999999999613e-01
0.000000000000000000e+00
0.000000000000000000e+00
0.000000000000000000e+00
7.032300000000000217e-01
0.000000000000000000e+00
8.493100000000000094e-01
0.000000000000000000e+00
0.000000000000000000e+00
0.000000000000000000e+00
0.000000000000000000e+00
5.161099999999999577e-01
0.000000000000000000e+00
5.238199999999999523e-01
0.000000000000000000e+00
0.000000000000000000e+00
0.000000000000000000e+00
0.000000000000000000e+00
0.000000000000000000e+00
5.060799999999999743e-01
0.000000000000000000e+00
0.000000000000000000e+00
0.000000000000000000e+00
5.504999999999999893e-01
0.000000000000000000e+00
7.664600000000000302e-01
0.000000000000000000e+00
0.000000000000000000e+00
7.388799999999999812e-01
0.000000000000000000e+00
9.296100000000000474e-01
0.000000000000000000e+00
4.961499999999999799e-01
0.000000000000000000e+00
0.000000000000000000e+00
6.750699999999999479e-01
0.000000000000000000e+00
0.000000000000000000e+00
0.000000000000000000e+00
0.000000000000000000e+00
5.523599999999999621e-01
0.000000000000000000e+00
5.848799999999999555e-01
0.000000000000000000e+00
0.000000000000000000e+00
0.000000000000000000e+00
6.391900000000000359e-01
0.000000000000000000e+00
0.000000000000000000e+00
0.000000000000000000e+00
0.000000000000000000e+00
7.795199999999999907e-01
0.000000000000000000e+00
0.000000000000000000e+00
5.701300000000000257e-01
0.000000000000000000e+00
0.000000000000000000e+00
1.546280000000000099e+00
0.000000000000000000e+00
0.000000000000000000e+00
0.000000000000000000e+00
0.000000000000000000e+00
5.445200000000000040e-01
0.000000000000000000e+00
0.000000000000000000e+00
0.000000000000000000e+00
6.812500000000000222e-01
0.000000000000000000e+00
0.000000000000000000e+00
0.000000000000000000e+00
0.000000000000000000e+00
6.484100000000000419e-01
0.000000000000000000e+00
0.000000000000000000e+00
0.000000000000000000e+00
0.000000000000000000e+00
5.043499999999999650e-01
0.000000000000000000e+00
6.532200000000000228e-01
0.000000000000000000e+00
0.000000000000000000e+00
0.000000000000000000e+00
5.754899999999999460e-01
0.000000000000000000e+00
0.000000000000000000e+00
0.000000000000000000e+00
5.724299999999999944e-01
0.000000000000000000e+00
0.000000000000000000e+00
0.000000000000000000e+00
0.000000000000000000e+00
5.304699999999999971e-01
0.000000000000000000e+00
6.353999999999999648e-01
0.000000000000000000e+00
0.000000000000000000e+00
5.503900000000000459e-01
0.000000000000000000e+00
0.000000000000000000e+00
0.000000000000000000e+00
4.338600000000000234e-01
0.000000000000000000e+00
0.000000000000000000e+00
0.000000000000000000e+00
0.000000000000000000e+00
0.000000000000000000e+00
5.299599999999999866e-01
0.000000000000000000e+00
0.000000000000000000e+00
0.000000000000000000e+00
0.000000000000000000e+00
5.662399999999999656e-01
0.000000000000000000e+00
0.000000000000000000e+00
8.488400000000000389e-01
0.000000000000000000e+00
0.000000000000000000e+00
0.000000000000000000e+00
5.964000000000000412e-01
0.000000000000000000e+00
7.687300000000000244e-01
0.000000000000000000e+00
1.175140000000000073e+00
0.000000000000000000e+00
0.000000000000000000e+00
0.000000000000000000e+00
1.155540000000000012e+00
0.000000000000000000e+00
0.000000000000000000e+00
5.792399999999999771e-01
0.000000000000000000e+00
0.000000000000000000e+00
0.000000000000000000e+00
4.131299999999999972e-01
0.000000000000000000e+00
0.000000000000000000e+00
0.000000000000000000e+00
6.335800000000000320e-01
0.000000000000000000e+00
1.219209999999999905e+00
0.000000000000000000e+00
4.164200000000000124e-01
0.000000000000000000e+00
4.934799999999999742e-01
0.000000000000000000e+00
0.000000000000000000e+00
4.613099999999999978e-01
0.000000000000000000e+00
0.000000000000000000e+00
4.636600000000000166e-01
0.000000000000000000e+00
0.000000000000000000e+00
0.000000000000000000e+00
0.000000000000000000e+00
4.877199999999999869e-01
0.000000000000000000e+00
0.000000000000000000e+00
0.000000000000000000e+00
7.369599999999999485e-01
0.000000000000000000e+00
0.000000000000000000e+00
7.659500000000000197e-01
0.000000000000000000e+00
9.535200000000000342e-01
0.000000000000000000e+00
0.000000000000000000e+00
0.000000000000000000e+00
0.000000000000000000e+00
5.465700000000000003e-01
0.000000000000000000e+00
0.000000000000000000e+00
6.060799999999999521e-01
0.000000000000000000e+00
0.000000000000000000e+00
0.000000000000000000e+00
6.331200000000000161e-01
0.000000000000000000e+00
0.000000000000000000e+00
5.800699999999999745e-01
0.000000000000000000e+00
0.000000000000000000e+00
8.080199999999999605e-01
0.000000000000000000e+00
0.000000000000000000e+00
0.000000000000000000e+00
5.814599999999999769e-01
0.000000000000000000e+00
0.000000000000000000e+00
6.783799999999999830e-01
0.000000000000000000e+00
0.000000000000000000e+00
0.000000000000000000e+00
4.669300000000000117e-01
0.000000000000000000e+00
0.000000000000000000e+00
0.000000000000000000e+00
0.000000000000000000e+00
0.000000000000000000e+00
0.000000000000000000e+00
0.000000000000000000e+00
0.000000000000000000e+00
0.000000000000000000e+00
0.000000000000000000e+00
0.000000000000000000e+00
0.000000000000000000e+00
0.000000000000000000e+00
0.000000000000000000e+00
0.000000000000000000e+00
0.000000000000000000e+00
0.000000000000000000e+00
0.000000000000000000e+00
0.000000000000000000e+00
0.000000000000000000e+00
0.000000000000000000e+00
5.108300000000000063e-01
0.000000000000000000e+00
0.000000000000000000e+00
0.000000000000000000e+00
4.539699999999999847e-01
0.000000000000000000e+00
8.648299999999999876e-01
0.000000000000000000e+00
0.000000000000000000e+00
5.680899999999999839e-01
0.000000000000000000e+00
0.000000000000000000e+00
0.000000000000000000e+00
5.200799999999999867e-01
0.000000000000000000e+00
0.000000000000000000e+00
5.281299999999999883e-01
0.000000000000000000e+00
0.000000000000000000e+00
6.849199999999999733e-01
0.000000000000000000e+00
0.000000000000000000e+00
7.939399999999999791e-01
0.000000000000000000e+00
0.000000000000000000e+00
0.000000000000000000e+00
5.087500000000000355e-01
0.000000000000000000e+00
0.000000000000000000e+00
6.791899999999999604e-01
0.000000000000000000e+00
1.012420000000000098e+00
0.000000000000000000e+00
0.000000000000000000e+00
0.000000000000000000e+00
9.344900000000000428e-01
0.000000000000000000e+00
0.000000000000000000e+00
6.872399999999999620e-01
0.000000000000000000e+00
0.000000000000000000e+00
0.000000000000000000e+00
6.190700000000000092e-01
0.000000000000000000e+00
6.130499999999999838e-01
0.000000000000000000e+00
0.000000000000000000e+00
0.000000000000000000e+00
6.576499999999999568e-01
0.000000000000000000e+00
0.000000000000000000e+00
0.000000000000000000e+00
0.000000000000000000e+00
6.495900000000000007e-01
0.000000000000000000e+00
0.000000000000000000e+00
1.432549999999999990e+00
0.000000000000000000e+00
0.000000000000000000e+00
0.000000000000000000e+00
8.411600000000000188e-01
0.000000000000000000e+00
0.000000000000000000e+00
0.000000000000000000e+00
3.904599999999999738e-01
0.000000000000000000e+00
4.982699999999999907e-01
0.000000000000000000e+00
7.782900000000000373e-01
0.000000000000000000e+00
5.367699999999999694e-01
0.000000000000000000e+00
0.000000000000000000e+00
0.000000000000000000e+00
5.212900000000000311e-01
0.000000000000000000e+00
0.000000000000000000e+00
0.000000000000000000e+00
4.968099999999999739e-01
0.000000000000000000e+00
0.000000000000000000e+00
0.000000000000000000e+00
7.784100000000000463e-01
0.000000000000000000e+00
5.802699999999999525e-01
0.000000000000000000e+00
0.000000000000000000e+00
0.000000000000000000e+00
5.343599999999999461e-01
0.000000000000000000e+00
0.000000000000000000e+00
0.000000000000000000e+00
0.000000000000000000e+00
0.000000000000000000e+00
0.000000000000000000e+00
5.216199999999999726e-01
0.000000000000000000e+00
5.360300000000000065e-01
0.000000000000000000e+00
3.868400000000000172e-01
0.000000000000000000e+00
5.886200000000000321e-01
0.000000000000000000e+00
0.000000000000000000e+00
0.000000000000000000e+00
0.000000000000000000e+00
5.599499999999999478e-01
0.000000000000000000e+00
0.000000000000000000e+00
1.184490000000000043e+00
0.000000000000000000e+00
8.387900000000000356e-01
0.000000000000000000e+00
3.622699999999999809e-01
0.000000000000000000e+00
0.000000000000000000e+00
0.000000000000000000e+00
7.057499999999999885e-01
0.000000000000000000e+00
0.000000000000000000e+00
1.271849999999999925e+00
0.000000000000000000e+00
0.000000000000000000e+00
1.001859999999999973e+00
0.000000000000000000e+00
0.000000000000000000e+00
6.107200000000000406e-01
0.000000000000000000e+00
5.495499999999999829e-01
0.000000000000000000e+00
0.000000000000000000e+00
5.296600000000000197e-01
0.000000000000000000e+00
0.000000000000000000e+00
0.000000000000000000e+00
6.065599999999999881e-01
0.000000000000000000e+00
6.698499999999999455e-01
0.000000000000000000e+00
0.000000000000000000e+00
5.934899999999999620e-01
0.000000000000000000e+00
0.000000000000000000e+00
9.694099999999999939e-01
0.000000000000000000e+00
0.000000000000000000e+00
5.477300000000000502e-01
0.000000000000000000e+00
5.230200000000000404e-01
0.000000000000000000e+00
0.000000000000000000e+00
0.000000000000000000e+00
0.000000000000000000e+00
5.533599999999999630e-01
0.000000000000000000e+00
0.000000000000000000e+00
0.000000000000000000e+00
0.000000000000000000e+00
0.000000000000000000e+00
4.994600000000000151e-01
0.000000000000000000e+00
0.000000000000000000e+00
0.000000000000000000e+00
7.042599999999999971e-01
0.000000000000000000e+00
0.000000000000000000e+00
0.000000000000000000e+00
0.000000000000000000e+00
0.000000000000000000e+00
5.063900000000000068e-01
0.000000000000000000e+00
0.000000000000000000e+00
1.324899999999999967e+00
0.000000000000000000e+00
7.145700000000000385e-01
0.000000000000000000e+00
0.000000000000000000e+00
0.000000000000000000e+00
0.000000000000000000e+00
5.626299999999999635e-01
0.000000000000000000e+00
0.000000000000000000e+00
9.825599999999999890e-01
0.000000000000000000e+00
5.548199999999999799e-01
0.000000000000000000e+00
6.890899999999999803e-01
0.000000000000000000e+00
0.000000000000000000e+00
7.622600000000000486e-01
0.000000000000000000e+00
0.000000000000000000e+00
5.791100000000000136e-01
0.000000000000000000e+00
0.000000000000000000e+00
0.000000000000000000e+00
5.686400000000000343e-01
0.000000000000000000e+00
9.956899999999999640e-01
0.000000000000000000e+00
0.000000000000000000e+00
5.366100000000000314e-01
0.000000000000000000e+00
0.000000000000000000e+00
0.000000000000000000e+00
6.733900000000000441e-01
0.000000000000000000e+00
0.000000000000000000e+00
0.000000000000000000e+00
0.000000000000000000e+00
5.865599999999999703e-01
0.000000000000000000e+00
7.034799999999999942e-01
0.000000000000000000e+00
0.000000000000000000e+00
0.000000000000000000e+00
6.174899999999999833e-01
0.000000000000000000e+00
0.000000000000000000e+00
5.842399999999999816e-01
0.000000000000000000e+00
0.000000000000000000e+00
0.000000000000000000e+00
6.409399999999999542e-01
0.000000000000000000e+00
0.000000000000000000e+00
0.000000000000000000e+00
5.716900000000000315e-01
0.000000000000000000e+00
6.449500000000000233e-01
0.000000000000000000e+00
0.000000000000000000e+00
5.427899999999999947e-01
0.000000000000000000e+00
0.000000000000000000e+00
0.000000000000000000e+00
6.330900000000000416e-01
0.000000000000000000e+00
0.000000000000000000e+00
0.000000000000000000e+00
0.000000000000000000e+00
4.915399999999999769e-01
0.000000000000000000e+00
5.869900000000000118e-01
0.000000000000000000e+00
8.169399999999999995e-01
0.000000000000000000e+00
7.072599999999999998e-01
0.000000000000000000e+00
0.000000000000000000e+00
4.713399999999999812e-01
0.000000000000000000e+00
0.000000000000000000e+00
0.000000000000000000e+00
5.877099999999999547e-01
0.000000000000000000e+00
0.000000000000000000e+00
7.025099999999999678e-01
0.000000000000000000e+00
0.000000000000000000e+00
0.000000000000000000e+00
0.000000000000000000e+00
0.000000000000000000e+00
0.000000000000000000e+00
0.000000000000000000e+00
0.000000000000000000e+00
0.000000000000000000e+00
0.000000000000000000e+00
0.000000000000000000e+00
0.000000000000000000e+00
0.000000000000000000e+00
0.000000000000000000e+00
0.000000000000000000e+00
0.000000000000000000e+00
0.000000000000000000e+00
0.000000000000000000e+00
0.000000000000000000e+00
0.000000000000000000e+00
0.000000000000000000e+00
7.104300000000000059e-01
0.000000000000000000e+00
0.000000000000000000e+00
0.000000000000000000e+00
0.000000000000000000e+00
9.064699999999999980e-01
0.000000000000000000e+00
7.261999999999999567e-01
0.000000000000000000e+00
0.000000000000000000e+00
0.000000000000000000e+00
0.000000000000000000e+00
5.086399999999999810e-01
0.000000000000000000e+00
5.826099999999999612e-01
0.000000000000000000e+00
0.000000000000000000e+00
0.000000000000000000e+00
5.098599999999999799e-01
0.000000000000000000e+00
0.000000000000000000e+00
0.000000000000000000e+00
6.397399999999999753e-01
0.000000000000000000e+00
0.000000000000000000e+00
0.000000000000000000e+00
0.000000000000000000e+00
0.000000000000000000e+00
5.535400000000000320e-01
0.000000000000000000e+00
0.000000000000000000e+00
6.055099999999999927e-01
0.000000000000000000e+00
0.000000000000000000e+00
0.000000000000000000e+00
0.000000000000000000e+00
9.149000000000000465e-01
0.000000000000000000e+00
0.000000000000000000e+00
0.000000000000000000e+00
8.602899999999999991e-01
0.000000000000000000e+00
0.000000000000000000e+00
4.901900000000000146e-01
0.000000000000000000e+00
5.506100000000000438e-01
0.000000000000000000e+00
0.000000000000000000e+00
0.000000000000000000e+00
0.000000000000000000e+00
4.456300000000000261e-01
0.000000000000000000e+00
0.000000000000000000e+00
0.000000000000000000e+00
0.000000000000000000e+00
0.000000000000000000e+00
0.000000000000000000e+00
6.939999999999999503e-01
0.000000000000000000e+00
0.000000000000000000e+00
0.000000000000000000e+00
5.635400000000000409e-01
0.000000000000000000e+00
0.000000000000000000e+00
4.737500000000000044e-01
0.000000000000000000e+00
0.000000000000000000e+00
5.344799999999999551e-01
0.000000000000000000e+00
0.000000000000000000e+00
0.000000000000000000e+00
0.000000000000000000e+00
0.000000000000000000e+00
6.154800000000000271e-01
0.000000000000000000e+00
0.000000000000000000e+00
5.744899999999999451e-01
0.000000000000000000e+00
0.000000000000000000e+00
4.971400000000000263e-01
0.000000000000000000e+00
0.000000000000000000e+00
0.000000000000000000e+00
5.617299999999999516e-01
0.000000000000000000e+00
5.095399999999999929e-01
0.000000000000000000e+00
7.623100000000000431e-01
0.000000000000000000e+00
1.002760000000000096e+00
0.000000000000000000e+00
0.000000000000000000e+00
0.000000000000000000e+00
0.000000000000000000e+00
1.009929999999999994e+00
0.000000000000000000e+00
5.348300000000000276e-01
0.000000000000000000e+00
0.000000000000000000e+00
0.000000000000000000e+00
5.304999999999999716e-01
0.000000000000000000e+00
0.000000000000000000e+00
5.054899999999999949e-01
0.000000000000000000e+00
0.000000000000000000e+00
4.835099999999999953e-01
0.000000000000000000e+00
0.000000000000000000e+00
0.000000000000000000e+00
1.368130000000000068e+00
0.000000000000000000e+00
0.000000000000000000e+00
0.000000000000000000e+00
0.000000000000000000e+00
0.000000000000000000e+00
5.613599999999999701e-01
0.000000000000000000e+00
0.000000000000000000e+00
0.000000000000000000e+00
1.181440000000000046e+00
0.000000000000000000e+00
6.286899999999999711e-01
0.000000000000000000e+00
0.000000000000000000e+00
5.279099999999999904e-01
0.000000000000000000e+00
0.000000000000000000e+00
0.000000000000000000e+00
0.000000000000000000e+00
0.000000000000000000e+00
6.235300000000000287e-01
0.000000000000000000e+00
0.000000000000000000e+00
4.657700000000000173e-01
0.000000000000000000e+00
0.000000000000000000e+00
0.000000000000000000e+00
5.298800000000000177e-01
0.000000000000000000e+00
0.000000000000000000e+00
0.000000000000000000e+00
0.000000000000000000e+00
3.810700000000000198e-01
0.000000000000000000e+00
4.675500000000000211e-01
0.000000000000000000e+00
0.000000000000000000e+00
5.591599999999999904e-01
0.000000000000000000e+00
0.000000000000000000e+00
0.000000000000000000e+00
0.000000000000000000e+00
6.857900000000000107e-01
0.000000000000000000e+00
0.000000000000000000e+00
0.000000000000000000e+00
0.000000000000000000e+00
0.000000000000000000e+00
0.000000000000000000e+00
0.000000000000000000e+00
5.309899999999999620e-01
0.000000000000000000e+00
9.950499999999999901e-01
0.000000000000000000e+00
4.846099999999999852e-01
0.000000000000000000e+00
3.715499999999999914e-01
0.000000000000000000e+00
6.910500000000000531e-01
0.000000000000000000e+00
0.000000000000000000e+00
6.450200000000000378e-01
0.000000000000000000e+00
0.000000000000000000e+00
0.000000000000000000e+00
0.000000000000000000e+00
0.000000000000000000e+00
4.898100000000000231e-01
0.000000000000000000e+00
5.916099999999999692e-01
0.000000000000000000e+00
3.511600000000000277e-01
0.000000000000000000e+00
0.000000000000000000e+00
0.000000000000000000e+00
4.540000000000000147e-01
0.000000000000000000e+00
4.519699999999999829e-01
0.000000000000000000e+00
0.000000000000000000e+00
0.000000000000000000e+00
6.606300000000000505e-01
0.000000000000000000e+00
4.656699999999999728e-01
0.000000000000000000e+00
0.000000000000000000e+00
0.000000000000000000e+00
0.000000000000000000e+00
8.969500000000000250e-01
0.000000000000000000e+00
0.000000000000000000e+00
0.000000000000000000e+00
0.000000000000000000e+00
0.000000000000000000e+00
0.000000000000000000e+00
6.015300000000000091e-01
0.000000000000000000e+00
0.000000000000000000e+00
0.000000000000000000e+00
6.013500000000000512e-01
0.000000000000000000e+00
0.000000000000000000e+00
7.190900000000000070e-01
0.000000000000000000e+00
0.000000000000000000e+00
0.000000000000000000e+00
5.921499999999999542e-01
0.000000000000000000e+00
0.000000000000000000e+00
5.860199999999999854e-01
0.000000000000000000e+00
0.000000000000000000e+00
0.000000000000000000e+00
0.000000000000000000e+00
0.000000000000000000e+00
5.917400000000000437e-01
0.000000000000000000e+00
4.937500000000000222e-01
0.000000000000000000e+00
0.000000000000000000e+00
4.767600000000000171e-01
0.000000000000000000e+00
0.000000000000000000e+00
0.000000000000000000e+00
0.000000000000000000e+00
9.360699999999999577e-01
0.000000000000000000e+00
0.000000000000000000e+00
0.000000000000000000e+00
0.000000000000000000e+00
1.195729999999999960e+00
0.000000000000000000e+00
0.000000000000000000e+00
5.931899999999999951e-01
0.000000000000000000e+00
5.093900000000000095e-01
0.000000000000000000e+00
7.518399999999999528e-01
0.000000000000000000e+00
4.709200000000000053e-01
0.000000000000000000e+00
3.997999999999999887e-01
0.000000000000000000e+00
0.000000000000000000e+00
9.330600000000000005e-01
0.000000000000000000e+00
0.000000000000000000e+00
5.050700000000000189e-01
0.000000000000000000e+00
0.000000000000000000e+00
6.739100000000000090e-01
0.000000000000000000e+00
0.000000000000000000e+00
4.848299999999999832e-01
0.000000000000000000e+00
0.000000000000000000e+00
0.000000000000000000e+00
4.246400000000000174e-01
0.000000000000000000e+00
6.226699999999999458e-01
0.000000000000000000e+00
0.000000000000000000e+00
6.777100000000000346e-01
0.000000000000000000e+00
0.000000000000000000e+00
7.612200000000000077e-01
0.000000000000000000e+00
0.000000000000000000e+00
0.000000000000000000e+00
0.000000000000000000e+00
8.499299999999999633e-01
0.000000000000000000e+00
0.000000000000000000e+00
0.000000000000000000e+00
0.000000000000000000e+00
0.000000000000000000e+00
0.000000000000000000e+00
0.000000000000000000e+00
0.000000000000000000e+00
0.000000000000000000e+00
0.000000000000000000e+00
0.000000000000000000e+00
0.000000000000000000e+00
0.000000000000000000e+00
0.000000000000000000e+00
0.000000000000000000e+00
0.000000000000000000e+00
0.000000000000000000e+00
0.000000000000000000e+00
0.000000000000000000e+00
0.000000000000000000e+00
0.000000000000000000e+00
0.000000000000000000e+00
0.000000000000000000e+00
5.820300000000000473e-01
0.000000000000000000e+00
0.000000000000000000e+00
7.688399999999999679e-01
0.000000000000000000e+00
0.000000000000000000e+00
5.177000000000000490e-01
0.000000000000000000e+00
0.000000000000000000e+00
0.000000000000000000e+00
5.833000000000000407e-01
0.000000000000000000e+00
0.000000000000000000e+00
0.000000000000000000e+00
0.000000000000000000e+00
6.905999999999999917e-01
0.000000000000000000e+00
0.000000000000000000e+00
4.975100000000000078e-01
0.000000000000000000e+00
0.000000000000000000e+00
0.000000000000000000e+00
5.447100000000000275e-01
0.000000000000000000e+00
0.000000000000000000e+00
0.000000000000000000e+00
5.063499999999999668e-01
0.000000000000000000e+00
0.000000000000000000e+00
4.952599999999999780e-01
0.000000000000000000e+00
5.699400000000000022e-01
0.000000000000000000e+00
5.608400000000000052e-01
0.000000000000000000e+00
0.000000000000000000e+00
0.000000000000000000e+00
4.567599999999999993e-01
0.000000000000000000e+00
6.582400000000000473e-01
0.000000000000000000e+00
0.000000000000000000e+00
0.000000000000000000e+00
0.000000000000000000e+00
7.850399999999999601e-01
0.000000000000000000e+00
0.000000000000000000e+00
0.000000000000000000e+00
0.000000000000000000e+00
6.141199999999999992e-01
0.000000000000000000e+00
0.000000000000000000e+00
9.693300000000000249e-01
0.000000000000000000e+00
1.322400000000000020e+00
0.000000000000000000e+00
6.275300000000000322e-01
0.000000000000000000e+00
0.000000000000000000e+00
0.000000000000000000e+00
0.000000000000000000e+00
1.343020000000000103e+00
0.000000000000000000e+00
0.000000000000000000e+00
1.550689999999999902e+00
0.000000000000000000e+00
0.000000000000000000e+00
1.206800000000000095e+00
0.000000000000000000e+00
0.000000000000000000e+00
9.797900000000000498e-01
0.000000000000000000e+00
0.000000000000000000e+00
9.368100000000000316e-01
0.000000000000000000e+00
0.000000000000000000e+00
1.064529999999999976e+00
0.000000000000000000e+00
0.000000000000000000e+00
0.000000000000000000e+00
0.000000000000000000e+00
0.000000000000000000e+00
0.000000000000000000e+00
5.692800000000000082e-01
0.000000000000000000e+00
0.000000000000000000e+00
0.000000000000000000e+00
0.000000000000000000e+00
1.096179999999999932e+00
0.000000000000000000e+00
0.000000000000000000e+00
0.000000000000000000e+00
4.999100000000000210e-01
0.000000000000000000e+00
0.000000000000000000e+00
5.759100000000000330e-01
0.000000000000000000e+00
6.612099999999999644e-01
0.000000000000000000e+00
0.000000000000000000e+00
6.566100000000000270e-01
0.000000000000000000e+00
0.000000000000000000e+00
1.175030000000000019e+00
0.000000000000000000e+00
0.000000000000000000e+00
0.000000000000000000e+00
0.000000000000000000e+00
0.000000000000000000e+00
5.797700000000000076e-01
0.000000000000000000e+00
6.549800000000000066e-01
0.000000000000000000e+00
4.712500000000000022e-01
0.000000000000000000e+00
5.679899999999999949e-01
0.000000000000000000e+00
0.000000000000000000e+00
5.445999999999999730e-01
0.000000000000000000e+00
0.000000000000000000e+00
4.714099999999999957e-01
0.000000000000000000e+00
0.000000000000000000e+00
4.304899999999999838e-01
0.000000000000000000e+00
0.000000000000000000e+00
0.000000000000000000e+00
0.000000000000000000e+00
6.885799999999999699e-01
0.000000000000000000e+00
0.000000000000000000e+00
0.000000000000000000e+00
6.113300000000000400e-01
0.000000000000000000e+00
5.642899999999999583e-01
0.000000000000000000e+00
0.000000000000000000e+00
0.000000000000000000e+00
5.394200000000000106e-01
0.000000000000000000e+00
5.643899999999999473e-01
0.000000000000000000e+00
0.000000000000000000e+00
0.000000000000000000e+00
5.077599999999999891e-01
0.000000000000000000e+00
6.269700000000000273e-01
0.000000000000000000e+00
0.000000000000000000e+00
0.000000000000000000e+00
0.000000000000000000e+00
0.000000000000000000e+00
5.759400000000000075e-01
0.000000000000000000e+00
5.303900000000000281e-01
0.000000000000000000e+00
0.000000000000000000e+00
0.000000000000000000e+00
5.649999999999999467e-01
0.000000000000000000e+00
6.551399999999999446e-01
0.000000000000000000e+00
0.000000000000000000e+00
0.000000000000000000e+00
0.000000000000000000e+00
0.000000000000000000e+00
0.000000000000000000e+00
6.976499999999999924e-01
0.000000000000000000e+00
0.000000000000000000e+00
0.000000000000000000e+00
5.781100000000000128e-01
0.000000000000000000e+00
0.000000000000000000e+00
0.000000000000000000e+00
5.920800000000000507e-01
0.000000000000000000e+00
0.000000000000000000e+00
7.707000000000000517e-01
0.000000000000000000e+00
0.000000000000000000e+00
5.589600000000000124e-01
0.000000000000000000e+00
5.867499999999999938e-01
0.000000000000000000e+00
0.000000000000000000e+00
4.467599999999999905e-01
0.000000000000000000e+00
0.000000000000000000e+00
0.000000000000000000e+00
0.000000000000000000e+00
5.960400000000000142e-01
0.000000000000000000e+00
5.865500000000000158e-01
0.000000000000000000e+00
0.000000000000000000e+00
0.000000000000000000e+00
0.000000000000000000e+00
5.617499999999999716e-01
0.000000000000000000e+00
0.000000000000000000e+00
0.000000000000000000e+00
5.837999999999999856e-01
0.000000000000000000e+00
8.700599999999999445e-01
0.000000000000000000e+00
0.000000000000000000e+00
0.000000000000000000e+00
0.000000000000000000e+00
4.865200000000000080e-01
0.000000000000000000e+00
0.000000000000000000e+00
0.000000000000000000e+00
0.000000000000000000e+00
0.000000000000000000e+00
8.906500000000000528e-01
0.000000000000000000e+00
0.000000000000000000e+00
0.000000000000000000e+00
0.000000000000000000e+00
4.507499999999999840e-01
0.000000000000000000e+00
0.000000000000000000e+00
6.113100000000000200e-01
0.000000000000000000e+00
6.616900000000000004e-01
0.000000000000000000e+00
0.000000000000000000e+00
5.227300000000000280e-01
0.000000000000000000e+00
0.000000000000000000e+00
6.127000000000000224e-01
0.000000000000000000e+00
0.000000000000000000e+00
0.000000000000000000e+00
0.000000000000000000e+00
5.290700000000000403e-01
0.000000000000000000e+00
9.381699999999999484e-01
0.000000000000000000e+00
0.000000000000000000e+00
5.074400000000000022e-01
0.000000000000000000e+00
0.000000000000000000e+00
5.043499999999999650e-01
0.000000000000000000e+00
0.000000000000000000e+00
0.000000000000000000e+00
5.334299999999999597e-01
0.000000000000000000e+00
4.947599999999999776e-01
0.000000000000000000e+00
0.000000000000000000e+00
4.908799999999999830e-01
0.000000000000000000e+00
8.872799999999999576e-01
0.000000000000000000e+00
4.742399999999999949e-01
0.000000000000000000e+00
5.026000000000000467e-01
0.000000000000000000e+00
0.000000000000000000e+00
0.000000000000000000e+00
0.000000000000000000e+00
4.770800000000000041e-01
0.000000000000000000e+00
0.000000000000000000e+00
8.277700000000000058e-01
0.000000000000000000e+00
0.000000000000000000e+00
0.000000000000000000e+00
0.000000000000000000e+00
0.000000000000000000e+00
0.000000000000000000e+00
0.000000000000000000e+00
0.000000000000000000e+00
0.000000000000000000e+00
0.000000000000000000e+00
0.000000000000000000e+00
0.000000000000000000e+00
0.000000000000000000e+00
