0.000000000000000000e+00
0.000000000000000000e+00
0.000000000000000000e+00
0.000000000000000000e+00
0.000000000000000000e+00
0.000000000000000000e+00
0.000000000000000000e+00
0.000000000000000000e+00
0.000000000000000000e+00
0.000000000000000000e+00
8.171000000000000485e-01
0.000000000000000000e+00
7.447599999999999776e-01
0.000000000000000000e+00
0.000000000000000000e+00
1.017919999999999936e+00
0.000000000000000000e+00
0.000000000000000000e+00
6.452799999999999647e-01
0.000000000000000000e+00
6.168000000000000149e-01
0.000000000000000000e+00
0.000000000000000000e+00
0.000000000000000000e+00
5.715099999999999625e-01
0.000000000000000000e+00
0.000000000000000000e+00
0.000000000000000000e+00
6.564900000000000180e-01
0.000000000000000000e+00
0.000000000000000000e+00
5.179399999999999560e-01
0.000000000000000000e+00
0.000000000000000000e+00
0.000000000000000000e+00
5.928600000000000536e-01
0.000000000000000000e+00
6.694499999999999895e-01
0.000000000000000000e+00
0.000000000000000000e+00
5.933500000000000441e-01
0.000000000000000000e+00
6.348799999999999999e-01
0.000000000000000000e+00
9.715500000000000247e-01
0.000000000000000000e+00
0.000000000000000000e+00
0.000000000000000000e+00
0.000000000000000000e+00
5.473000000000000087e-01
0.000000000000000000e+00
0.000000000000000000e+00
0.000000000000000000e+00
5.763700000000000490e-01
0.000000000000000000e+00
7.187200000000000255e-01
0.000000000000000000e+00
0.000000000000000000e+00
5.882699999999999596e-01
0.000000000000000000e+00
0.000000000000000000e+00
0.000000000000000000e+00
5.791500000000000536e-01
0.000000000000000000e+00
0.000000000000000000e+00
0.000000000000000000e+00
5.623599999999999710e-01
0.000000000000000000e+00
0.000000000000000000e+00
0.000000000000000000e+00
0.000000000000000000e+00
0.000000000000000000e+00
0.000000000000000000e+00
5.840899999999999981e-01
0.000000000000000000e+00
0.000000000000000000e+00
0.000000000000000000e+00
6.203400000000000025e-01
0.000000000000000000e+00
0.000000000000000000e+00
0.000000000000000000e+00
5.463400000000000478e-01
0.000000000000000000e+00
0.000000000000000000e+00
5.570000000000000506e-01
0.000000000000000000e+00
7.402400000000000091e-01
0.000000000000000000e+00
0.000000000000000000e+00
0.000000000000000000e+00
8.979000000000000314e-01
0.000000000000000000e+00
0.000000000000000000e+00
0.000000000000000000e+00
0.000000000000000000e+00
5.532799999999999940e-01
0.000000000000000000e+00
0.000000000000000000e+00
0.000000000000000000e+00
0.000000000000000000e+00
0.000000000000000000e+00
9.958099999999999730e-01
0.000000000000000000e+00
0.000000000000000000e+00
0.000000000000000000e+00
0.000000000000000000e+00
6.301799999999999624e-01
0.000000000000000000e+00
0.000000000000000000e+00
0.000000000000000000e+00
0.000000000000000000e+00
7.490900000000000336e-01
0.000000000000000000e+00
6.687400000000000011e-01
0.000000000000000000e+00
5.861600000000000144e-01
0.000000000000000000e+00
0.000000000000000000e+00
0.000000000000000000e+00
5.663000000000000256e-01
0.000000000000000000e+00
0.000000000000000000e+00
7.314500000000000446e-01
0.000000000000000000e+00
0.000000000000000000e+00
0.000000000000000000e+00
5.355199999999999960e-01
0.000000000000000000e+00
0.000000000000000000e+00
4.859700000000000131e-01
0.000000000000000000e+00
0.000000000000000000e+00
0.000000000000000000e+00
7.154800000000000049e-01
0.000000000000000000e+00
0.000000000000000000e+00
5.044199999999999795e-01
0.000000000000000000e+00
0.000000000000000000e+00
0.000000000000000000e+00
1.117879999999999985e+00
0.000000000000000000e+00
0.000000000000000000e+00
0.000000000000000000e+00
0.000000000000000000e+00
5.892100000000000115e-01
0.000000000000000000e+00
0.000000000000000000e+00
0.000000000000000000e+00
6.254199999999999759e-01
0.000000000000000000e+00
0.000000000000000000e+00
0.000000000000000000e+00
6.349099999999999744e-01
0.000000000000000000e+00
0.000000000000000000e+00
0.000000000000000000e+00
0.000000000000000000e+00
6.368000000000000327e-01
0.000000000000000000e+00
0.000000000000000000e+00
6.088299999999999823e-01
0.000000000000000000e+00
0.000000000000000000e+00
0.000000000000000000e+00
0.000000000000000000e+00
5.587600000000000344e-01
0.000000000000000000e+00
0.000000000000000000e+00
0.000000000000000000e+00
7.280699999999999950e-01
0.000000000000000000e+00
9.895199999999999552e-01
0.000000000000000000e+00
0.000000000000000000e+00
0.000000000000000000e+00
1.182099999999999929e+00
0.000000000000000000e+00
0.000000000000000000e+00
7.103800000000000114e-01
0.000000000000000000e+00
0.000000000000000000e+00
8.033900000000000485e-01
0.000000000000000000e+00
0.000000000000000000e+00
5.663000000000000256e-01
0.000000000000000000e+00
0.000000000000000000e+00
0.000000000000000000e+00
6.293400000000000105e-01
0.000000000000000000e+00
0.000000000000000000e+00
0.000000000000000000e+00
6.163300000000000445e-01
0.000000000000000000e+00
0.000000000000000000e+00
0.000000000000000000e+00
0.000000000000000000e+00
7.950000000000000400e-01
0.000000000000000000e+00
6.651099999999999790e-01
0.000000000000000000e+00
0.000000000000000000e+00
8.386900000000000466e-01
0.000000000000000000e+00
7.312800000000000411e-01
0.000000000000000000e+00
0.000000000000000000e+00
0.000000000000000000e+00
0.000000000000000000e+00
0.000000000000000000e+00
0.000000000000000000e+00
5.443799999999999750e-01
0.000000000000000000e+00
0.000000000000000000e+00
0.000000000000000000e+00
0.000000000000000000e+00
7.958100000000000174e-01
0.000000000000000000e+00
0.000000000000000000e+00
0.000000000000000000e+00
0.000000000000000000e+00
5.229000000000000314e-01
0.000000000000000000e+00
0.000000000000000000e+00
0.000000000000000000e+00
5.943599999999999994e-01
0.000000000000000000e+00
0.000000000000000000e+00
6.872099999999999875e-01
0.000000000000000000e+00
5.277100000000000124e-01
0.000000000000000000e+00
0.000000000000000000e+00
0.000000000000000000e+00
0.000000000000000000e+00
0.000000000000000000e+00
0.000000000000000000e+00
0.000000000000000000e+00
5.478800000000000336e-01
0.000000000000000000e+00
0.000000000000000000e+00
6.556600000000000206e-01
0.000000000000000000e+00
0.000000000000000000e+00
5.280500000000000194e-01
0.000000000000000000e+00
0.000000000000000000e+00
6.123600000000000154e-01
0.000000000000000000e+00
1.047639999999999905e+00
0.000000000000000000e+00
0.000000000000000000e+00
0.000000000000000000e+00
6.392700000000000049e-01
0.000000000000000000e+00
0.000000000000000000e+00
0.000000000000000000e+00
0.000000000000000000e+00
6.663200000000000234e-01
0.000000000000000000e+00
0.000000000000000000e+00
0.000000000000000000e+00
5.543299999999999894e-01
0.000000000000000000e+00
0.000000000000000000e+00
8.756199999999999539e-01
0.000000000000000000e+00
0.000000000000000000e+00
7.098299999999999610e-01
0.000000000000000000e+00
0.000000000000000000e+00
7.027900000000000258e-01
0.000000000000000000e+00
0.000000000000000000e+00
0.000000000000000000e+00
0.000000000000000000e+00
5.173999999999999710e-01
0.000000000000000000e+00
0.000000000000000000e+00
7.439099999999999602e-01
0.000000000000000000e+00
0.000000000000000000e+00
0.000000000000000000e+00
5.579100000000000170e-01
0.000000000000000000e+00
0.000000000000000000e+00
5.873099999999999987e-01
0.000000000000000000e+00
0.000000000000000000e+00
0.000000000000000000e+00
0.000000000000000000e+00
5.564999999999999947e-01
0.000000000000000000e+00
0.000000000000000000e+00
0.000000000000000000e+00
0.000000000000000000e+00
0.000000000000000000e+00
6.169099999999999584e-01
0.000000000000000000e+00
5.767900000000000249e-01
0.000000000000000000e+00
0.000000000000000000e+00
0.000000000000000000e+00
0.000000000000000000e+00
0.000000000000000000e+00
0.000000000000000000e+00
0.000000000000000000e+00
0.000000000000000000e+00
0.000000000000000000e+00
0.000000000000000000e+00
0.000000000000000000e+00
0.000000000000000000e+00
0.000000000000000000e+00
0.000000000000000000e+00
0.000000000000000000e+00
0.000000000000000000e+00
0.000000000000000000e+00
0.000000000000000000e+00
0.000000000000000000e+00
0.000000000000000000e+00
0.000000000000000000e+00
0.000000000000000000e+00
0.000000000000000000e+00
0.000000000000000000e+00
0.000000000000000000e+00
0.000000000000000000e+00
7.038499999999999757e-01
0.000000000000000000e+00
0.000000000000000000e+00
5.835000000000000187e-01
0.000000000000000000e+00
6.500200000000000422e-01
0.000000000000000000e+00
0.000000000000000000e+00
0.000000000000000000e+00
0.000000000000000000e+00
5.595799999999999663e-01
0.000000000000000000e+00
6.290299999999999780e-01
0.000000000000000000e+00
0.000000000000000000e+00
6.078200000000000269e-01
0.000000000000000000e+00
0.000000000000000000e+00
0.000000000000000000e+00
5.829100000000000392e-01
0.000000000000000000e+00
0.000000000000000000e+00
6.456199999999999717e-01
0.000000000000000000e+00
0.000000000000000000e+00
0.000000000000000000e+00
8.248199999999999976e-01
0.000000000000000000e+00
7.573900000000000077e-01
0.000000000000000000e+00
0.000000000000000000e+00
0.000000000000000000e+00
5.894500000000000295e-01
0.000000000000000000e+00
5.148800000000000043e-01
0.000000000000000000e+00
5.450000000000000400e-01
0.000000000000000000e+00
0.000000000000000000e+00
0.000000000000000000e+00
0.000000000000000000e+00
5.626799999999999580e-01
0.000000000000000000e+00
0.000000000000000000e+00
0.000000000000000000e+00
0.000000000000000000e+00
1.110870000000000024e+00
0.000000000000000000e+00
6.347000000000000419e-01
0.000000000000000000e+00
9.213299999999999823e-01
0.000000000000000000e+00
9.141799999999999926e-01
0.000000000000000000e+00
0.000000000000000000e+00
0.000000000000000000e+00
7.894299999999999651e-01
0.000000000000000000e+00
7.123599999999999932e-01
0.000000000000000000e+00
0.000000000000000000e+00
0.000000000000000000e+00
5.901800000000000379e-01
0.000000000000000000e+00
0.000000000000000000e+00
6.423799999999999510e-01
0.000000000000000000e+00
6.238399999999999501e-01
0.000000000000000000e+00
0.000000000000000000e+00
9.547900000000000276e-01
0.000000000000000000e+00
0.000000000000000000e+00
7.115200000000000413e-01
0.000000000000000000e+00
0.000000000000000000e+00
6.218399999999999483e-01
0.000000000000000000e+00
0.000000000000000000e+00
0.000000000000000000e+00
0.000000000000000000e+00
0.000000000000000000e+00
0.000000000000000000e+00
7.147499999999999964e-01
0.000000000000000000e+00
0.000000000000000000e+00
5.645299999999999763e-01
0.000000000000000000e+00
1.064710000000000045e+00
0.000000000000000000e+00
6.000299999999999523e-01
0.000000000000000000e+00
6.533900000000000263e-01
0.000000000000000000e+00
0.000000000000000000e+00
0.000000000000000000e+00
0.000000000000000000e+00
5.560599999999999987e-01
0.000000000000000000e+00
0.000000000000000000e+00
1.062370000000000037e+00
0.000000000000000000e+00
0.000000000000000000e+00
5.686499999999999888e-01
0.000000000000000000e+00
0.000000000000000000e+00
0.000000000000000000e+00
0.000000000000000000e+00
0.000000000000000000e+00
5.793599999999999861e-01
0.000000000000000000e+00
6.497000000000000552e-01
0.000000000000000000e+00
9.968900000000000539e-01
0.000000000000000000e+00
5.526299999999999546e-01
0.000000000000000000e+00
7.535800000000000276e-01
0.000000000000000000e+00
0.000000000000000000e+00
7.292800000000000393e-01
0.000000000000000000e+00
0.000000000000000000e+00
0.000000000000000000e+00
1.360370000000000079e+00
0.000000000000000000e+00
0.000000000000000000e+00
0.000000000000000000e+00
0.000000000000000000e+00
6.016099999999999781e-01
0.000000000000000000e+00
0.000000000000000000e+00
5.425699999999999967e-01
0.000000000000000000e+00
0.000000000000000000e+00
0.000000000000000000e+00
6.553299999999999681e-01
0.000000000000000000e+00
0.000000000000000000e+00
0.000000000000000000e+00
0.000000000000000000e+00
0.000000000000000000e+00
5.461399999999999588e-01
0.000000000000000000e+00
5.893300000000000205e-01
0.000000000000000000e+00
0.000000000000000000e+00
0.000000000000000000e+00
5.563399999999999457e-01
0.000000000000000000e+00
0.000000000000000000e+00
5.283200000000000118e-01
0.000000000000000000e+00
7.205099999999999838e-01
0.000000000000000000e+00
0.000000000000000000e+00
6.697199999999999820e-01
0.000000000000000000e+00
0.000000000000000000e+00
8.794499999999999540e-01
0.000000000000000000e+00
9.129899999999999682e-01
0.000000000000000000e+00
0.000000000000000000e+00
0.000000000000000000e+00
5.900600000000000289e-01
0.000000000000000000e+00
0.000000000000000000e+00
0.000000000000000000e+00
5.778299999999999548e-01
0.000000000000000000e+00
0.000000000000000000e+00
0.000000000000000000e+00
5.466900000000000093e-01
0.000000000000000000e+00
0.000000000000000000e+00
0.000000000000000000e+00
0.000000000000000000e+00
0.000000000000000000e+00
5.805399999999999450e-01
0.000000000000000000e+00
6.069200000000000150e-01
0.000000000000000000e+00
8.558000000000000052e-01
0.000000000000000000e+00
7.598599999999999799e-01
0.000000000000000000e+00
0.000000000000000000e+00
0.000000000000000000e+00
0.000000000000000000e+00
0.000000000000000000e+00
0.000000000000000000e+00
6.328399999999999581e-01
0.000000000000000000e+00
0.000000000000000000e+00
0.000000000000000000e+00
5.689999999999999503e-01
0.000000000000000000e+00
0.000000000000000000e+00
5.246199999999999752e-01
0.000000000000000000e+00
6.010499999999999732e-01
0.000000000000000000e+00
0.000000000000000000e+00
0.000000000000000000e+00
0.000000000000000000e+00
6.749100000000000099e-01
0.000000000000000000e+00
0.000000000000000000e+00
0.000000000000000000e+00
5.953500000000000458e-01
0.000000000000000000e+00
6.447800000000000198e-01
0.000000000000000000e+00
0.000000000000000000e+00
5.732599999999999918e-01
0.000000000000000000e+00
0.000000000000000000e+00
1.102360000000000007e+00
0.000000000000000000e+00
6.357000000000000428e-01
0.000000000000000000e+00
0.000000000000000000e+00
0.000000000000000000e+00
0.000000000000000000e+00
5.353200000000000180e-01
0.000000000000000000e+00
0.000000000000000000e+00
0.000000000000000000e+00
0.000000000000000000e+00
5.010900000000000354e-01
0.000000000000000000e+00
8.066900000000000182e-01
0.000000000000000000e+00
0.000000000000000000e+00
0.000000000000000000e+00
0.000000000000000000e+00
4.541700000000000181e-01
0.000000000000000000e+00
0.000000000000000000e+00
8.096100000000000518e-01
0.000000000000000000e+00
0.000000000000000000e+00
0.000000000000000000e+00
4.704400000000000248e-01
0.000000000000000000e+00
0.000000000000000000e+00
5.173600000000000421e-01
0.000000000000000000e+00
0.000000000000000000e+00
5.025199999999999667e-01
0.000000000000000000e+00
0.000000000000000000e+00
5.323299999999999699e-01
0.000000000000000000e+00
0.000000000000000000e+00
0.000000000000000000e+00
5.865599999999999703e-01
0.000000000000000000e+00
0.000000000000000000e+00
0.000000000000000000e+00
0.000000000000000000e+00
8.789900000000000491e-01
0.000000000000000000e+00
0.000000000000000000e+00
0.000000000000000000e+00
0.000000000000000000e+00
0.000000000000000000e+00
0.000000000000000000e+00
0.000000000000000000e+00
0.000000000000000000e+00
0.000000000000000000e+00
0.000000000000000000e+00
0.000000000000000000e+00
0.000000000000000000e+00
0.000000000000000000e+00
0.000000000000000000e+00
0.000000000000000000e+00
0.000000000000000000e+00
0.000000000000000000e+00
0.000000000000000000e+00
0.000000000000000000e+00
0.000000000000000000e+00
0.000000000000000000e+00
0.000000000000000000e+00
0.000000000000000000e+00
0.000000000000000000e+00
6.339700000000000335e-01
0.000000000000000000e+00
0.000000000000000000e+00
0.000000000000000000e+00
6.925299999999999789e-01
0.000000000000000000e+00
0.000000000000000000e+00
0.000000000000000000e+00
5.118899999999999562e-01
0.000000000000000000e+00
0.000000000000000000e+00
0.000000000000000000e+00
0.000000000000000000e+00
4.816400000000000126e-01
0.000000000000000000e+00
0.000000000000000000e+00
0.000000000000000000e+00
0.000000000000000000e+00
5.609699999999999687e-01
0.000000000000000000e+00
0.000000000000000000e+00
5.198199999999999488e-01
0.000000000000000000e+00
0.000000000000000000e+00
4.689599999999999880e-01
0.000000000000000000e+00
0.000000000000000000e+00
0.000000000000000000e+00
0.000000000000000000e+00
0.000000000000000000e+00
0.000000000000000000e+00
5.901499999999999524e-01
0.000000000000000000e+00
6.106099999999999861e-01
0.000000000000000000e+00
0.000000000000000000e+00
5.529300000000000326e-01
0.000000000000000000e+00
0.000000000000000000e+00
5.210599999999999676e-01
0.000000000000000000e+00
0.000000000000000000e+00
5.367699999999999694e-01
0.000000000000000000e+00
0.000000000000000000e+00
0.000000000000000000e+00
7.231600000000000250e-01
0.000000000000000000e+00
0.000000000000000000e+00
0.000000000000000000e+00
0.000000000000000000e+00
6.179099999999999593e-01
0.000000000000000000e+00
0.000000000000000000e+00
5.497100000000000319e-01
0.000000000000000000e+00
8.118499999999999606e-01
0.000000000000000000e+00
0.000000000000000000e+00
0.000000000000000000e+00
5.522299999999999986e-01
0.000000000000000000e+00
0.000000000000000000e+00
5.487600000000000255e-01
0.000000000000000000e+00
5.613099999999999756e-01
0.000000000000000000e+00
4.887699999999999823e-01
0.000000000000000000e+00
0.000000000000000000e+00
5.209599999999999786e-01
0.000000000000000000e+00
0.000000000000000000e+00
0.000000000000000000e+00
0.000000000000000000e+00
5.656999999999999806e-01
0.000000000000000000e+00
0.000000000000000000e+00
5.522599999999999731e-01
0.000000000000000000e+00
0.000000000000000000e+00
0.000000000000000000e+00
0.000000000000000000e+00
5.678100000000000369e-01
0.000000000000000000e+00
0.000000000000000000e+00
0.000000000000000000e+00
5.136199999999999655e-01
0.000000000000000000e+00
0.000000000000000000e+00
0.000000000000000000e+00
6.263600000000000279e-01
0.000000000000000000e+00
6.082999999999999519e-01
0.000000000000000000e+00
0.000000000000000000e+00
0.000000000000000000e+00
0.000000000000000000e+00
6.800199999999999578e-01
0.000000000000000000e+00
5.672700000000000520e-01
0.000000000000000000e+00
0.000000000000000000e+00
0.000000000000000000e+00
0.000000000000000000e+00
0.000000000000000000e+00
5.428500000000000547e-01
0.000000000000000000e+00
0.000000000000000000e+00
0.000000000000000000e+00
6.598100000000000076e-01
0.000000000000000000e+00
6.325300000000000367e-01
0.000000000000000000e+00
0.000000000000000000e+00
9.296499999999999764e-01
0.000000000000000000e+00
7.196900000000000519e-01
0.000000000000000000e+00
5.824099999999999833e-01
0.000000000000000000e+00
0.000000000000000000e+00
5.466699999999999893e-01
0.000000000000000000e+00
0.000000000000000000e+00
0.000000000000000000e+00
0.000000000000000000e+00
5.150599999999999623e-01
0.000000000000000000e+00
5.650500000000000522e-01
0.000000000000000000e+00
0.000000000000000000e+00
0.000000000000000000e+00
5.430500000000000327e-01
0.000000000000000000e+00
0.000000000000000000e+00
0.000000000000000000e+00
0.000000000000000000e+00
4.708999999999999853e-01
0.000000000000000000e+00
0.000000000000000000e+00
5.547999999999999599e-01
0.000000000000000000e+00
0.000000000000000000e+00
9.021799999999999820e-01
0.000000000000000000e+00
0.000000000000000000e+00
0.000000000000000000e+00
0.000000000000000000e+00
5.944800000000000084e-01
0.000000000000000000e+00
0.000000000000000000e+00
0.000000000000000000e+00
4.885399999999999743e-01
0.000000000000000000e+00
0.000000000000000000e+00
0.000000000000000000e+00
0.000000000000000000e+00
4.924399999999999888e-01
0.000000000000000000e+00
0.000000000000000000e+00
0.000000000000000000e+00
0.000000000000000000e+00
5.027099999999999902e-01
0.000000000000000000e+00
5.213299999999999601e-01
0.000000000000000000e+00
0.000000000000000000e+00
0.000000000000000000e+00
1.054810000000000025e+00
0.000000000000000000e+00
0.000000000000000000e+00
0.000000000000000000e+00
5.605299999999999727e-01
0.000000000000000000e+00
0.000000000000000000e+00
0.000000000000000000e+00
0.000000000000000000e+00
5.834399999999999586e-01
0.000000000000000000e+00
6.177899999999999503e-01
0.000000000000000000e+00
0.000000000000000000e+00
5.386300000000000532e-01
0.000000000000000000e+00
0.000000000000000000e+00
0.000000000000000000e+00
7.486000000000000432e-01
0.000000000000000000e+00
0.000000000000000000e+00
0.000000000000000000e+00
0.000000000000000000e+00
0.000000000000000000e+00
5.705200000000000271e-01
0.000000000000000000e+00
0.000000000000000000e+00
0.000000000000000000e+00
0.000000000000000000e+00
5.817099999999999493e-01
0.000000000000000000e+00
0.000000000000000000e+00
5.815000000000000169e-01
0.000000000000000000e+00
0.000000000000000000e+00
0.000000000000000000e+00
6.616999999999999549e-01
0.000000000000000000e+00
8.539099999999999469e-01
0.000000000000000000e+00
5.955000000000000293e-01
0.000000000000000000e+00
0.000000000000000000e+00
0.000000000000000000e+00
5.538199999999999790e-01
0.000000000000000000e+00
0.000000000000000000e+00
5.773000000000000353e-01
0.000000000000000000e+00
0.000000000000000000e+00
0.000000000000000000e+00
5.007599999999999829e-01
0.000000000000000000e+00
0.000000000000000000e+00
0.000000000000000000e+00
7.337500000000000133e-01
0.000000000000000000e+00
6.488800000000000123e-01
0.000000000000000000e+00
5.999999999999999778e-01
0.000000000000000000e+00
7.276500000000000190e-01
0.000000000000000000e+00
0.000000000000000000e+00
1.105290000000000106e+00
0.000000000000000000e+00
0.000000000000000000e+00
6.595400000000000151e-01
0.000000000000000000e+00
0.000000000000000000e+00
0.000000000000000000e+00
0.000000000000000000e+00
5.823199999999999488e-01
0.000000000000000000e+00
0.000000000000000000e+00
0.000000000000000000e+00
6.501400000000000512e-01
0.000000000000000000e+00
0.000000000000000000e+00
5.833599999999999897e-01
0.000000000000000000e+00
6.348300000000000054e-01
0.000000000000000000e+00
0.000000000000000000e+00
0.000000000000000000e+00
0.000000000000000000e+00
5.506400000000000183e-01
0.000000000000000000e+00
0.000000000000000000e+00
9.089099999999999957e-01
0.000000000000000000e+00
0.000000000000000000e+00
0.000000000000000000e+00
5.565700000000000092e-01
0.000000000000000000e+00
0.000000000000000000e+00
6.184399999999999897e-01
0.000000000000000000e+00
0.000000000000000000e+00
4.768000000000000016e-01
0.000000000000000000e+00
0.000000000000000000e+00
0.000000000000000000e+00
6.583799999999999653e-01
0.000000000000000000e+00
0.000000000000000000e+00
5.450099999999999945e-01
0.000000000000000000e+00
0.000000000000000000e+00
0.000000000000000000e+00
6.025500000000000300e-01
0.000000000000000000e+00
0.000000000000000000e+00
0.000000000000000000e+00
0.000000000000000000e+00
0.000000000000000000e+00
0.000000000000000000e+00
0.000000000000000000e+00
0.000000000000000000e+00
0.000000000000000000e+00
0.000000000000000000e+00
0.000000000000000000e+00
0.000000000000000000e+00
0.000000000000000000e+00
0.000000000000000000e+00
0.000000000000000000e+00
0.000000000000000000e+00
0.000000000000000000e+00
0.000000000000000000e+00
0.000000000000000000e+00
0.000000000000000000e+00
0.000000000000000000e+00
5.612899999999999556e-01
0.000000000000000000e+00
0.000000000000000000e+00
0.000000000000000000e+00
4.546299999999999786e-01
0.000000000000000000e+00
5.999799999999999578e-01
0.000000000000000000e+00
0.000000000000000000e+00
4.506200000000000205e-01
0.000000000000000000e+00
0.000000000000000000e+00
0.000000000000000000e+00
5.606700000000000017e-01
0.000000000000000000e+00
0.000000000000000000e+00
5.544499999999999984e-01
0.000000000000000000e+00
0.000000000000000000e+00
5.785000000000000142e-01
0.000000000000000000e+00
0.000000000000000000e+00
5.150900000000000478e-01
0.000000000000000000e+00
0.000000000000000000e+00
0.000000000000000000e+00
5.624200000000000310e-01
0.000000000000000000e+00
0.000000000000000000e+00
5.812300000000000244e-01
0.000000000000000000e+00
4.665300000000000002e-01
0.000000000000000000e+00
0.000000000000000000e+00
0.000000000000000000e+00
5.566699999999999982e-01
0.000000000000000000e+00
0.000000000000000000e+00
5.369300000000000184e-01
0.000000000000000000e+00
0.000000000000000000e+00
0.000000000000000000e+00
5.392599999999999616e-01
0.000000000000000000e+00
5.146500000000000519e-01
0.000000000000000000e+00
0.000000000000000000e+00
0.000000000000000000e+00
7.748699999999999477e-01
0.000000000000000000e+00
0.000000000000000000e+00
0.000000000000000000e+00
0.000000000000000000e+00
8.285599999999999632e-01
0.000000000000000000e+00
0.000000000000000000e+00
6.863599999999999701e-01
0.000000000000000000e+00
0.000000000000000000e+00
0.000000000000000000e+00
7.530200000000000227e-01
0.000000000000000000e+00
0.000000000000000000e+00
0.000000000000000000e+00
6.300400000000000444e-01
0.000000000000000000e+00
1.033579999999999943e+00
0.000000000000000000e+00
6.170799999999999619e-01
0.000000000000000000e+00
7.487300000000000066e-01
0.000000000000000000e+00
0.000000000000000000e+00
0.000000000000000000e+00
6.343999999999999639e-01
0.000000000000000000e+00
0.000000000000000000e+00
0.000000000000000000e+00
5.984599999999999920e-01
0.000000000000000000e+00
0.000000000000000000e+00
0.000000000000000000e+00
5.491300000000000070e-01
0.000000000000000000e+00
6.310700000000000198e-01
0.000000000000000000e+00
0.000000000000000000e+00
0.000000000000000000e+00
5.776499999999999968e-01
0.000000000000000000e+00
0.000000000000000000e+00
0.000000000000000000e+00
0.000000000000000000e+00
0.000000000000000000e+00
0.000000000000000000e+00
5.880699999999999816e-01
0.000000000000000000e+00
6.322400000000000242e-01
0.000000000000000000e+00
1.084570000000000034e+00
0.000000000000000000e+00
7.145899999999999475e-01
0.000000000000000000e+00
0.000000000000000000e+00
0.000000000000000000e+00
0.000000000000000000e+00
6.924299999999999899e-01
0.000000000000000000e+00
0.000000000000000000e+00
6.516300000000000425e-01
0.000000000000000000e+00
1.066200000000000037e+00
0.000000000000000000e+00
5.867299999999999738e-01
0.000000000000000000e+00
0.000000000000000000e+00
0.000000000000000000e+00
5.655400000000000427e-01
0.000000000000000000e+00
0.000000000000000000e+00
5.818400000000000238e-01
0.000000000000000000e+00
0.000000000000000000e+00
5.401200000000000445e-01
0.000000000000000000e+00
0.000000000000000000e+00
5.554000000000000048e-01
0.000000000000000000e+00
5.967999999999999972e-01
0.000000000000000000e+00
0.000000000000000000e+00
5.998499999999999943e-01
0.000000000000000000e+00
0.000000000000000000e+00
0.000000000000000000e+00
6.282600000000000406e-01
0.000000000000000000e+00
8.078999999999999515e-01
0.000000000000000000e+00
0.000000000000000000e+00
5.606799999999999562e-01
0.000000000000000000e+00
0.000000000000000000e+00
6.150700000000000056e-01
0.000000000000000000e+00
0.000000000000000000e+00
5.553700000000000303e-01
0.000000000000000000e+00
6.255100000000000104e-01
0.000000000000000000e+00
0.000000000000000000e+00
0.000000000000000000e+00
0.000000000000000000e+00
5.607100000000000417e-01
0.000000000000000000e+00
0.000000000000000000e+00
0.000000000000000000e+00
0.000000000000000000e+00
0.000000000000000000e+00
5.328500000000000458e-01
0.000000000000000000e+00
0.000000000000000000e+00
0.000000000000000000e+00
6.907999999999999696e-01
0.000000000000000000e+00
0.000000000000000000e+00
0.000000000000000000e+00
0.000000000000000000e+00
0.000000000000000000e+00
5.335400000000000142e-01
0.000000000000000000e+00
0.000000000000000000e+00
5.653700000000000392e-01
0.000000000000000000e+00
5.890800000000000480e-01
0.000000000000000000e+00
0.000000000000000000e+00
0.000000000000000000e+00
0.000000000000000000e+00
5.063100000000000378e-01
0.000000000000000000e+00
0.000000000000000000e+00
7.210499999999999687e-01
0.000000000000000000e+00
6.150600000000000511e-01
0.000000000000000000e+00
8.118499999999999606e-01
0.000000000000000000e+00
0.000000000000000000e+00
7.231499999999999595e-01
0.000000000000000000e+00
0.000000000000000000e+00
5.444900000000000295e-01
0.000000000000000000e+00
0.000000000000000000e+00
0.000000000000000000e+00
1.495389999999999997e+00
0.000000000000000000e+00
7.108799999999999564e-01
0.000000000000000000e+00
0.000000000000000000e+00
5.341399999999999482e-01
0.000000000000000000e+00
0.000000000000000000e+00
0.000000000000000000e+00
5.300000000000000266e-01
0.000000000000000000e+00
0.000000000000000000e+00
0.000000000000000000e+00
0.000000000000000000e+00
4.967799999999999994e-01
0.000000000000000000e+00
5.213700000000000001e-01
0.000000000000000000e+00
0.000000000000000000e+00
0.000000000000000000e+00
4.868500000000000050e-01
0.000000000000000000e+00
0.000000000000000000e+00
1.151580000000000048e+00
0.000000000000000000e+00
0.000000000000000000e+00
0.000000000000000000e+00
5.646799999999999597e-01
0.000000000000000000e+00
0.000000000000000000e+00
0.000000000000000000e+00
5.878200000000000092e-01
0.000000000000000000e+00
6.348099999999999854e-01
0.000000000000000000e+00
0.000000000000000000e+00
5.612700000000000466e-01
0.000000000000000000e+00
0.000000000000000000e+00
0.000000000000000000e+00
5.791100000000000136e-01
0.000000000000000000e+00
0.000000000000000000e+00
0.000000000000000000e+00
0.000000000000000000e+00
5.343499999999999917e-01
0.000000000000000000e+00
8.712699999999999889e-01
0.000000000000000000e+00
6.366500000000000492e-01
0.000000000000000000e+00
1.095339999999999980e+00
0.000000000000000000e+00
0.000000000000000000e+00
8.064500000000000002e-01
0.000000000000000000e+00
0.000000000000000000e+00
0.000000000000000000e+00
5.545299999999999674e-01
0.000000000000000000e+00
0.000000000000000000e+00
5.426699999999999857e-01
0.000000000000000000e+00
0.000000000000000000e+00
0.000000000000000000e+00
0.000000000000000000e+00
0.000000000000000000e+00
0.000000000000000000e+00
0.000000000000000000e+00
0.000000000000000000e+00
0.000000000000000000e+00
0.000000000000000000e+00
0.000000000000000000e+00
0.000000000000000000e+00
0.000000000000000000e+00
0.000000000000000000e+00
0.000000000000000000e+00
0.000000000000000000e+00
0.000000000000000000e+00
0.000000000000000000e+00
0.000000000000000000e+00
0.000000000000000000e+00
0.000000000000000000e+00
9.194499999999999895e-01
0.000000000000000000e+00
0.000000000000000000e+00
0.000000000000000000e+00
0.000000000000000000e+00
5.658100000000000351e-01
0.000000000000000000e+00
6.344100000000000295e-01
0.000000000000000000e+00
0.000000000000000000e+00
0.000000000000000000e+00
0.000000000000000000e+00
5.361500000000000155e-01
0.000000000000000000e+00
5.400700000000000500e-01
0.000000000000000000e+00
0.000000000000000000e+00
0.000000000000000000e+00
6.197500000000000231e-01
0.000000000000000000e+00
0.000000000000000000e+00
0.000000000000000000e+00
5.105499999999999483e-01
0.000000000000000000e+00
0.000000000000000000e+00
0.000000000000000000e+00
0.000000000000000000e+00
0.000000000000000000e+00
5.123600000000000376e-01
0.000000000000000000e+00
0.000000000000000000e+00
4.726899999999999991e-01
0.000000000000000000e+00
0.000000000000000000e+00
0.000000000000000000e+00
0.000000000000000000e+00
7.656600000000000072e-01
0.000000000000000000e+00
0.000000000000000000e+00
0.000000000000000000e+00
5.248399999999999732e-01
0.000000000000000000e+00
0.000000000000000000e+00
4.909399999999999875e-01
0.000000000000000000e+00
6.601399999999999491e-01
0.000000000000000000e+00
0.000000000000000000e+00
0.000000000000000000e+00
0.000000000000000000e+00
5.353599999999999470e-01
0.000000000000000000e+00
0.000000000000000000e+00
0.000000000000000000e+00
0.000000000000000000e+00
0.000000000000000000e+00
0.000000000000000000e+00
5.238699999999999468e-01
0.000000000000000000e+00
0.000000000000000000e+00
0.000000000000000000e+00
6.770100000000000007e-01
0.000000000000000000e+00
0.000000000000000000e+00
5.933500000000000441e-01
0.000000000000000000e+00
0.000000000000000000e+00
5.704599999999999671e-01
0.000000000000000000e+00
0.000000000000000000e+00
0.000000000000000000e+00
0.000000000000000000e+00
0.000000000000000000e+00
5.806900000000000395e-01
0.000000000000000000e+00
0.000000000000000000e+00
6.085000000000000409e-01
0.000000000000000000e+00
0.000000000000000000e+00
5.443700000000000205e-01
0.000000000000000000e+00
0.000000000000000000e+00
0.000000000000000000e+00
6.043699999999999628e-01
0.000000000000000000e+00
6.928100000000000369e-01
0.000000000000000000e+00
6.434299999999999464e-01
0.000000000000000000e+00
4.863600000000000145e-01
0.000000000000000000e+00
0.000000000000000000e+00
0.000000000000000000e+00
0.000000000000000000e+00
7.726699999999999680e-01
0.000000000000000000e+00
5.908200000000000118e-01
0.000000000000000000e+00
0.000000000000000000e+00
0.000000000000000000e+00
6.324400000000000022e-01
0.000000000000000000e+00
0.000000000000000000e+00
5.896200000000000330e-01
0.000000000000000000e+00
0.000000000000000000e+00
5.705500000000000016e-01
0.000000000000000000e+00
0.000000000000000000e+00
0.000000000000000000e+00
5.483000000000000096e-01
0.000000000000000000e+00
0.000000000000000000e+00
0.000000000000000000e+00
0.000000000000000000e+00
0.000000000000000000e+00
6.063699999999999646e-01
0.000000000000000000e+00
0.000000000000000000e+00
0.000000000000000000e+00
8.843600000000000350e-01
0.000000000000000000e+00
5.674400000000000555e-01
0.000000000000000000e+00
0.000000000000000000e+00
5.505700000000000038e-01
0.000000000000000000e+00
0.000000000000000000e+00
0.000000000000000000e+00
0.000000000000000000e+00
0.000000000000000000e+00
6.758300000000000418e-01
0.000000000000000000e+00
0.000000000000000000e+00
5.683300000000000018e-01
0.000000000000000000e+00
0.000000000000000000e+00
0.000000000000000000e+00
8.088400000000000034e-01
0.000000000000000000e+00
0.000000000000000000e+00
0.000000000000000000e+00
0.000000000000000000e+00
5.533500000000000085e-01
0.000000000000000000e+00
5.530300000000000216e-01
0.000000000000000000e+00
0.000000000000000000e+00
5.145300000000000429e-01
0.000000000000000000e+00
0.000000000000000000e+00
0.000000000000000000e+00
0.000000000000000000e+00
4.994700000000000251e-01
0.000000000000000000e+00
0.000000000000000000e+00
0.000000000000000000e+00
0.000000000000000000e+00
0.000000000000000000e+00
0.000000000000000000e+00
0.000000000000000000e+00
5.102299999999999613e-01
0.000000000000000000e+00
1.266299999999999981e+00
0.000000000000000000e+00
7.321199999999999930e-01
0.000000000000000000e+00
7.247999999999999998e-01
0.000000000000000000e+00
1.651329999999999965e+00
0.000000000000000000e+00
0.000000000000000000e+00
6.644600000000000506e-01
0.000000000000000000e+00
0.000000000000000000e+00
0.000000000000000000e+00
0.000000000000000000e+00
0.000000000000000000e+00
6.230400000000000382e-01
0.000000000000000000e+00
5.923800000000000177e-01
0.000000000000000000e+00
5.489100000000000090e-01
0.000000000000000000e+00
0.000000000000000000e+00
0.000000000000000000e+00
5.963100000000000067e-01
0.000000000000000000e+00
6.934799999999999853e-01
0.000000000000000000e+00
0.000000000000000000e+00
0.000000000000000000e+00
5.493299999999999850e-01
0.000000000000000000e+00
6.128799999999999804e-01
0.000000000000000000e+00
0.000000000000000000e+00
0.000000000000000000e+00
0.000000000000000000e+00
5.889600000000000390e-01
0.000000000000000000e+00
0.000000000000000000e+00
0.000000000000000000e+00
0.000000000000000000e+00
0.000000000000000000e+00
0.000000000000000000e+00
7.497000000000000330e-01
0.000000000000000000e+00
0.000000000000000000e+00
0.000000000000000000e+00
5.395499999999999741e-01
0.000000000000000000e+00
0.000000000000000000e+00
5.970100000000000406e-01
0.000000000000000000e+00
0.000000000000000000e+00
0.000000000000000000e+00
5.960299999999999487e-01
0.000000000000000000e+00
0.000000000000000000e+00
4.895300000000000207e-01
0.000000000000000000e+00
0.000000000000000000e+00
0.000000000000000000e+00
0.000000000000000000e+00
0.000000000000000000e+00
6.653099999999999570e-01
0.000000000000000000e+00
5.552799999999999958e-01
0.000000000000000000e+00
0.000000000000000000e+00
5.804899999999999505e-01
0.000000000000000000e+00
0.000000000000000000e+00
0.000000000000000000e+00
0.000000000000000000e+00
6.784700000000000175e-01
0.000000000000000000e+00
0.000000000000000000e+00
0.000000000000000000e+00
0.000000000000000000e+00
5.787600000000000522e-01
0.000000000000000000e+00
0.000000000000000000e+00
6.751800000000000024e-01
0.000000000000000000e+00
6.463600000000000456e-01
0.000000000000000000e+00
5.651399999999999757e-01
0.000000000000000000e+00
1.020590000000000108e+00
0.000000000000000000e+00
6.778999999999999471e-01
0.000000000000000000e+00
0.000000000000000000e+00
7.721200000000000285e-01
0.000000000000000000e+00
0.000000000000000000e+00
6.318599999999999772e-01
0.000000000000000000e+00
0.000000000000000000e+00
5.347100000000000186e-01
0.000000000000000000e+00
0.000000000000000000e+00
5.320200000000000484e-01
0.000000000000000000e+00
0.000000000000000000e+00
0.000000000000000000e+00
4.976800000000000113e-01
0.000000000000000000e+00
5.731500000000000483e-01
0.000000000000000000e+00
0.000000000000000000e+00
5.765500000000000069e-01
0.000000000000000000e+00
0.000000000000000000e+00
5.668400000000000105e-01
0.000000000000000000e+00
0.000000000000000000e+00
0.000000000000000000e+00
0.000000000000000000e+00
6.071400000000000130e-01
0.000000000000000000e+00
0.000000000000000000e+00
0.000000000000000000e+00
0.000000000000000000e+00
0.000000000000000000e+00
0.000000000000000000e+00
0.000000000000000000e+00
0.000000000000000000e+00
0.000000000000000000e+00
0.000000000000000000e+00
0.000000000000000000e+00
0.000000000000000000e+00
0.000000000000000000e+00
0.000000000000000000e+00
0.000000000000000000e+00
0.000000000000000000e+00
0.000000000000000000e+00
0.000000000000000000e+00
0.000000000000000000e+00
0.000000000000000000e+00
0.000000000000000000e+00
0.000000000000000000e+00
0.000000000000000000e+00
5.542000000000000259e-01
0.000000000000000000e+00
0.000000000000000000e+00
4.954000000000000070e-01
0.000000000000000000e+00
0.000000000000000000e+00
5.977599999999999580e-01
0.000000000000000000e+00
0.000000000000000000e+00
0.000000000000000000e+00
5.545200000000000129e-01
0.000000000000000000e+00
0.000000000000000000e+00
0.000000000000000000e+00
0.000000000000000000e+00
5.168199999999999461e-01
0.000000000000000000e+00
0.000000000000000000e+00
5.365799999999999459e-01
0.000000000000000000e+00
0.000000000000000000e+00
0.000000000000000000e+00
6.766199999999999992e-01
0.000000000000000000e+00
0.000000000000000000e+00
0.000000000000000000e+00
6.067000000000000171e-01
0.000000000000000000e+00
0.000000000000000000e+00
8.697099999999999831e-01
0.000000000000000000e+00
8.390499999999999625e-01
0.000000000000000000e+00
7.527099999999999902e-01
0.000000000000000000e+00
0.000000000000000000e+00
0.000000000000000000e+00
6.982599999999999918e-01
0.000000000000000000e+00
7.063199999999999479e-01
0.000000000000000000e+00
0.000000000000000000e+00
0.000000000000000000e+00
0.000000000000000000e+00
5.796499999999999986e-01
0.000000000000000000e+00
0.000000000000000000e+00
0.000000000000000000e+00
0.000000000000000000e+00
5.921699999999999742e-01
0.000000000000000000e+00
0.000000000000000000e+00
6.798699999999999743e-01
0.000000000000000000e+00
5.563900000000000512e-01
0.000000000000000000e+00
5.533900000000000485e-01
0.000000000000000000e+00
0.000000000000000000e+00
0.000000000000000000e+00
0.000000000000000000e+00
5.111599999999999477e-01
0.000000000000000000e+00
0.000000000000000000e+00
4.786099999999999799e-01
0.000000000000000000e+00
0.000000000000000000e+00
4.537100000000000022e-01
0.000000000000000000e+00
0.000000000000000000e+00
4.438300000000000023e-01
0.000000000000000000e+00
0.000000000000000000e+00
4.369899999999999896e-01
0.000000000000000000e+00
0.000000000000000000e+00
6.448099999999999943e-01
0.000000000000000000e+00
0.000000000000000000e+00
0.000000000000000000e+00
0.000000000000000000e+00
0.000000000000000000e+00
0.000000000000000000e+00
5.776000000000000023e-01
0.000000000000000000e+00
0.000000000000000000e+00
0.000000000000000000e+00
0.000000000000000000e+00
5.321299999999999919e-01
0.000000000000000000e+00
0.000000000000000000e+00
0.000000000000000000e+00
5.142299999999999649e-01
0.000000000000000000e+00
0.000000000000000000e+00
5.860100000000000309e-01
0.000000000000000000e+00
6.834200000000000275e-01
0.000000000000000000e+00
0.000000000000000000e+00
5.083100000000000396e-01
0.000000000000000000e+00
0.000000000000000000e+00
5.372099999999999653e-01
0.000000000000000000e+00
0.000000000000000000e+00
0.000000000000000000e+00
0.000000000000000000e+00
0.000000000000000000e+00
9.790100000000000469e-01
0.000000000000000000e+00
6.107200000000000406e-01
0.000000000000000000e+00
5.943399999999999794e-01
0.000000000000000000e+00
6.219700000000000228e-01
0.000000000000000000e+00
0.000000000000000000e+00
8.107699999999999907e-01
0.000000000000000000e+00
0.000000000000000000e+00
5.960900000000000087e-01
0.000000000000000000e+00
0.000000000000000000e+00
5.568100000000000271e-01
0.000000000000000000e+00
0.000000000000000000e+00
0.000000000000000000e+00
0.000000000000000000e+00
6.056000000000000272e-01
0.000000000000000000e+00
0.000000000000000000e+00
0.000000000000000000e+00
7.231899999999999995e-01
0.000000000000000000e+00
6.458099999999999952e-01
0.000000000000000000e+00
0.000000000000000000e+00
0.000000000000000000e+00
6.025899999999999590e-01
0.000000000000000000e+00
6.889100000000000223e-01
0.000000000000000000e+00
0.000000000000000000e+00
0.000000000000000000e+00
5.750499999999999501e-01
0.000000000000000000e+00
5.566600000000000437e-01
0.000000000000000000e+00
0.000000000000000000e+00
0.000000000000000000e+00
0.000000000000000000e+00
0.000000000000000000e+00
8.456599999999999673e-01
0.000000000000000000e+00
5.331000000000000183e-01
0.000000000000000000e+00
0.000000000000000000e+00
0.000000000000000000e+00
7.849000000000000421e-01
0.000000000000000000e+00
5.328800000000000203e-01
0.000000000000000000e+00
0.000000000000000000e+00
0.000000000000000000e+00
0.000000000000000000e+00
0.000000000000000000e+00
0.000000000000000000e+00
1.088789999999999925e+00
0.000000000000000000e+00
0.000000000000000000e+00
0.000000000000000000e+00
7.098200000000000065e-01
0.000000000000000000e+00
0.000000000000000000e+00
0.000000000000000000e+00
8.889599999999999724e-01
0.000000000000000000e+00
0.000000000000000000e+00
6.017799999999999816e-01
0.000000000000000000e+00
0.000000000000000000e+00
6.390000000000000124e-01
0.000000000000000000e+00
7.066599999999999548e-01
0.000000000000000000e+00
0.000000000000000000e+00
5.588899999999999979e-01
0.000000000000000000e+00
0.000000000000000000e+00
0.000000000000000000e+00
0.000000000000000000e+00
6.174199999999999688e-01
0.000000000000000000e+00
8.119300000000000406e-01
0.000000000000000000e+00
0.000000000000000000e+00
0.000000000000000000e+00
0.000000000000000000e+00
6.888499999999999623e-01
0.000000000000000000e+00
0.000000000000000000e+00
0.000000000000000000e+00
1.160349999999999993e+00
0.000000000000000000e+00
8.268900000000000139e-01
0.000000000000000000e+00
0.000000000000000000e+00
0.000000000000000000e+00
0.000000000000000000e+00
5.938099999999999490e-01
0.000000000000000000e+00
0.000000000000000000e+00
0.000000000000000000e+00
0.000000000000000000e+00
0.000000000000000000e+00
6.833200000000000385e-01
0.000000000000000000e+00
0.000000000000000000e+00
0.000000000000000000e+00
0.000000000000000000e+00
5.932199999999999696e-01
0.000000000000000000e+00
0.000000000000000000e+00
6.624400000000000288e-01
0.000000000000000000e+00
7.393499999999999517e-01
0.000000000000000000e+00
0.000000000000000000e+00
5.133900000000000130e-01
0.000000000000000000e+00
0.000000000000000000e+00
5.663399999999999546e-01
0.000000000000000000e+00
0.000000000000000000e+00
0.000000000000000000e+00
0.000000000000000000e+00
8.799500000000000099e-01
0.000000000000000000e+00
8.544300000000000228e-01
0.000000000000000000e+00
0.000000000000000000e+00
6.997999999999999776e-01
0.000000000000000000e+00
0.000000000000000000e+00
5.663899999999999491e-01
0.000000000000000000e+00
0.000000000000000000e+00
0.000000000000000000e+00
5.906500000000000083e-01
0.000000000000000000e+00
5.434299999999999686e-01
0.000000000000000000e+00
0.000000000000000000e+00
8.925400000000000000e-01
0.000000000000000000e+00
7.297299999999999898e-01
0.000000000000000000e+00
6.295899999999999830e-01
0.000000000000000000e+00
7.016799999999999704e-01
0.000000000000000000e+00
0.000000000000000000e+00
0.000000000000000000e+00
0.000000000000000000e+00
6.513400000000000301e-01
0.000000000000000000e+00
0.000000000000000000e+00
6.155300000000000216e-01
0.000000000000000000e+00
0.000000000000000000e+00
0.000000000000000000e+00
0.000000000000000000e+00
0.000000000000000000e+00
0.000000000000000000e+00
0.000000000000000000e+00
0.000000000000000000e+00
0.000000000000000000e+00
0.000000000000000000e+00
0.000000000000000000e+00
0.000000000000000000e+00
0.000000000000000000e+00
