0.000000000000000000e+00
0.000000000000000000e+00
0.000000000000000000e+00
0.000000000000000000e+00
0.000000000000000000e+00
0.000000000000000000e+00
0.000000000000000000e+00
0.000000000000000000e+00
0.000000000000000000e+00
0.000000000000000000e+00
9.393000000000000238e-01
0.000000000000000000e+00
8.726000000000000423e-01
0.000000000000000000e+00
0.000000000000000000e+00
6.368500000000000272e-01
0.000000000000000000e+00
0.000000000000000000e+00
6.509300000000000086e-01
0.000000000000000000e+00
8.887199999999999545e-01
0.000000000000000000e+00
0.000000000000000000e+00
0.000000000000000000e+00
6.527300000000000324e-01
0.000000000000000000e+00
0.000000000000000000e+00
0.000000000000000000e+00
9.060300000000000020e-01
0.000000000000000000e+00
0.000000000000000000e+00
6.451999999999999957e-01
0.000000000000000000e+00
0.000000000000000000e+00
0.000000000000000000e+00
5.377899999999999903e-01
0.000000000000000000e+00
6.129099999999999548e-01
0.000000000000000000e+00
0.000000000000000000e+00
1.028759999999999897e+00
0.000000000000000000e+00
8.689099999999999602e-01
0.000000000000000000e+00
7.895900000000000141e-01
0.000000000000000000e+00
0.000000000000000000e+00
0.000000000000000000e+00
0.000000000000000000e+00
9.727799999999999780e-01
0.000000000000000000e+00
0.000000000000000000e+00
0.000000000000000000e+00
6.833099999999999730e-01
0.000000000000000000e+00
5.682000000000000384e-01
0.000000000000000000e+00
0.000000000000000000e+00
6.823599999999999666e-01
0.000000000000000000e+00
0.000000000000000000e+00
0.000000000000000000e+00
7.148799999999999599e-01
0.000000000000000000e+00
0.000000000000000000e+00
0.000000000000000000e+00
6.683200000000000252e-01
0.000000000000000000e+00
0.000000000000000000e+00
0.000000000000000000e+00
0.000000000000000000e+00
0.000000000000000000e+00
0.000000000000000000e+00
6.392200000000000104e-01
0.000000000000000000e+00
0.000000000000000000e+00
0.000000000000000000e+00
1.110330000000000039e+00
0.000000000000000000e+00
0.000000000000000000e+00
0.000000000000000000e+00
5.689199999999999813e-01
0.000000000000000000e+00
0.000000000000000000e+00
5.828999999999999737e-01
0.000000000000000000e+00
8.542800000000000393e-01
0.000000000000000000e+00
0.000000000000000000e+00
0.000000000000000000e+00
6.719000000000000528e-01
0.000000000000000000e+00
0.000000000000000000e+00
0.000000000000000000e+00
0.000000000000000000e+00
5.942300000000000360e-01
0.000000000000000000e+00
0.000000000000000000e+00
0.000000000000000000e+00
0.000000000000000000e+00
0.000000000000000000e+00
8.678500000000000103e-01
0.000000000000000000e+00
0.000000000000000000e+00
0.000000000000000000e+00
0.000000000000000000e+00
5.661100000000000021e-01
0.000000000000000000e+00
0.000000000000000000e+00
0.000000000000000000e+00
0.000000000000000000e+00
5.295600000000000307e-01
0.000000000000000000e+00
6.732399999999999496e-01
0.000000000000000000e+00
5.704900000000000526e-01
0.000000000000000000e+00
0.000000000000000000e+00
0.000000000000000000e+00
6.603900000000000325e-01
0.000000000000000000e+00
0.000000000000000000e+00
5.342400000000000482e-01
0.000000000000000000e+00
0.000000000000000000e+00
0.000000000000000000e+00
8.607799999999999896e-01
0.000000000000000000e+00
0.000000000000000000e+00
5.687100000000000488e-01
0.000000000000000000e+00
0.000000000000000000e+00
0.000000000000000000e+00
5.353900000000000325e-01
0.000000000000000000e+00
0.000000000000000000e+00
6.975299999999999834e-01
0.000000000000000000e+00
0.000000000000000000e+00
0.000000000000000000e+00
6.763599999999999612e-01
0.000000000000000000e+00
0.000000000000000000e+00
0.000000000000000000e+00
0.000000000000000000e+00
7.463100000000000289e-01
0.000000000000000000e+00
0.000000000000000000e+00
0.000000000000000000e+00
5.287800000000000278e-01
0.000000000000000000e+00
0.000000000000000000e+00
0.000000000000000000e+00
6.473100000000000520e-01
0.000000000000000000e+00
0.000000000000000000e+00
0.000000000000000000e+00
0.000000000000000000e+00
9.875199999999999534e-01
0.000000000000000000e+00
0.000000000000000000e+00
6.413200000000000012e-01
0.000000000000000000e+00
0.000000000000000000e+00
0.000000000000000000e+00
0.000000000000000000e+00
6.036599999999999744e-01
0.000000000000000000e+00
0.000000000000000000e+00
0.000000000000000000e+00
8.206700000000000106e-01
0.000000000000000000e+00
6.157500000000000195e-01
0.000000000000000000e+00
0.000000000000000000e+00
0.000000000000000000e+00
5.991800000000000459e-01
0.000000000000000000e+00
0.000000000000000000e+00
1.111909999999999954e+00
0.000000000000000000e+00
0.000000000000000000e+00
1.539789999999999992e+00
0.000000000000000000e+00
0.000000000000000000e+00
5.677200000000000024e-01
0.000000000000000000e+00
0.000000000000000000e+00
0.000000000000000000e+00
1.045209999999999972e+00
0.000000000000000000e+00
0.000000000000000000e+00
0.000000000000000000e+00
6.120700000000000029e-01
0.000000000000000000e+00
0.000000000000000000e+00
0.000000000000000000e+00
0.000000000000000000e+00
6.068599999999999550e-01
0.000000000000000000e+00
7.702900000000000302e-01
0.000000000000000000e+00
0.000000000000000000e+00
5.274600000000000399e-01
0.000000000000000000e+00
7.317900000000000515e-01
0.000000000000000000e+00
0.000000000000000000e+00
0.000000000000000000e+00
0.000000000000000000e+00
0.000000000000000000e+00
0.000000000000000000e+00
5.942300000000000360e-01
0.000000000000000000e+00
0.000000000000000000e+00
0.000000000000000000e+00
0.000000000000000000e+00
5.477199999999999847e-01
0.000000000000000000e+00
0.000000000000000000e+00
0.000000000000000000e+00
0.000000000000000000e+00
6.713099999999999623e-01
0.000000000000000000e+00
0.000000000000000000e+00
0.000000000000000000e+00
7.321800000000000530e-01
0.000000000000000000e+00
0.000000000000000000e+00
6.708600000000000119e-01
0.000000000000000000e+00
6.349500000000000144e-01
0.000000000000000000e+00
0.000000000000000000e+00
0.000000000000000000e+00
0.000000000000000000e+00
0.000000000000000000e+00
0.000000000000000000e+00
0.000000000000000000e+00
6.042600000000000193e-01
0.000000000000000000e+00
0.000000000000000000e+00
7.878300000000000303e-01
0.000000000000000000e+00
0.000000000000000000e+00
6.134100000000000108e-01
0.000000000000000000e+00
0.000000000000000000e+00
1.246420000000000083e+00
0.000000000000000000e+00
5.385999999999999677e-01
0.000000000000000000e+00
0.000000000000000000e+00
0.000000000000000000e+00
5.460800000000000098e-01
0.000000000000000000e+00
0.000000000000000000e+00
0.000000000000000000e+00
0.000000000000000000e+00
6.479500000000000259e-01
0.000000000000000000e+00
0.000000000000000000e+00
0.000000000000000000e+00
9.592600000000000016e-01
0.000000000000000000e+00
0.000000000000000000e+00
6.179499999999999993e-01
0.000000000000000000e+00
0.000000000000000000e+00
5.306100000000000261e-01
0.000000000000000000e+00
0.000000000000000000e+00
5.287199999999999678e-01
0.000000000000000000e+00
0.000000000000000000e+00
0.000000000000000000e+00
0.000000000000000000e+00
6.159400000000000430e-01
0.000000000000000000e+00
0.000000000000000000e+00
1.416500000000000092e+00
0.000000000000000000e+00
0.000000000000000000e+00
0.000000000000000000e+00
6.421499999999999986e-01
0.000000000000000000e+00
0.000000000000000000e+00
6.352299999999999613e-01
0.000000000000000000e+00
0.000000000000000000e+00
0.000000000000000000e+00
0.000000000000000000e+00
8.026400000000000201e-01
0.000000000000000000e+00
0.000000000000000000e+00
0.000000000000000000e+00
0.000000000000000000e+00
0.000000000000000000e+00
6.192900000000000071e-01
0.000000000000000000e+00
6.702799999999999869e-01
0.000000000000000000e+00
0.000000000000000000e+00
0.000000000000000000e+00
0.000000000000000000e+00
0.000000000000000000e+00
0.000000000000000000e+00
0.000000000000000000e+00
0.000000000000000000e+00
0.000000000000000000e+00
0.000000000000000000e+00
0.000000000000000000e+00
0.000000000000000000e+00
0.000000000000000000e+00
0.000000000000000000e+00
0.000000000000000000e+00
0.000000000000000000e+00
0.000000000000000000e+00
0.000000000000000000e+00
0.000000000000000000e+00
0.000000000000000000e+00
0.000000000000000000e+00
0.000000000000000000e+00
0.000000000000000000e+00
0.000000000000000000e+00
0.000000000000000000e+00
0.000000000000000000e+00
6.107299999999999951e-01
0.000000000000000000e+00
0.000000000000000000e+00
1.279949999999999921e+00
0.000000000000000000e+00
7.653200000000000003e-01
0.000000000000000000e+00
0.000000000000000000e+00
0.000000000000000000e+00
0.000000000000000000e+00
3.825799999999999756e-01
0.000000000000000000e+00
5.794700000000000406e-01
0.000000000000000000e+00
0.000000000000000000e+00
5.933699999999999530e-01
0.000000000000000000e+00
0.000000000000000000e+00
0.000000000000000000e+00
7.841399999999999482e-01
0.000000000000000000e+00
0.000000000000000000e+00
7.668199999999999461e-01
0.000000000000000000e+00
0.000000000000000000e+00
0.000000000000000000e+00
7.306000000000000272e-01
0.000000000000000000e+00
1.088470000000000049e+00
0.000000000000000000e+00
0.000000000000000000e+00
0.000000000000000000e+00
6.678600000000000092e-01
0.000000000000000000e+00
6.216199999999999504e-01
0.000000000000000000e+00
6.539300000000000113e-01
0.000000000000000000e+00
0.000000000000000000e+00
0.000000000000000000e+00
0.000000000000000000e+00
5.852000000000000535e-01
0.000000000000000000e+00
0.000000000000000000e+00
0.000000000000000000e+00
0.000000000000000000e+00
1.037619999999999987e+00
0.000000000000000000e+00
5.773099999999999898e-01
0.000000000000000000e+00
6.331999999999999851e-01
0.000000000000000000e+00
5.800699999999999745e-01
0.000000000000000000e+00
0.000000000000000000e+00
0.000000000000000000e+00
5.717900000000000205e-01
0.000000000000000000e+00
6.781500000000000306e-01
0.000000000000000000e+00
0.000000000000000000e+00
0.000000000000000000e+00
9.058300000000000241e-01
0.000000000000000000e+00
0.000000000000000000e+00
8.705500000000000460e-01
0.000000000000000000e+00
6.729300000000000281e-01
0.000000000000000000e+00
0.000000000000000000e+00
1.208739999999999926e+00
0.000000000000000000e+00
0.000000000000000000e+00
1.055060000000000109e+00
0.000000000000000000e+00
0.000000000000000000e+00
8.272699999999999498e-01
0.000000000000000000e+00
0.000000000000000000e+00
0.000000000000000000e+00
0.000000000000000000e+00
0.000000000000000000e+00
0.000000000000000000e+00
6.762799999999999923e-01
0.000000000000000000e+00
0.000000000000000000e+00
8.960700000000000331e-01
0.000000000000000000e+00
7.071100000000000163e-01
0.000000000000000000e+00
8.387000000000000011e-01
0.000000000000000000e+00
8.792400000000000215e-01
0.000000000000000000e+00
0.000000000000000000e+00
0.000000000000000000e+00
0.000000000000000000e+00
5.730399999999999938e-01
0.000000000000000000e+00
0.000000000000000000e+00
1.920020000000000060e+00
0.000000000000000000e+00
0.000000000000000000e+00
6.782099999999999795e-01
0.000000000000000000e+00
0.000000000000000000e+00
0.000000000000000000e+00
0.000000000000000000e+00
0.000000000000000000e+00
8.538700000000000179e-01
0.000000000000000000e+00
7.231300000000000505e-01
0.000000000000000000e+00
5.232700000000000129e-01
0.000000000000000000e+00
6.149000000000000021e-01
0.000000000000000000e+00
6.063800000000000301e-01
0.000000000000000000e+00
0.000000000000000000e+00
5.448899999999999855e-01
0.000000000000000000e+00
0.000000000000000000e+00
0.000000000000000000e+00
6.914200000000000346e-01
0.000000000000000000e+00
0.000000000000000000e+00
0.000000000000000000e+00
0.000000000000000000e+00
5.579800000000000315e-01
0.000000000000000000e+00
0.000000000000000000e+00
5.804500000000000215e-01
0.000000000000000000e+00
0.000000000000000000e+00
0.000000000000000000e+00
6.330599999999999561e-01
0.000000000000000000e+00
0.000000000000000000e+00
0.000000000000000000e+00
0.000000000000000000e+00
0.000000000000000000e+00
5.842000000000000526e-01
0.000000000000000000e+00
5.994199999999999529e-01
0.000000000000000000e+00
0.000000000000000000e+00
0.000000000000000000e+00
5.676200000000000134e-01
0.000000000000000000e+00
0.000000000000000000e+00
5.335199999999999942e-01
0.000000000000000000e+00
8.280699999999999728e-01
0.000000000000000000e+00
0.000000000000000000e+00
5.930400000000000116e-01
0.000000000000000000e+00
0.000000000000000000e+00
5.610100000000000087e-01
0.000000000000000000e+00
8.143599999999999728e-01
0.000000000000000000e+00
0.000000000000000000e+00
0.000000000000000000e+00
5.409300000000000219e-01
0.000000000000000000e+00
0.000000000000000000e+00
0.000000000000000000e+00
8.325000000000000178e-01
0.000000000000000000e+00
0.000000000000000000e+00
0.000000000000000000e+00
5.803099999999999925e-01
0.000000000000000000e+00
0.000000000000000000e+00
0.000000000000000000e+00
0.000000000000000000e+00
0.000000000000000000e+00
5.471300000000000052e-01
0.000000000000000000e+00
8.120699999999999585e-01
0.000000000000000000e+00
6.251299999999999635e-01
0.000000000000000000e+00
6.076899999999999524e-01
0.000000000000000000e+00
0.000000000000000000e+00
0.000000000000000000e+00
0.000000000000000000e+00
0.000000000000000000e+00
0.000000000000000000e+00
1.121320000000000094e+00
0.000000000000000000e+00
0.000000000000000000e+00
0.000000000000000000e+00
5.945300000000000029e-01
0.000000000000000000e+00
0.000000000000000000e+00
5.467499999999999583e-01
0.000000000000000000e+00
5.928900000000000281e-01
0.000000000000000000e+00
0.000000000000000000e+00
0.000000000000000000e+00
0.000000000000000000e+00
6.078900000000000414e-01
0.000000000000000000e+00
0.000000000000000000e+00
0.000000000000000000e+00
7.110600000000000254e-01
0.000000000000000000e+00
6.176199999999999468e-01
0.000000000000000000e+00
0.000000000000000000e+00
4.787799999999999834e-01
0.000000000000000000e+00
0.000000000000000000e+00
5.988799999999999679e-01
0.000000000000000000e+00
9.551699999999999635e-01
0.000000000000000000e+00
0.000000000000000000e+00
0.000000000000000000e+00
0.000000000000000000e+00
5.853300000000000169e-01
0.000000000000000000e+00
0.000000000000000000e+00
0.000000000000000000e+00
0.000000000000000000e+00
6.375199999999999756e-01
0.000000000000000000e+00
6.207899999999999530e-01
0.000000000000000000e+00
0.000000000000000000e+00
0.000000000000000000e+00
0.000000000000000000e+00
5.580100000000000060e-01
0.000000000000000000e+00
0.000000000000000000e+00
5.749199999999999866e-01
0.000000000000000000e+00
0.000000000000000000e+00
0.000000000000000000e+00
6.034100000000000019e-01
0.000000000000000000e+00
0.000000000000000000e+00
5.326800000000000423e-01
0.000000000000000000e+00
0.000000000000000000e+00
5.934000000000000385e-01
0.000000000000000000e+00
0.000000000000000000e+00
4.532300000000000217e-01
0.000000000000000000e+00
0.000000000000000000e+00
0.000000000000000000e+00
9.957599999999999785e-01
0.000000000000000000e+00
0.000000000000000000e+00
0.000000000000000000e+00
0.000000000000000000e+00
5.152600000000000513e-01
0.000000000000000000e+00
0.000000000000000000e+00
0.000000000000000000e+00
0.000000000000000000e+00
0.000000000000000000e+00
0.000000000000000000e+00
0.000000000000000000e+00
0.000000000000000000e+00
0.000000000000000000e+00
0.000000000000000000e+00
0.000000000000000000e+00
0.000000000000000000e+00
0.000000000000000000e+00
0.000000000000000000e+00
0.000000000000000000e+00
0.000000000000000000e+00
0.000000000000000000e+00
0.000000000000000000e+00
0.000000000000000000e+00
0.000000000000000000e+00
0.000000000000000000e+00
0.000000000000000000e+00
0.000000000000000000e+00
0.000000000000000000e+00
6.330500000000000016e-01
0.000000000000000000e+00
0.000000000000000000e+00
0.000000000000000000e+00
5.561599999999999877e-01
0.000000000000000000e+00
0.000000000000000000e+00
0.000000000000000000e+00
6.955200000000000271e-01
0.000000000000000000e+00
0.000000000000000000e+00
0.000000000000000000e+00
0.000000000000000000e+00
5.577600000000000335e-01
0.000000000000000000e+00
0.000000000000000000e+00
0.000000000000000000e+00
0.000000000000000000e+00
6.367500000000000382e-01
0.000000000000000000e+00
0.000000000000000000e+00
5.911199999999999788e-01
0.000000000000000000e+00
0.000000000000000000e+00
1.052540000000000031e+00
0.000000000000000000e+00
0.000000000000000000e+00
0.000000000000000000e+00
0.000000000000000000e+00
0.000000000000000000e+00
0.000000000000000000e+00
7.904099999999999460e-01
0.000000000000000000e+00
6.046700000000000408e-01
0.000000000000000000e+00
0.000000000000000000e+00
4.994199999999999751e-01
0.000000000000000000e+00
0.000000000000000000e+00
1.077430000000000110e+00
0.000000000000000000e+00
0.000000000000000000e+00
5.371599999999999708e-01
0.000000000000000000e+00
0.000000000000000000e+00
0.000000000000000000e+00
6.666299999999999448e-01
0.000000000000000000e+00
0.000000000000000000e+00
0.000000000000000000e+00
0.000000000000000000e+00
6.469799999999999995e-01
0.000000000000000000e+00
0.000000000000000000e+00
5.402299999999999880e-01
0.000000000000000000e+00
6.602099999999999635e-01
0.000000000000000000e+00
0.000000000000000000e+00
0.000000000000000000e+00
5.306800000000000406e-01
0.000000000000000000e+00
0.000000000000000000e+00
6.175300000000000233e-01
0.000000000000000000e+00
5.698800000000000532e-01
0.000000000000000000e+00
5.410099999999999909e-01
0.000000000000000000e+00
0.000000000000000000e+00
5.927499999999999991e-01
0.000000000000000000e+00
0.000000000000000000e+00
0.000000000000000000e+00
0.000000000000000000e+00
6.008999999999999897e-01
0.000000000000000000e+00
0.000000000000000000e+00
5.198599999999999888e-01
0.000000000000000000e+00
0.000000000000000000e+00
0.000000000000000000e+00
0.000000000000000000e+00
6.874700000000000255e-01
0.000000000000000000e+00
0.000000000000000000e+00
0.000000000000000000e+00
1.010769999999999946e+00
0.000000000000000000e+00
0.000000000000000000e+00
0.000000000000000000e+00
7.487899999999999556e-01
0.000000000000000000e+00
7.005000000000000115e-01
0.000000000000000000e+00
0.000000000000000000e+00
0.000000000000000000e+00
0.000000000000000000e+00
5.522299999999999986e-01
0.000000000000000000e+00
6.042199999999999793e-01
0.000000000000000000e+00
0.000000000000000000e+00
0.000000000000000000e+00
0.000000000000000000e+00
0.000000000000000000e+00
6.339299999999999935e-01
0.000000000000000000e+00
0.000000000000000000e+00
0.000000000000000000e+00
5.576699999999999990e-01
0.000000000000000000e+00
6.349799999999999889e-01
0.000000000000000000e+00
0.000000000000000000e+00
6.935700000000000198e-01
0.000000000000000000e+00
6.013100000000000112e-01
0.000000000000000000e+00
5.305199999999999916e-01
0.000000000000000000e+00
0.000000000000000000e+00
6.772599999999999731e-01
0.000000000000000000e+00
0.000000000000000000e+00
0.000000000000000000e+00
0.000000000000000000e+00
7.294500000000000428e-01
0.000000000000000000e+00
8.308400000000000230e-01
0.000000000000000000e+00
0.000000000000000000e+00
0.000000000000000000e+00
1.198530000000000095e+00
0.000000000000000000e+00
0.000000000000000000e+00
0.000000000000000000e+00
0.000000000000000000e+00
7.490099999999999536e-01
0.000000000000000000e+00
0.000000000000000000e+00
1.335769999999999902e+00
0.000000000000000000e+00
0.000000000000000000e+00
5.734299999999999953e-01
0.000000000000000000e+00
0.000000000000000000e+00
0.000000000000000000e+00
0.000000000000000000e+00
8.288200000000000012e-01
0.000000000000000000e+00
0.000000000000000000e+00
0.000000000000000000e+00
6.994000000000000217e-01
0.000000000000000000e+00
0.000000000000000000e+00
0.000000000000000000e+00
0.000000000000000000e+00
6.457500000000000462e-01
0.000000000000000000e+00
0.000000000000000000e+00
0.000000000000000000e+00
0.000000000000000000e+00
7.295399999999999663e-01
0.000000000000000000e+00
6.449799999999999978e-01
0.000000000000000000e+00
0.000000000000000000e+00
0.000000000000000000e+00
5.454099999999999504e-01
0.000000000000000000e+00
0.000000000000000000e+00
0.000000000000000000e+00
6.191100000000000492e-01
0.000000000000000000e+00
0.000000000000000000e+00
0.000000000000000000e+00
0.000000000000000000e+00
6.134800000000000253e-01
0.000000000000000000e+00
6.754400000000000404e-01
0.000000000000000000e+00
0.000000000000000000e+00
4.797500000000000098e-01
0.000000000000000000e+00
0.000000000000000000e+00
0.000000000000000000e+00
7.167599999999999527e-01
0.000000000000000000e+00
0.000000000000000000e+00
0.000000000000000000e+00
0.000000000000000000e+00
0.000000000000000000e+00
7.249299999999999633e-01
0.000000000000000000e+00
0.000000000000000000e+00
0.000000000000000000e+00
0.000000000000000000e+00
7.044000000000000261e-01
0.000000000000000000e+00
0.000000000000000000e+00
5.922100000000000142e-01
0.000000000000000000e+00
0.000000000000000000e+00
0.000000000000000000e+00
6.660099999999999909e-01
0.000000000000000000e+00
5.931199999999999806e-01
0.000000000000000000e+00
1.918209999999999971e+00
0.000000000000000000e+00
0.000000000000000000e+00
0.000000000000000000e+00
5.859600000000000364e-01
0.000000000000000000e+00
0.000000000000000000e+00
8.607700000000000351e-01
0.000000000000000000e+00
0.000000000000000000e+00
0.000000000000000000e+00
5.504599999999999493e-01
0.000000000000000000e+00
0.000000000000000000e+00
0.000000000000000000e+00
6.026000000000000245e-01
0.000000000000000000e+00
8.061000000000000387e-01
0.000000000000000000e+00
9.284999999999999920e-01
0.000000000000000000e+00
6.611799999999999899e-01
0.000000000000000000e+00
0.000000000000000000e+00
9.798599999999999532e-01
0.000000000000000000e+00
0.000000000000000000e+00
5.847499999999999920e-01
0.000000000000000000e+00
0.000000000000000000e+00
0.000000000000000000e+00
0.000000000000000000e+00
5.966399999999999482e-01
0.000000000000000000e+00
0.000000000000000000e+00
0.000000000000000000e+00
5.376100000000000323e-01
0.000000000000000000e+00
0.000000000000000000e+00
1.047919999999999963e+00
0.000000000000000000e+00
1.251479999999999926e+00
0.000000000000000000e+00
0.000000000000000000e+00
0.000000000000000000e+00
0.000000000000000000e+00
6.144300000000000317e-01
0.000000000000000000e+00
0.000000000000000000e+00
6.450399999999999467e-01
0.000000000000000000e+00
0.000000000000000000e+00
0.000000000000000000e+00
9.574399999999999578e-01
0.000000000000000000e+00
0.000000000000000000e+00
5.902600000000000069e-01
0.000000000000000000e+00
0.000000000000000000e+00
4.962900000000000089e-01
0.000000000000000000e+00
0.000000000000000000e+00
0.000000000000000000e+00
5.136800000000000255e-01
0.000000000000000000e+00
0.000000000000000000e+00
5.985200000000000520e-01
0.000000000000000000e+00
0.000000000000000000e+00
0.000000000000000000e+00
8.917000000000000481e-01
0.000000000000000000e+00
0.000000000000000000e+00
0.000000000000000000e+00
0.000000000000000000e+00
0.000000000000000000e+00
0.000000000000000000e+00
0.000000000000000000e+00
0.000000000000000000e+00
0.000000000000000000e+00
0.000000000000000000e+00
0.000000000000000000e+00
0.000000000000000000e+00
0.000000000000000000e+00
0.000000000000000000e+00
0.000000000000000000e+00
0.000000000000000000e+00
0.000000000000000000e+00
0.000000000000000000e+00
0.000000000000000000e+00
0.000000000000000000e+00
0.000000000000000000e+00
5.729899999999999993e-01
0.000000000000000000e+00
0.000000000000000000e+00
0.000000000000000000e+00
4.900100000000000011e-01
0.000000000000000000e+00
6.923799999999999955e-01
0.000000000000000000e+00
0.000000000000000000e+00
5.722599999999999909e-01
0.000000000000000000e+00
0.000000000000000000e+00
0.000000000000000000e+00
5.587900000000000089e-01
0.000000000000000000e+00
0.000000000000000000e+00
6.889699999999999713e-01
0.000000000000000000e+00
0.000000000000000000e+00
6.328200000000000491e-01
0.000000000000000000e+00
0.000000000000000000e+00
6.044300000000000228e-01
0.000000000000000000e+00
0.000000000000000000e+00
0.000000000000000000e+00
6.159799999999999720e-01
0.000000000000000000e+00
0.000000000000000000e+00
6.018999999999999906e-01
0.000000000000000000e+00
4.859600000000000031e-01
0.000000000000000000e+00
0.000000000000000000e+00
0.000000000000000000e+00
5.869400000000000173e-01
0.000000000000000000e+00
0.000000000000000000e+00
6.427899999999999725e-01
0.000000000000000000e+00
0.000000000000000000e+00
0.000000000000000000e+00
5.643399999999999528e-01
0.000000000000000000e+00
6.009799999999999587e-01
0.000000000000000000e+00
0.000000000000000000e+00
0.000000000000000000e+00
1.103329999999999922e+00
0.000000000000000000e+00
0.000000000000000000e+00
0.000000000000000000e+00
0.000000000000000000e+00
5.616799999999999571e-01
0.000000000000000000e+00
0.000000000000000000e+00
6.549599999999999866e-01
0.000000000000000000e+00
0.000000000000000000e+00
0.000000000000000000e+00
5.315499999999999670e-01
0.000000000000000000e+00
0.000000000000000000e+00
0.000000000000000000e+00
4.743999999999999884e-01
0.000000000000000000e+00
6.544400000000000217e-01
0.000000000000000000e+00
5.220000000000000195e-01
0.000000000000000000e+00
4.623300000000000187e-01
0.000000000000000000e+00
0.000000000000000000e+00
0.000000000000000000e+00
7.717100000000000071e-01
0.000000000000000000e+00
0.000000000000000000e+00
0.000000000000000000e+00
4.784200000000000119e-01
0.000000000000000000e+00
0.000000000000000000e+00
0.000000000000000000e+00
6.599099999999999966e-01
0.000000000000000000e+00
7.013700000000000490e-01
0.000000000000000000e+00
0.000000000000000000e+00
0.000000000000000000e+00
6.803599999999999648e-01
0.000000000000000000e+00
0.000000000000000000e+00
0.000000000000000000e+00
0.000000000000000000e+00
0.000000000000000000e+00
0.000000000000000000e+00
5.534599999999999520e-01
0.000000000000000000e+00
5.799199999999999910e-01
0.000000000000000000e+00
5.534999999999999920e-01
0.000000000000000000e+00
8.619700000000000140e-01
0.000000000000000000e+00
0.000000000000000000e+00
0.000000000000000000e+00
0.000000000000000000e+00
7.603900000000000103e-01
0.000000000000000000e+00
0.000000000000000000e+00
5.118399999999999617e-01
0.000000000000000000e+00
1.154449999999999976e+00
0.000000000000000000e+00
5.397399999999999975e-01
0.000000000000000000e+00
0.000000000000000000e+00
0.000000000000000000e+00
5.640899999999999803e-01
0.000000000000000000e+00
0.000000000000000000e+00
8.590299999999999603e-01
0.000000000000000000e+00
0.000000000000000000e+00
7.471999999999999753e-01
0.000000000000000000e+00
0.000000000000000000e+00
5.830100000000000282e-01
0.000000000000000000e+00
1.080319999999999947e+00
0.000000000000000000e+00
0.000000000000000000e+00
8.593399999999999928e-01
0.000000000000000000e+00
0.000000000000000000e+00
0.000000000000000000e+00
8.220199999999999729e-01
0.000000000000000000e+00
6.558199999999999585e-01
0.000000000000000000e+00
0.000000000000000000e+00
7.355699999999999461e-01
0.000000000000000000e+00
0.000000000000000000e+00
8.032099999999999795e-01
0.000000000000000000e+00
0.000000000000000000e+00
5.589800000000000324e-01
0.000000000000000000e+00
1.143110000000000070e+00
0.000000000000000000e+00
0.000000000000000000e+00
0.000000000000000000e+00
0.000000000000000000e+00
4.967400000000000149e-01
0.000000000000000000e+00
0.000000000000000000e+00
0.000000000000000000e+00
0.000000000000000000e+00
0.000000000000000000e+00
5.624099999999999655e-01
0.000000000000000000e+00
0.000000000000000000e+00
0.000000000000000000e+00
7.536699999999999511e-01
0.000000000000000000e+00
0.000000000000000000e+00
0.000000000000000000e+00
0.000000000000000000e+00
0.000000000000000000e+00
7.699799999999999978e-01
0.000000000000000000e+00
0.000000000000000000e+00
5.697799999999999532e-01
0.000000000000000000e+00
4.188899999999999846e-01
0.000000000000000000e+00
0.000000000000000000e+00
0.000000000000000000e+00
0.000000000000000000e+00
6.625699999999999923e-01
0.000000000000000000e+00
0.000000000000000000e+00
5.043699999999999850e-01
0.000000000000000000e+00
6.184100000000000152e-01
0.000000000000000000e+00
7.414800000000000280e-01
0.000000000000000000e+00
0.000000000000000000e+00
9.507100000000000550e-01
0.000000000000000000e+00
0.000000000000000000e+00
5.916900000000000492e-01
0.000000000000000000e+00
0.000000000000000000e+00
0.000000000000000000e+00
5.963300000000000267e-01
0.000000000000000000e+00
1.245290000000000008e+00
0.000000000000000000e+00
0.000000000000000000e+00
7.915100000000000469e-01
0.000000000000000000e+00
0.000000000000000000e+00
0.000000000000000000e+00
6.067399999999999460e-01
0.000000000000000000e+00
0.000000000000000000e+00
0.000000000000000000e+00
0.000000000000000000e+00
6.190400000000000347e-01
0.000000000000000000e+00
1.711189999999999989e+00
0.000000000000000000e+00
0.000000000000000000e+00
0.000000000000000000e+00
4.772500000000000075e-01
0.000000000000000000e+00
0.000000000000000000e+00
5.152999999999999803e-01
0.000000000000000000e+00
0.000000000000000000e+00
0.000000000000000000e+00
6.311799999999999633e-01
0.000000000000000000e+00
0.000000000000000000e+00
0.000000000000000000e+00
6.040900000000000158e-01
0.000000000000000000e+00
9.907200000000000450e-01
0.000000000000000000e+00
0.000000000000000000e+00
5.102400000000000269e-01
0.000000000000000000e+00
0.000000000000000000e+00
0.000000000000000000e+00
5.229300000000000059e-01
0.000000000000000000e+00
0.000000000000000000e+00
0.000000000000000000e+00
0.000000000000000000e+00
7.071899999999999853e-01
0.000000000000000000e+00
6.157000000000000250e-01
0.000000000000000000e+00
5.283400000000000318e-01
0.000000000000000000e+00
5.907200000000000228e-01
0.000000000000000000e+00
0.000000000000000000e+00
8.137600000000000389e-01
0.000000000000000000e+00
0.000000000000000000e+00
0.000000000000000000e+00
5.675499999999999989e-01
0.000000000000000000e+00
0.000000000000000000e+00
6.753799999999999804e-01
0.000000000000000000e+00
0.000000000000000000e+00
0.000000000000000000e+00
0.000000000000000000e+00
0.000000000000000000e+00
0.000000000000000000e+00
0.000000000000000000e+00
0.000000000000000000e+00
0.000000000000000000e+00
0.000000000000000000e+00
0.000000000000000000e+00
0.000000000000000000e+00
0.000000000000000000e+00
0.000000000000000000e+00
0.000000000000000000e+00
0.000000000000000000e+00
0.000000000000000000e+00
0.000000000000000000e+00
0.000000000000000000e+00
0.000000000000000000e+00
0.000000000000000000e+00
5.570800000000000196e-01
0.000000000000000000e+00
0.000000000000000000e+00
0.000000000000000000e+00
0.000000000000000000e+00
6.411900000000000377e-01
0.000000000000000000e+00
7.320299999999999585e-01
0.000000000000000000e+00
0.000000000000000000e+00
0.000000000000000000e+00
0.000000000000000000e+00
5.031200000000000117e-01
0.000000000000000000e+00
6.910300000000000331e-01
0.000000000000000000e+00
0.000000000000000000e+00
0.000000000000000000e+00
5.897099999999999564e-01
0.000000000000000000e+00
0.000000000000000000e+00
0.000000000000000000e+00
5.333099999999999508e-01
0.000000000000000000e+00
0.000000000000000000e+00
0.000000000000000000e+00
0.000000000000000000e+00
0.000000000000000000e+00
6.452799999999999647e-01
0.000000000000000000e+00
0.000000000000000000e+00
6.046200000000000463e-01
0.000000000000000000e+00
0.000000000000000000e+00
0.000000000000000000e+00
0.000000000000000000e+00
5.419800000000000173e-01
0.000000000000000000e+00
0.000000000000000000e+00
0.000000000000000000e+00
7.647100000000000009e-01
0.000000000000000000e+00
0.000000000000000000e+00
1.060689999999999911e+00
0.000000000000000000e+00
6.588500000000000467e-01
0.000000000000000000e+00
0.000000000000000000e+00
0.000000000000000000e+00
0.000000000000000000e+00
6.672299999999999898e-01
0.000000000000000000e+00
0.000000000000000000e+00
0.000000000000000000e+00
0.000000000000000000e+00
0.000000000000000000e+00
0.000000000000000000e+00
7.293899999999999828e-01
0.000000000000000000e+00
0.000000000000000000e+00
0.000000000000000000e+00
1.117329999999999934e+00
0.000000000000000000e+00
0.000000000000000000e+00
5.321099999999999719e-01
0.000000000000000000e+00
0.000000000000000000e+00
4.902199999999999891e-01
0.000000000000000000e+00
0.000000000000000000e+00
0.000000000000000000e+00
0.000000000000000000e+00
0.000000000000000000e+00
5.667100000000000470e-01
0.000000000000000000e+00
0.000000000000000000e+00
5.341900000000000537e-01
0.000000000000000000e+00
0.000000000000000000e+00
6.514900000000000135e-01
0.000000000000000000e+00
0.000000000000000000e+00
0.000000000000000000e+00
8.212899999999999645e-01
0.000000000000000000e+00
7.391499999999999737e-01
0.000000000000000000e+00
5.427499999999999547e-01
0.000000000000000000e+00
7.353600000000000136e-01
0.000000000000000000e+00
0.000000000000000000e+00
0.000000000000000000e+00
0.000000000000000000e+00
4.363400000000000056e-01
0.000000000000000000e+00
7.317200000000000371e-01
0.000000000000000000e+00
0.000000000000000000e+00
0.000000000000000000e+00
6.759500000000000508e-01
0.000000000000000000e+00
0.000000000000000000e+00
5.912600000000000078e-01
0.000000000000000000e+00
0.000000000000000000e+00
6.615299999999999514e-01
0.000000000000000000e+00
0.000000000000000000e+00
0.000000000000000000e+00
7.254300000000000193e-01
0.000000000000000000e+00
0.000000000000000000e+00
0.000000000000000000e+00
0.000000000000000000e+00
0.000000000000000000e+00
9.228199999999999736e-01
0.000000000000000000e+00
0.000000000000000000e+00
0.000000000000000000e+00
6.634900000000000242e-01
0.000000000000000000e+00
6.856700000000000017e-01
0.000000000000000000e+00
0.000000000000000000e+00
5.204499999999999682e-01
0.000000000000000000e+00
0.000000000000000000e+00
0.000000000000000000e+00
0.000000000000000000e+00
0.000000000000000000e+00
7.002399999999999736e-01
0.000000000000000000e+00
0.000000000000000000e+00
1.247959999999999958e+00
0.000000000000000000e+00
0.000000000000000000e+00
0.000000000000000000e+00
7.053800000000000070e-01
0.000000000000000000e+00
0.000000000000000000e+00
0.000000000000000000e+00
0.000000000000000000e+00
6.407899999999999707e-01
0.000000000000000000e+00
5.818799999999999528e-01
0.000000000000000000e+00
0.000000000000000000e+00
8.051800000000000068e-01
0.000000000000000000e+00
0.000000000000000000e+00
0.000000000000000000e+00
0.000000000000000000e+00
5.270899999999999475e-01
0.000000000000000000e+00
0.000000000000000000e+00
0.000000000000000000e+00
0.000000000000000000e+00
0.000000000000000000e+00
0.000000000000000000e+00
0.000000000000000000e+00
1.142190000000000039e+00
0.000000000000000000e+00
8.024299999999999766e-01
0.000000000000000000e+00
6.305300000000000349e-01
0.000000000000000000e+00
7.171800000000000397e-01
0.000000000000000000e+00
6.373199999999999976e-01
0.000000000000000000e+00
0.000000000000000000e+00
5.200299999999999923e-01
0.000000000000000000e+00
0.000000000000000000e+00
0.000000000000000000e+00
0.000000000000000000e+00
0.000000000000000000e+00
6.255300000000000304e-01
0.000000000000000000e+00
7.742200000000000193e-01
0.000000000000000000e+00
7.597399999999999709e-01
0.000000000000000000e+00
0.000000000000000000e+00
0.000000000000000000e+00
5.631000000000000449e-01
0.000000000000000000e+00
6.593299999999999716e-01
0.000000000000000000e+00
0.000000000000000000e+00
0.000000000000000000e+00
6.171699999999999964e-01
0.000000000000000000e+00
9.211200000000000498e-01
0.000000000000000000e+00
0.000000000000000000e+00
0.000000000000000000e+00
0.000000000000000000e+00
5.266800000000000370e-01
0.000000000000000000e+00
0.000000000000000000e+00
0.000000000000000000e+00
0.000000000000000000e+00
0.000000000000000000e+00
0.000000000000000000e+00
7.130699999999999816e-01
0.000000000000000000e+00
0.000000000000000000e+00
0.000000000000000000e+00
8.048199999999999799e-01
0.000000000000000000e+00
0.000000000000000000e+00
6.454100000000000392e-01
0.000000000000000000e+00
0.000000000000000000e+00
0.000000000000000000e+00
4.853700000000000236e-01
0.000000000000000000e+00
0.000000000000000000e+00
1.048620000000000108e+00
0.000000000000000000e+00
0.000000000000000000e+00
0.000000000000000000e+00
0.000000000000000000e+00
0.000000000000000000e+00
5.909499999999999753e-01
0.000000000000000000e+00
5.141499999999999959e-01
0.000000000000000000e+00
0.000000000000000000e+00
5.968700000000000117e-01
0.000000000000000000e+00
0.000000000000000000e+00
0.000000000000000000e+00
0.000000000000000000e+00
5.847099999999999520e-01
0.000000000000000000e+00
0.000000000000000000e+00
0.000000000000000000e+00
0.000000000000000000e+00
1.919640000000000013e+00
0.000000000000000000e+00
0.000000000000000000e+00
9.563599999999999879e-01
0.000000000000000000e+00
6.286699999999999511e-01
0.000000000000000000e+00
5.271400000000000530e-01
0.000000000000000000e+00
1.147520000000000095e+00
0.000000000000000000e+00
9.862400000000000055e-01
0.000000000000000000e+00
0.000000000000000000e+00
7.098200000000000065e-01
0.000000000000000000e+00
0.000000000000000000e+00
8.003200000000000314e-01
0.000000000000000000e+00
0.000000000000000000e+00
5.391500000000000181e-01
0.000000000000000000e+00
0.000000000000000000e+00
8.934400000000000119e-01
0.000000000000000000e+00
0.000000000000000000e+00
0.000000000000000000e+00
6.207099999999999840e-01
0.000000000000000000e+00
6.281200000000000117e-01
0.000000000000000000e+00
0.000000000000000000e+00
6.387899999999999689e-01
0.000000000000000000e+00
0.000000000000000000e+00
5.459899999999999753e-01
0.000000000000000000e+00
0.000000000000000000e+00
0.000000000000000000e+00
0.000000000000000000e+00
5.850699999999999790e-01
0.000000000000000000e+00
0.000000000000000000e+00
0.000000000000000000e+00
0.000000000000000000e+00
0.000000000000000000e+00
0.000000000000000000e+00
0.000000000000000000e+00
0.000000000000000000e+00
0.000000000000000000e+00
0.000000000000000000e+00
0.000000000000000000e+00
0.000000000000000000e+00
0.000000000000000000e+00
0.000000000000000000e+00
0.000000000000000000e+00
0.000000000000000000e+00
0.000000000000000000e+00
0.000000000000000000e+00
0.000000000000000000e+00
0.000000000000000000e+00
0.000000000000000000e+00
0.000000000000000000e+00
0.000000000000000000e+00
5.712399999999999700e-01
0.000000000000000000e+00
0.000000000000000000e+00
5.914099999999999913e-01
0.000000000000000000e+00
0.000000000000000000e+00
8.501999999999999558e-01
0.000000000000000000e+00
0.000000000000000000e+00
0.000000000000000000e+00
4.854700000000000126e-01
0.000000000000000000e+00
0.000000000000000000e+00
0.000000000000000000e+00
0.000000000000000000e+00
8.890700000000000269e-01
0.000000000000000000e+00
0.000000000000000000e+00
5.936799999999999855e-01
0.000000000000000000e+00
0.000000000000000000e+00
0.000000000000000000e+00
9.513200000000000545e-01
0.000000000000000000e+00
0.000000000000000000e+00
0.000000000000000000e+00
6.259200000000000319e-01
0.000000000000000000e+00
0.000000000000000000e+00
5.668800000000000505e-01
0.000000000000000000e+00
4.271599999999999842e-01
0.000000000000000000e+00
6.324999999999999512e-01
0.000000000000000000e+00
0.000000000000000000e+00
0.000000000000000000e+00
5.854899999999999549e-01
0.000000000000000000e+00
1.154330000000000078e+00
0.000000000000000000e+00
0.000000000000000000e+00
0.000000000000000000e+00
0.000000000000000000e+00
4.755099999999999882e-01
0.000000000000000000e+00
0.000000000000000000e+00
0.000000000000000000e+00
0.000000000000000000e+00
7.764400000000000190e-01
0.000000000000000000e+00
0.000000000000000000e+00
7.499099999999999655e-01
0.000000000000000000e+00
8.341699999999999671e-01
0.000000000000000000e+00
8.468900000000000317e-01
0.000000000000000000e+00
0.000000000000000000e+00
0.000000000000000000e+00
0.000000000000000000e+00
7.039199999999999902e-01
0.000000000000000000e+00
0.000000000000000000e+00
7.213800000000000212e-01
0.000000000000000000e+00
0.000000000000000000e+00
7.363499999999999490e-01
0.000000000000000000e+00
0.000000000000000000e+00
6.185199999999999587e-01
0.000000000000000000e+00
0.000000000000000000e+00
6.567800000000000304e-01
0.000000000000000000e+00
0.000000000000000000e+00
5.761500000000000510e-01
0.000000000000000000e+00
0.000000000000000000e+00
0.000000000000000000e+00
0.000000000000000000e+00
0.000000000000000000e+00
0.000000000000000000e+00
4.963500000000000134e-01
0.000000000000000000e+00
0.000000000000000000e+00
0.000000000000000000e+00
0.000000000000000000e+00
4.987500000000000266e-01
0.000000000000000000e+00
0.000000000000000000e+00
0.000000000000000000e+00
6.036899999999999489e-01
0.000000000000000000e+00
0.000000000000000000e+00
1.426230000000000109e+00
0.000000000000000000e+00
5.884399999999999631e-01
0.000000000000000000e+00
0.000000000000000000e+00
1.012899999999999912e+00
0.000000000000000000e+00
0.000000000000000000e+00
5.525999999999999801e-01
0.000000000000000000e+00
0.000000000000000000e+00
0.000000000000000000e+00
0.000000000000000000e+00
0.000000000000000000e+00
6.134800000000000253e-01
0.000000000000000000e+00
7.095399999999999485e-01
0.000000000000000000e+00
6.099400000000000377e-01
0.000000000000000000e+00
5.927599999999999536e-01
0.000000000000000000e+00
0.000000000000000000e+00
6.501500000000000057e-01
0.000000000000000000e+00
0.000000000000000000e+00
6.103199999999999736e-01
0.000000000000000000e+00
0.000000000000000000e+00
1.465649999999999897e+00
0.000000000000000000e+00
0.000000000000000000e+00
0.000000000000000000e+00
0.000000000000000000e+00
5.270000000000000240e-01
0.000000000000000000e+00
0.000000000000000000e+00
0.000000000000000000e+00
7.632799999999999585e-01
0.000000000000000000e+00
1.924590000000000023e+00
0.000000000000000000e+00
0.000000000000000000e+00
0.000000000000000000e+00
1.094209999999999905e+00
0.000000000000000000e+00
1.114460000000000006e+00
0.000000000000000000e+00
0.000000000000000000e+00
0.000000000000000000e+00
5.424600000000000533e-01
0.000000000000000000e+00
1.247689999999999966e+00
0.000000000000000000e+00
0.000000000000000000e+00
0.000000000000000000e+00
0.000000000000000000e+00
0.000000000000000000e+00
6.997400000000000286e-01
0.000000000000000000e+00
5.853399999999999714e-01
0.000000000000000000e+00
0.000000000000000000e+00
0.000000000000000000e+00
5.820199999999999818e-01
0.000000000000000000e+00
5.562799999999999967e-01
0.000000000000000000e+00
0.000000000000000000e+00
0.000000000000000000e+00
0.000000000000000000e+00
0.000000000000000000e+00
0.000000000000000000e+00
5.252900000000000347e-01
0.000000000000000000e+00
0.000000000000000000e+00
0.000000000000000000e+00
6.267800000000000038e-01
0.000000000000000000e+00
0.000000000000000000e+00
0.000000000000000000e+00
7.084200000000000497e-01
0.000000000000000000e+00
0.000000000000000000e+00
7.369700000000000140e-01
0.000000000000000000e+00
0.000000000000000000e+00
5.090000000000000080e-01
0.000000000000000000e+00
5.693700000000000427e-01
0.000000000000000000e+00
0.000000000000000000e+00
6.031400000000000095e-01
0.000000000000000000e+00
0.000000000000000000e+00
0.000000000000000000e+00
0.000000000000000000e+00
5.371500000000000163e-01
0.000000000000000000e+00
6.100799999999999557e-01
0.000000000000000000e+00
0.000000000000000000e+00
0.000000000000000000e+00
0.000000000000000000e+00
1.144230000000000080e+00
0.000000000000000000e+00
0.000000000000000000e+00
0.000000000000000000e+00
5.580899999999999750e-01
0.000000000000000000e+00
6.059400000000000341e-01
0.000000000000000000e+00
0.000000000000000000e+00
0.000000000000000000e+00
0.000000000000000000e+00
5.369500000000000384e-01
0.000000000000000000e+00
0.000000000000000000e+00
0.000000000000000000e+00
0.000000000000000000e+00
0.000000000000000000e+00
4.199200000000000155e-01
0.000000000000000000e+00
0.000000000000000000e+00
0.000000000000000000e+00
0.000000000000000000e+00
4.358799999999999897e-01
0.000000000000000000e+00
0.000000000000000000e+00
1.054939999999999989e+00
0.000000000000000000e+00
7.162199999999999678e-01
0.000000000000000000e+00
0.000000000000000000e+00
6.221100000000000518e-01
0.000000000000000000e+00
0.000000000000000000e+00
1.404400000000000093e+00
0.000000000000000000e+00
0.000000000000000000e+00
0.000000000000000000e+00
0.000000000000000000e+00
5.395600000000000396e-01
0.000000000000000000e+00
7.552900000000000169e-01
0.000000000000000000e+00
0.000000000000000000e+00
6.333699999999999886e-01
0.000000000000000000e+00
0.000000000000000000e+00
7.035500000000000087e-01
0.000000000000000000e+00
0.000000000000000000e+00
0.000000000000000000e+00
5.605599999999999472e-01
0.000000000000000000e+00
8.073399999999999466e-01
0.000000000000000000e+00
0.000000000000000000e+00
6.683599999999999541e-01
0.000000000000000000e+00
6.674299999999999677e-01
0.000000000000000000e+00
7.999100000000000099e-01
0.000000000000000000e+00
5.897900000000000365e-01
0.000000000000000000e+00
0.000000000000000000e+00
0.000000000000000000e+00
0.000000000000000000e+00
5.947500000000000009e-01
0.000000000000000000e+00
0.000000000000000000e+00
1.193719999999999892e+00
0.000000000000000000e+00
0.000000000000000000e+00
0.000000000000000000e+00
0.000000000000000000e+00
0.000000000000000000e+00
0.000000000000000000e+00
0.000000000000000000e+00
0.000000000000000000e+00
0.000000000000000000e+00
0.000000000000000000e+00
0.000000000000000000e+00
0.000000000000000000e+00
0.000000000000000000e+00
