0.000000000000000000e+00
0.000000000000000000e+00
0.000000000000000000e+00
0.000000000000000000e+00
0.000000000000000000e+00
0.000000000000000000e+00
0.000000000000000000e+00
0.000000000000000000e+00
0.000000000000000000e+00
0.000000000000000000e+00
5.614000000000000101e-01
0.000000000000000000e+00
5.795200000000000351e-01
0.000000000000000000e+00
0.000000000000000000e+00
5.858799999999999564e-01
0.000000000000000000e+00
0.000000000000000000e+00
5.551800000000000068e-01
0.000000000000000000e+00
5.764899999999999469e-01
0.000000000000000000e+00
0.000000000000000000e+00
0.000000000000000000e+00
5.040900000000000380e-01
0.000000000000000000e+00
0.000000000000000000e+00
0.000000000000000000e+00
5.395299999999999541e-01
0.000000000000000000e+00
0.000000000000000000e+00
6.331999999999999851e-01
0.000000000000000000e+00
0.000000000000000000e+00
0.000000000000000000e+00
7.412400000000000100e-01
0.000000000000000000e+00
5.289399999999999658e-01
0.000000000000000000e+00
0.000000000000000000e+00
5.772199999999999553e-01
0.000000000000000000e+00
6.538000000000000478e-01
0.000000000000000000e+00
5.733700000000000463e-01
0.000000000000000000e+00
0.000000000000000000e+00
0.000000000000000000e+00
0.000000000000000000e+00
5.691399999999999793e-01
0.000000000000000000e+00
0.000000000000000000e+00
0.000000000000000000e+00
5.478499999999999481e-01
0.000000000000000000e+00
4.967099999999999849e-01
0.000000000000000000e+00
0.000000000000000000e+00
5.021600000000000508e-01
0.000000000000000000e+00
0.000000000000000000e+00
0.000000000000000000e+00
4.312199999999999922e-01
0.000000000000000000e+00
0.000000000000000000e+00
0.000000000000000000e+00
4.537100000000000022e-01
0.000000000000000000e+00
0.000000000000000000e+00
0.000000000000000000e+00
0.000000000000000000e+00
0.000000000000000000e+00
0.000000000000000000e+00
7.868000000000000549e-01
0.000000000000000000e+00
0.000000000000000000e+00
0.000000000000000000e+00
4.809599999999999986e-01
0.000000000000000000e+00
0.000000000000000000e+00
0.000000000000000000e+00
4.363600000000000256e-01
0.000000000000000000e+00
0.000000000000000000e+00
5.144900000000000029e-01
0.000000000000000000e+00
5.288000000000000478e-01
0.000000000000000000e+00
0.000000000000000000e+00
0.000000000000000000e+00
5.234299999999999509e-01
0.000000000000000000e+00
0.000000000000000000e+00
0.000000000000000000e+00
0.000000000000000000e+00
4.383500000000000174e-01
0.000000000000000000e+00
0.000000000000000000e+00
0.000000000000000000e+00
0.000000000000000000e+00
0.000000000000000000e+00
4.406700000000000061e-01
0.000000000000000000e+00
0.000000000000000000e+00
0.000000000000000000e+00
0.000000000000000000e+00
4.719400000000000261e-01
0.000000000000000000e+00
0.000000000000000000e+00
0.000000000000000000e+00
0.000000000000000000e+00
1.171049999999999924e+00
0.000000000000000000e+00
4.755699999999999927e-01
0.000000000000000000e+00
4.781400000000000095e-01
0.000000000000000000e+00
0.000000000000000000e+00
0.000000000000000000e+00
4.912900000000000045e-01
0.000000000000000000e+00
0.000000000000000000e+00
4.096099999999999741e-01
0.000000000000000000e+00
0.000000000000000000e+00
0.000000000000000000e+00
5.127000000000000446e-01
0.000000000000000000e+00
0.000000000000000000e+00
7.368700000000000250e-01
0.000000000000000000e+00
0.000000000000000000e+00
0.000000000000000000e+00
6.054300000000000237e-01
0.000000000000000000e+00
0.000000000000000000e+00
4.547200000000000131e-01
0.000000000000000000e+00
0.000000000000000000e+00
0.000000000000000000e+00
4.394000000000000128e-01
0.000000000000000000e+00
0.000000000000000000e+00
0.000000000000000000e+00
0.000000000000000000e+00
3.804400000000000004e-01
0.000000000000000000e+00
0.000000000000000000e+00
0.000000000000000000e+00
6.664799999999999613e-01
0.000000000000000000e+00
0.000000000000000000e+00
0.000000000000000000e+00
6.114800000000000235e-01
0.000000000000000000e+00
0.000000000000000000e+00
0.000000000000000000e+00
0.000000000000000000e+00
3.937100000000000044e-01
0.000000000000000000e+00
0.000000000000000000e+00
1.002990000000000048e+00
0.000000000000000000e+00
0.000000000000000000e+00
0.000000000000000000e+00
0.000000000000000000e+00
4.691400000000000015e-01
0.000000000000000000e+00
0.000000000000000000e+00
0.000000000000000000e+00
5.809900000000000064e-01
0.000000000000000000e+00
4.994799999999999796e-01
0.000000000000000000e+00
0.000000000000000000e+00
0.000000000000000000e+00
4.176199999999999912e-01
0.000000000000000000e+00
0.000000000000000000e+00
9.193200000000000260e-01
0.000000000000000000e+00
0.000000000000000000e+00
8.498900000000000343e-01
0.000000000000000000e+00
0.000000000000000000e+00
4.621500000000000052e-01
0.000000000000000000e+00
0.000000000000000000e+00
0.000000000000000000e+00
5.592899999999999539e-01
0.000000000000000000e+00
0.000000000000000000e+00
0.000000000000000000e+00
5.160400000000000542e-01
0.000000000000000000e+00
0.000000000000000000e+00
0.000000000000000000e+00
0.000000000000000000e+00
8.624800000000000244e-01
0.000000000000000000e+00
5.801399999999999890e-01
0.000000000000000000e+00
0.000000000000000000e+00
4.580799999999999872e-01
0.000000000000000000e+00
7.280499999999999750e-01
0.000000000000000000e+00
0.000000000000000000e+00
0.000000000000000000e+00
0.000000000000000000e+00
0.000000000000000000e+00
0.000000000000000000e+00
6.794700000000000184e-01
0.000000000000000000e+00
0.000000000000000000e+00
0.000000000000000000e+00
0.000000000000000000e+00
5.938700000000000090e-01
0.000000000000000000e+00
0.000000000000000000e+00
0.000000000000000000e+00
0.000000000000000000e+00
6.773299999999999876e-01
0.000000000000000000e+00
0.000000000000000000e+00
0.000000000000000000e+00
5.348300000000000276e-01
0.000000000000000000e+00
0.000000000000000000e+00
5.011400000000000299e-01
0.000000000000000000e+00
5.796299999999999786e-01
0.000000000000000000e+00
0.000000000000000000e+00
0.000000000000000000e+00
0.000000000000000000e+00
0.000000000000000000e+00
0.000000000000000000e+00
0.000000000000000000e+00
3.712199999999999944e-01
0.000000000000000000e+00
0.000000000000000000e+00
5.826000000000000068e-01
0.000000000000000000e+00
0.000000000000000000e+00
7.219400000000000261e-01
0.000000000000000000e+00
0.000000000000000000e+00
5.592500000000000249e-01
0.000000000000000000e+00
4.586000000000000076e-01
0.000000000000000000e+00
0.000000000000000000e+00
0.000000000000000000e+00
5.058799999999999963e-01
0.000000000000000000e+00
0.000000000000000000e+00
0.000000000000000000e+00
0.000000000000000000e+00
5.302099999999999591e-01
0.000000000000000000e+00
0.000000000000000000e+00
0.000000000000000000e+00
7.772799999999999709e-01
0.000000000000000000e+00
0.000000000000000000e+00
4.334500000000000020e-01
0.000000000000000000e+00
0.000000000000000000e+00
4.823000000000000065e-01
0.000000000000000000e+00
0.000000000000000000e+00
6.088099999999999623e-01
0.000000000000000000e+00
0.000000000000000000e+00
0.000000000000000000e+00
0.000000000000000000e+00
4.586799999999999766e-01
0.000000000000000000e+00
0.000000000000000000e+00
5.578199999999999825e-01
0.000000000000000000e+00
0.000000000000000000e+00
0.000000000000000000e+00
8.049899999999999833e-01
0.000000000000000000e+00
0.000000000000000000e+00
6.681899999999999507e-01
0.000000000000000000e+00
0.000000000000000000e+00
0.000000000000000000e+00
0.000000000000000000e+00
5.706999999999999851e-01
0.000000000000000000e+00
0.000000000000000000e+00
0.000000000000000000e+00
0.000000000000000000e+00
0.000000000000000000e+00
6.553799999999999626e-01
0.000000000000000000e+00
5.749100000000000321e-01
0.000000000000000000e+00
0.000000000000000000e+00
0.000000000000000000e+00
0.000000000000000000e+00
0.000000000000000000e+00
0.000000000000000000e+00
0.000000000000000000e+00
0.000000000000000000e+00
0.000000000000000000e+00
0.000000000000000000e+00
0.000000000000000000e+00
0.000000000000000000e+00
0.000000000000000000e+00
0.000000000000000000e+00
0.000000000000000000e+00
0.000000000000000000e+00
0.000000000000000000e+00
0.000000000000000000e+00
0.000000000000000000e+00
0.000000000000000000e+00
0.000000000000000000e+00
0.000000000000000000e+00
0.000000000000000000e+00
0.000000000000000000e+00
0.000000000000000000e+00
0.000000000000000000e+00
7.067799999999999638e-01
0.000000000000000000e+00
0.000000000000000000e+00
6.475800000000000445e-01
0.000000000000000000e+00
6.871099999999999985e-01
0.000000000000000000e+00
0.000000000000000000e+00
0.000000000000000000e+00
0.000000000000000000e+00
5.374900000000000233e-01
0.000000000000000000e+00
4.650599999999999734e-01
0.000000000000000000e+00
0.000000000000000000e+00
5.299800000000000066e-01
0.000000000000000000e+00
0.000000000000000000e+00
0.000000000000000000e+00
5.364200000000000079e-01
0.000000000000000000e+00
0.000000000000000000e+00
6.451000000000000068e-01
0.000000000000000000e+00
0.000000000000000000e+00
0.000000000000000000e+00
5.094699999999999784e-01
0.000000000000000000e+00
6.328899999999999526e-01
0.000000000000000000e+00
0.000000000000000000e+00
0.000000000000000000e+00
5.040499999999999980e-01
0.000000000000000000e+00
6.645699999999999941e-01
0.000000000000000000e+00
5.220900000000000540e-01
0.000000000000000000e+00
0.000000000000000000e+00
0.000000000000000000e+00
0.000000000000000000e+00
4.889700000000000157e-01
0.000000000000000000e+00
0.000000000000000000e+00
0.000000000000000000e+00
0.000000000000000000e+00
4.723700000000000121e-01
0.000000000000000000e+00
1.240979999999999972e+00
0.000000000000000000e+00
4.819100000000000050e-01
0.000000000000000000e+00
4.840300000000000158e-01
0.000000000000000000e+00
0.000000000000000000e+00
0.000000000000000000e+00
5.109399999999999498e-01
0.000000000000000000e+00
1.025099999999999900e+00
0.000000000000000000e+00
0.000000000000000000e+00
0.000000000000000000e+00
6.453499999999999792e-01
0.000000000000000000e+00
0.000000000000000000e+00
5.710300000000000376e-01
0.000000000000000000e+00
5.520699999999999497e-01
0.000000000000000000e+00
0.000000000000000000e+00
7.344500000000000473e-01
0.000000000000000000e+00
0.000000000000000000e+00
5.645700000000000163e-01
0.000000000000000000e+00
0.000000000000000000e+00
1.470979999999999954e+00
0.000000000000000000e+00
0.000000000000000000e+00
0.000000000000000000e+00
0.000000000000000000e+00
0.000000000000000000e+00
0.000000000000000000e+00
4.893700000000000272e-01
0.000000000000000000e+00
0.000000000000000000e+00
5.462700000000000333e-01
0.000000000000000000e+00
5.937299999999999800e-01
0.000000000000000000e+00
5.078000000000000291e-01
0.000000000000000000e+00
5.358500000000000485e-01
0.000000000000000000e+00
0.000000000000000000e+00
0.000000000000000000e+00
0.000000000000000000e+00
4.328299999999999925e-01
0.000000000000000000e+00
0.000000000000000000e+00
5.144999999999999574e-01
0.000000000000000000e+00
0.000000000000000000e+00
5.603700000000000347e-01
0.000000000000000000e+00
0.000000000000000000e+00
0.000000000000000000e+00
0.000000000000000000e+00
0.000000000000000000e+00
6.168400000000000549e-01
0.000000000000000000e+00
8.109100000000000197e-01
0.000000000000000000e+00
5.000000000000000000e-01
0.000000000000000000e+00
4.767899999999999916e-01
0.000000000000000000e+00
6.161400000000000210e-01
0.000000000000000000e+00
0.000000000000000000e+00
5.185800000000000409e-01
0.000000000000000000e+00
0.000000000000000000e+00
0.000000000000000000e+00
5.144499999999999629e-01
0.000000000000000000e+00
0.000000000000000000e+00
0.000000000000000000e+00
0.000000000000000000e+00
4.408000000000000251e-01
0.000000000000000000e+00
0.000000000000000000e+00
6.826600000000000446e-01
0.000000000000000000e+00
0.000000000000000000e+00
0.000000000000000000e+00
8.444700000000000539e-01
0.000000000000000000e+00
0.000000000000000000e+00
0.000000000000000000e+00
0.000000000000000000e+00
0.000000000000000000e+00
6.819100000000000161e-01
0.000000000000000000e+00
5.339500000000000357e-01
0.000000000000000000e+00
0.000000000000000000e+00
0.000000000000000000e+00
5.774700000000000388e-01
0.000000000000000000e+00
0.000000000000000000e+00
5.344600000000000461e-01
0.000000000000000000e+00
5.958999999999999853e-01
0.000000000000000000e+00
0.000000000000000000e+00
5.882600000000000051e-01
0.000000000000000000e+00
0.000000000000000000e+00
5.560399999999999787e-01
0.000000000000000000e+00
8.410600000000000298e-01
0.000000000000000000e+00
0.000000000000000000e+00
0.000000000000000000e+00
4.660799999999999943e-01
0.000000000000000000e+00
0.000000000000000000e+00
0.000000000000000000e+00
5.337600000000000122e-01
0.000000000000000000e+00
0.000000000000000000e+00
0.000000000000000000e+00
9.398100000000000342e-01
0.000000000000000000e+00
0.000000000000000000e+00
0.000000000000000000e+00
0.000000000000000000e+00
0.000000000000000000e+00
5.898499999999999854e-01
0.000000000000000000e+00
9.184600000000000541e-01
0.000000000000000000e+00
5.060099999999999598e-01
0.000000000000000000e+00
5.386999999999999567e-01
0.000000000000000000e+00
0.000000000000000000e+00
0.000000000000000000e+00
0.000000000000000000e+00
0.000000000000000000e+00
0.000000000000000000e+00
4.767100000000000226e-01
0.000000000000000000e+00
0.000000000000000000e+00
0.000000000000000000e+00
8.746099999999999985e-01
0.000000000000000000e+00
0.000000000000000000e+00
5.538999999999999480e-01
0.000000000000000000e+00
5.898099999999999454e-01
0.000000000000000000e+00
0.000000000000000000e+00
0.000000000000000000e+00
0.000000000000000000e+00
8.648000000000000131e-01
0.000000000000000000e+00
0.000000000000000000e+00
0.000000000000000000e+00
5.414099999999999469e-01
0.000000000000000000e+00
8.898399999999999643e-01
0.000000000000000000e+00
0.000000000000000000e+00
1.630840000000000067e+00
0.000000000000000000e+00
0.000000000000000000e+00
5.465499999999999803e-01
0.000000000000000000e+00
8.196499999999999897e-01
0.000000000000000000e+00
0.000000000000000000e+00
0.000000000000000000e+00
0.000000000000000000e+00
7.254800000000000137e-01
0.000000000000000000e+00
0.000000000000000000e+00
0.000000000000000000e+00
0.000000000000000000e+00
4.702999999999999958e-01
0.000000000000000000e+00
7.427599999999999758e-01
0.000000000000000000e+00
0.000000000000000000e+00
0.000000000000000000e+00
0.000000000000000000e+00
7.069900000000000073e-01
0.000000000000000000e+00
0.000000000000000000e+00
4.236099999999999866e-01
0.000000000000000000e+00
0.000000000000000000e+00
0.000000000000000000e+00
5.406300000000000550e-01
0.000000000000000000e+00
0.000000000000000000e+00
1.099890000000000034e+00
0.000000000000000000e+00
0.000000000000000000e+00
3.877599999999999936e-01
0.000000000000000000e+00
0.000000000000000000e+00
6.124899999999999789e-01
0.000000000000000000e+00
0.000000000000000000e+00
0.000000000000000000e+00
5.435799999999999521e-01
0.000000000000000000e+00
0.000000000000000000e+00
0.000000000000000000e+00
0.000000000000000000e+00
4.849700000000000122e-01
0.000000000000000000e+00
0.000000000000000000e+00
0.000000000000000000e+00
0.000000000000000000e+00
0.000000000000000000e+00
0.000000000000000000e+00
0.000000000000000000e+00
0.000000000000000000e+00
0.000000000000000000e+00
0.000000000000000000e+00
0.000000000000000000e+00
0.000000000000000000e+00
0.000000000000000000e+00
0.000000000000000000e+00
0.000000000000000000e+00
0.000000000000000000e+00
0.000000000000000000e+00
0.000000000000000000e+00
0.000000000000000000e+00
0.000000000000000000e+00
0.000000000000000000e+00
0.000000000000000000e+00
0.000000000000000000e+00
0.000000000000000000e+00
4.663300000000000223e-01
0.000000000000000000e+00
0.000000000000000000e+00
0.000000000000000000e+00
3.877499999999999836e-01
0.000000000000000000e+00
0.000000000000000000e+00
0.000000000000000000e+00
7.167400000000000437e-01
0.000000000000000000e+00
0.000000000000000000e+00
0.000000000000000000e+00
0.000000000000000000e+00
4.197000000000000175e-01
0.000000000000000000e+00
0.000000000000000000e+00
0.000000000000000000e+00
0.000000000000000000e+00
3.750499999999999945e-01
0.000000000000000000e+00
0.000000000000000000e+00
7.424800000000000288e-01
0.000000000000000000e+00
0.000000000000000000e+00
5.945500000000000229e-01
0.000000000000000000e+00
0.000000000000000000e+00
0.000000000000000000e+00
0.000000000000000000e+00
0.000000000000000000e+00
0.000000000000000000e+00
5.397699999999999720e-01
0.000000000000000000e+00
7.483100000000000307e-01
0.000000000000000000e+00
0.000000000000000000e+00
5.574299999999999811e-01
0.000000000000000000e+00
0.000000000000000000e+00
6.067399999999999460e-01
0.000000000000000000e+00
0.000000000000000000e+00
5.754500000000000171e-01
0.000000000000000000e+00
0.000000000000000000e+00
0.000000000000000000e+00
6.237200000000000522e-01
0.000000000000000000e+00
0.000000000000000000e+00
0.000000000000000000e+00
0.000000000000000000e+00
5.296100000000000252e-01
0.000000000000000000e+00
0.000000000000000000e+00
6.878300000000000525e-01
0.000000000000000000e+00
4.966800000000000104e-01
0.000000000000000000e+00
0.000000000000000000e+00
0.000000000000000000e+00
4.370700000000000141e-01
0.000000000000000000e+00
0.000000000000000000e+00
5.806799999999999740e-01
0.000000000000000000e+00
6.264199999999999768e-01
0.000000000000000000e+00
6.844400000000000484e-01
0.000000000000000000e+00
0.000000000000000000e+00
5.393900000000000361e-01
0.000000000000000000e+00
0.000000000000000000e+00
0.000000000000000000e+00
0.000000000000000000e+00
6.490899999999999448e-01
0.000000000000000000e+00
0.000000000000000000e+00
1.184760000000000035e+00
0.000000000000000000e+00
0.000000000000000000e+00
0.000000000000000000e+00
0.000000000000000000e+00
4.803799999999999737e-01
0.000000000000000000e+00
0.000000000000000000e+00
0.000000000000000000e+00
5.840400000000000036e-01
0.000000000000000000e+00
0.000000000000000000e+00
0.000000000000000000e+00
7.209200000000000053e-01
0.000000000000000000e+00
5.573799999999999866e-01
0.000000000000000000e+00
0.000000000000000000e+00
0.000000000000000000e+00
0.000000000000000000e+00
4.573800000000000088e-01
0.000000000000000000e+00
6.233100000000000307e-01
0.000000000000000000e+00
0.000000000000000000e+00
0.000000000000000000e+00
0.000000000000000000e+00
0.000000000000000000e+00
4.818299999999999805e-01
0.000000000000000000e+00
0.000000000000000000e+00
0.000000000000000000e+00
4.820099999999999940e-01
0.000000000000000000e+00
4.782000000000000139e-01
0.000000000000000000e+00
0.000000000000000000e+00
7.514800000000000368e-01
0.000000000000000000e+00
8.588999999999999968e-01
0.000000000000000000e+00
4.467099999999999960e-01
0.000000000000000000e+00
0.000000000000000000e+00
7.924400000000000333e-01
0.000000000000000000e+00
0.000000000000000000e+00
0.000000000000000000e+00
0.000000000000000000e+00
5.102700000000000014e-01
0.000000000000000000e+00
5.487499999999999600e-01
0.000000000000000000e+00
0.000000000000000000e+00
0.000000000000000000e+00
4.607600000000000029e-01
0.000000000000000000e+00
0.000000000000000000e+00
0.000000000000000000e+00
0.000000000000000000e+00
3.802499999999999769e-01
0.000000000000000000e+00
0.000000000000000000e+00
8.885499999999999510e-01
0.000000000000000000e+00
0.000000000000000000e+00
4.637299999999999756e-01
0.000000000000000000e+00
0.000000000000000000e+00
0.000000000000000000e+00
0.000000000000000000e+00
5.315800000000000525e-01
0.000000000000000000e+00
0.000000000000000000e+00
0.000000000000000000e+00
7.214699999999999447e-01
0.000000000000000000e+00
0.000000000000000000e+00
0.000000000000000000e+00
0.000000000000000000e+00
4.625400000000000067e-01
0.000000000000000000e+00
0.000000000000000000e+00
0.000000000000000000e+00
0.000000000000000000e+00
4.029800000000000049e-01
0.000000000000000000e+00
5.354100000000000525e-01
0.000000000000000000e+00
0.000000000000000000e+00
0.000000000000000000e+00
4.805599999999999872e-01
0.000000000000000000e+00
0.000000000000000000e+00
0.000000000000000000e+00
3.896700000000000164e-01
0.000000000000000000e+00
0.000000000000000000e+00
0.000000000000000000e+00
0.000000000000000000e+00
3.830299999999999816e-01
0.000000000000000000e+00
5.895200000000000440e-01
0.000000000000000000e+00
0.000000000000000000e+00
1.295840000000000103e+00
0.000000000000000000e+00
0.000000000000000000e+00
0.000000000000000000e+00
6.188900000000000512e-01
0.000000000000000000e+00
0.000000000000000000e+00
0.000000000000000000e+00
0.000000000000000000e+00
0.000000000000000000e+00
5.552500000000000213e-01
0.000000000000000000e+00
0.000000000000000000e+00
0.000000000000000000e+00
0.000000000000000000e+00
4.799800000000000177e-01
0.000000000000000000e+00
0.000000000000000000e+00
8.632199999999999873e-01
0.000000000000000000e+00
0.000000000000000000e+00
0.000000000000000000e+00
1.941689999999999916e+00
0.000000000000000000e+00
7.395699999999999497e-01
0.000000000000000000e+00
4.772600000000000176e-01
0.000000000000000000e+00
0.000000000000000000e+00
0.000000000000000000e+00
8.786000000000000476e-01
0.000000000000000000e+00
0.000000000000000000e+00
5.944000000000000394e-01
0.000000000000000000e+00
0.000000000000000000e+00
0.000000000000000000e+00
6.304600000000000204e-01
0.000000000000000000e+00
0.000000000000000000e+00
0.000000000000000000e+00
5.352799999999999780e-01
0.000000000000000000e+00
4.966200000000000059e-01
0.000000000000000000e+00
5.093299999999999494e-01
0.000000000000000000e+00
4.506800000000000250e-01
0.000000000000000000e+00
0.000000000000000000e+00
4.699099999999999944e-01
0.000000000000000000e+00
0.000000000000000000e+00
4.423300000000000010e-01
0.000000000000000000e+00
0.000000000000000000e+00
0.000000000000000000e+00
0.000000000000000000e+00
6.441799999999999748e-01
0.000000000000000000e+00
0.000000000000000000e+00
0.000000000000000000e+00
4.562100000000000044e-01
0.000000000000000000e+00
0.000000000000000000e+00
4.741000000000000214e-01
0.000000000000000000e+00
5.505600000000000493e-01
0.000000000000000000e+00
0.000000000000000000e+00
0.000000000000000000e+00
0.000000000000000000e+00
5.455200000000000049e-01
0.000000000000000000e+00
0.000000000000000000e+00
5.882500000000000506e-01
0.000000000000000000e+00
0.000000000000000000e+00
0.000000000000000000e+00
4.870900000000000230e-01
0.000000000000000000e+00
0.000000000000000000e+00
5.456900000000000084e-01
0.000000000000000000e+00
0.000000000000000000e+00
5.940100000000000380e-01
0.000000000000000000e+00
0.000000000000000000e+00
0.000000000000000000e+00
5.699800000000000422e-01
0.000000000000000000e+00
0.000000000000000000e+00
5.958700000000000108e-01
0.000000000000000000e+00
0.000000000000000000e+00
0.000000000000000000e+00
4.204999999999999849e-01
0.000000000000000000e+00
0.000000000000000000e+00
0.000000000000000000e+00
0.000000000000000000e+00
0.000000000000000000e+00
0.000000000000000000e+00
0.000000000000000000e+00
0.000000000000000000e+00
0.000000000000000000e+00
0.000000000000000000e+00
0.000000000000000000e+00
0.000000000000000000e+00
0.000000000000000000e+00
0.000000000000000000e+00
0.000000000000000000e+00
0.000000000000000000e+00
0.000000000000000000e+00
0.000000000000000000e+00
0.000000000000000000e+00
0.000000000000000000e+00
0.000000000000000000e+00
5.215800000000000436e-01
0.000000000000000000e+00
0.000000000000000000e+00
0.000000000000000000e+00
4.615299999999999958e-01
0.000000000000000000e+00
8.612900000000000000e-01
0.000000000000000000e+00
0.000000000000000000e+00
4.369899999999999896e-01
0.000000000000000000e+00
0.000000000000000000e+00
0.000000000000000000e+00
5.171499999999999986e-01
0.000000000000000000e+00
0.000000000000000000e+00
4.879800000000000249e-01
0.000000000000000000e+00
0.000000000000000000e+00
5.166399999999999881e-01
0.000000000000000000e+00
0.000000000000000000e+00
3.900299999999999878e-01
0.000000000000000000e+00
0.000000000000000000e+00
0.000000000000000000e+00
5.417499999999999538e-01
0.000000000000000000e+00
0.000000000000000000e+00
5.210000000000000187e-01
0.000000000000000000e+00
6.969400000000000039e-01
0.000000000000000000e+00
0.000000000000000000e+00
0.000000000000000000e+00
4.902299999999999991e-01
0.000000000000000000e+00
0.000000000000000000e+00
4.568499999999999783e-01
0.000000000000000000e+00
0.000000000000000000e+00
0.000000000000000000e+00
5.677799999999999514e-01
0.000000000000000000e+00
5.035699999999999621e-01
0.000000000000000000e+00
0.000000000000000000e+00
0.000000000000000000e+00
7.541099999999999470e-01
0.000000000000000000e+00
0.000000000000000000e+00
0.000000000000000000e+00
0.000000000000000000e+00
4.660000000000000253e-01
0.000000000000000000e+00
0.000000000000000000e+00
5.263499999999999845e-01
0.000000000000000000e+00
0.000000000000000000e+00
0.000000000000000000e+00
1.309209999999999985e+00
0.000000000000000000e+00
0.000000000000000000e+00
0.000000000000000000e+00
4.909800000000000275e-01
0.000000000000000000e+00
6.599899999999999656e-01
0.000000000000000000e+00
8.260999999999999455e-01
0.000000000000000000e+00
4.796799999999999953e-01
0.000000000000000000e+00
0.000000000000000000e+00
0.000000000000000000e+00
5.479000000000000536e-01
0.000000000000000000e+00
0.000000000000000000e+00
0.000000000000000000e+00
3.787300000000000111e-01
0.000000000000000000e+00
0.000000000000000000e+00
0.000000000000000000e+00
5.350000000000000311e-01
0.000000000000000000e+00
4.838500000000000023e-01
0.000000000000000000e+00
0.000000000000000000e+00
0.000000000000000000e+00
4.480500000000000038e-01
0.000000000000000000e+00
0.000000000000000000e+00
0.000000000000000000e+00
0.000000000000000000e+00
0.000000000000000000e+00
0.000000000000000000e+00
5.042299999999999560e-01
0.000000000000000000e+00
5.288800000000000168e-01
0.000000000000000000e+00
5.210900000000000531e-01
0.000000000000000000e+00
5.165300000000000447e-01
0.000000000000000000e+00
0.000000000000000000e+00
0.000000000000000000e+00
0.000000000000000000e+00
5.452900000000000524e-01
0.000000000000000000e+00
0.000000000000000000e+00
9.556000000000000050e-01
0.000000000000000000e+00
4.551799999999999735e-01
0.000000000000000000e+00
5.947299999999999809e-01
0.000000000000000000e+00
0.000000000000000000e+00
0.000000000000000000e+00
5.524499999999999966e-01
0.000000000000000000e+00
0.000000000000000000e+00
9.550999999999999490e-01
0.000000000000000000e+00
0.000000000000000000e+00
9.790699999999999958e-01
0.000000000000000000e+00
0.000000000000000000e+00
5.061799999999999633e-01
0.000000000000000000e+00
5.888700000000000045e-01
0.000000000000000000e+00
0.000000000000000000e+00
5.331799999999999873e-01
0.000000000000000000e+00
0.000000000000000000e+00
0.000000000000000000e+00
3.687300000000000022e-01
0.000000000000000000e+00
5.373999999999999888e-01
0.000000000000000000e+00
0.000000000000000000e+00
3.792099999999999915e-01
0.000000000000000000e+00
0.000000000000000000e+00
5.258099999999999996e-01
0.000000000000000000e+00
0.000000000000000000e+00
6.492599999999999483e-01
0.000000000000000000e+00
4.506899999999999795e-01
0.000000000000000000e+00
0.000000000000000000e+00
0.000000000000000000e+00
0.000000000000000000e+00
5.521899999999999586e-01
0.000000000000000000e+00
0.000000000000000000e+00
0.000000000000000000e+00
0.000000000000000000e+00
0.000000000000000000e+00
4.627299999999999747e-01
0.000000000000000000e+00
0.000000000000000000e+00
0.000000000000000000e+00
6.797299999999999454e-01
0.000000000000000000e+00
0.000000000000000000e+00
0.000000000000000000e+00
0.000000000000000000e+00
0.000000000000000000e+00
4.637200000000000211e-01
0.000000000000000000e+00
0.000000000000000000e+00
4.674900000000000166e-01
0.000000000000000000e+00
5.888299999999999645e-01
0.000000000000000000e+00
0.000000000000000000e+00
0.000000000000000000e+00
0.000000000000000000e+00
5.015800000000000258e-01
0.000000000000000000e+00
0.000000000000000000e+00
5.672899999999999610e-01
0.000000000000000000e+00
5.564799999999999747e-01
0.000000000000000000e+00
5.469100000000000072e-01
0.000000000000000000e+00
0.000000000000000000e+00
4.488400000000000167e-01
0.000000000000000000e+00
0.000000000000000000e+00
5.222799999999999665e-01
0.000000000000000000e+00
0.000000000000000000e+00
0.000000000000000000e+00
3.853900000000000103e-01
0.000000000000000000e+00
6.638100000000000112e-01
0.000000000000000000e+00
0.000000000000000000e+00
5.010900000000000354e-01
0.000000000000000000e+00
0.000000000000000000e+00
0.000000000000000000e+00
5.520500000000000407e-01
0.000000000000000000e+00
0.000000000000000000e+00
0.000000000000000000e+00
0.000000000000000000e+00
6.147299999999999986e-01
0.000000000000000000e+00
7.281900000000000039e-01
0.000000000000000000e+00
0.000000000000000000e+00
0.000000000000000000e+00
4.823000000000000065e-01
0.000000000000000000e+00
0.000000000000000000e+00
8.165700000000000180e-01
0.000000000000000000e+00
0.000000000000000000e+00
0.000000000000000000e+00
5.821699999999999653e-01
0.000000000000000000e+00
0.000000000000000000e+00
0.000000000000000000e+00
4.571600000000000108e-01
0.000000000000000000e+00
6.927499999999999769e-01
0.000000000000000000e+00
0.000000000000000000e+00
5.119299999999999962e-01
0.000000000000000000e+00
0.000000000000000000e+00
0.000000000000000000e+00
4.959899999999999864e-01
0.000000000000000000e+00
0.000000000000000000e+00
0.000000000000000000e+00
0.000000000000000000e+00
4.747700000000000253e-01
0.000000000000000000e+00
5.381899999999999462e-01
0.000000000000000000e+00
5.777400000000000313e-01
0.000000000000000000e+00
1.454970000000000097e+00
0.000000000000000000e+00
0.000000000000000000e+00
5.005300000000000304e-01
0.000000000000000000e+00
0.000000000000000000e+00
0.000000000000000000e+00
4.675099999999999811e-01
0.000000000000000000e+00
0.000000000000000000e+00
9.457299999999999596e-01
0.000000000000000000e+00
0.000000000000000000e+00
0.000000000000000000e+00
0.000000000000000000e+00
0.000000000000000000e+00
0.000000000000000000e+00
0.000000000000000000e+00
0.000000000000000000e+00
0.000000000000000000e+00
0.000000000000000000e+00
0.000000000000000000e+00
0.000000000000000000e+00
0.000000000000000000e+00
0.000000000000000000e+00
0.000000000000000000e+00
0.000000000000000000e+00
0.000000000000000000e+00
0.000000000000000000e+00
0.000000000000000000e+00
0.000000000000000000e+00
0.000000000000000000e+00
3.782099999999999906e-01
0.000000000000000000e+00
0.000000000000000000e+00
0.000000000000000000e+00
0.000000000000000000e+00
8.112599999999999811e-01
0.000000000000000000e+00
5.862199999999999633e-01
0.000000000000000000e+00
0.000000000000000000e+00
0.000000000000000000e+00
0.000000000000000000e+00
3.507100000000000217e-01
0.000000000000000000e+00
9.637000000000000011e-01
0.000000000000000000e+00
0.000000000000000000e+00
0.000000000000000000e+00
4.898299999999999876e-01
0.000000000000000000e+00
0.000000000000000000e+00
0.000000000000000000e+00
5.454700000000000104e-01
0.000000000000000000e+00
0.000000000000000000e+00
0.000000000000000000e+00
0.000000000000000000e+00
0.000000000000000000e+00
5.204199999999999937e-01
0.000000000000000000e+00
0.000000000000000000e+00
6.291600000000000525e-01
0.000000000000000000e+00
0.000000000000000000e+00
0.000000000000000000e+00
0.000000000000000000e+00
9.243999999999999995e-01
0.000000000000000000e+00
0.000000000000000000e+00
0.000000000000000000e+00
1.415839999999999987e+00
0.000000000000000000e+00
0.000000000000000000e+00
5.094300000000000495e-01
0.000000000000000000e+00
4.575199999999999823e-01
0.000000000000000000e+00
0.000000000000000000e+00
0.000000000000000000e+00
0.000000000000000000e+00
5.357199999999999740e-01
0.000000000000000000e+00
0.000000000000000000e+00
0.000000000000000000e+00
0.000000000000000000e+00
0.000000000000000000e+00
0.000000000000000000e+00
5.034499999999999531e-01
0.000000000000000000e+00
0.000000000000000000e+00
0.000000000000000000e+00
4.734400000000000275e-01
0.000000000000000000e+00
0.000000000000000000e+00
4.283100000000000240e-01
0.000000000000000000e+00
0.000000000000000000e+00
1.465030000000000054e+00
0.000000000000000000e+00
0.000000000000000000e+00
0.000000000000000000e+00
0.000000000000000000e+00
0.000000000000000000e+00
4.116500000000000159e-01
0.000000000000000000e+00
0.000000000000000000e+00
4.475399999999999934e-01
0.000000000000000000e+00
0.000000000000000000e+00
5.068700000000000427e-01
0.000000000000000000e+00
0.000000000000000000e+00
0.000000000000000000e+00
5.798299999999999566e-01
0.000000000000000000e+00
5.364900000000000224e-01
0.000000000000000000e+00
4.799200000000000133e-01
0.000000000000000000e+00
4.611000000000000099e-01
0.000000000000000000e+00
0.000000000000000000e+00
0.000000000000000000e+00
0.000000000000000000e+00
3.865399999999999947e-01
0.000000000000000000e+00
4.635500000000000176e-01
0.000000000000000000e+00
0.000000000000000000e+00
0.000000000000000000e+00
4.945300000000000251e-01
0.000000000000000000e+00
0.000000000000000000e+00
3.987399999999999833e-01
0.000000000000000000e+00
0.000000000000000000e+00
5.897099999999999564e-01
0.000000000000000000e+00
0.000000000000000000e+00
0.000000000000000000e+00
5.137800000000000145e-01
0.000000000000000000e+00
0.000000000000000000e+00
0.000000000000000000e+00
0.000000000000000000e+00
0.000000000000000000e+00
4.874700000000000144e-01
0.000000000000000000e+00
0.000000000000000000e+00
0.000000000000000000e+00
8.844199999999999839e-01
0.000000000000000000e+00
1.450020000000000087e+00
0.000000000000000000e+00
0.000000000000000000e+00
4.188200000000000256e-01
0.000000000000000000e+00
0.000000000000000000e+00
0.000000000000000000e+00
0.000000000000000000e+00
0.000000000000000000e+00
4.578900000000000192e-01
0.000000000000000000e+00
0.000000000000000000e+00
4.867900000000000005e-01
0.000000000000000000e+00
0.000000000000000000e+00
0.000000000000000000e+00
4.673499999999999877e-01
0.000000000000000000e+00
0.000000000000000000e+00
0.000000000000000000e+00
0.000000000000000000e+00
4.608900000000000219e-01
0.000000000000000000e+00
4.188399999999999901e-01
0.000000000000000000e+00
0.000000000000000000e+00
6.230999999999999872e-01
0.000000000000000000e+00
0.000000000000000000e+00
0.000000000000000000e+00
0.000000000000000000e+00
7.509700000000000264e-01
0.000000000000000000e+00
0.000000000000000000e+00
0.000000000000000000e+00
0.000000000000000000e+00
0.000000000000000000e+00
0.000000000000000000e+00
0.000000000000000000e+00
4.616999999999999993e-01
0.000000000000000000e+00
4.242900000000000005e-01
0.000000000000000000e+00
5.277800000000000269e-01
0.000000000000000000e+00
4.682899999999999840e-01
0.000000000000000000e+00
4.746199999999999863e-01
0.000000000000000000e+00
0.000000000000000000e+00
7.420600000000000529e-01
0.000000000000000000e+00
0.000000000000000000e+00
0.000000000000000000e+00
0.000000000000000000e+00
0.000000000000000000e+00
4.747799999999999798e-01
0.000000000000000000e+00
7.499200000000000310e-01
0.000000000000000000e+00
4.354899999999999882e-01
0.000000000000000000e+00
0.000000000000000000e+00
0.000000000000000000e+00
4.487999999999999767e-01
0.000000000000000000e+00
4.423799999999999955e-01
0.000000000000000000e+00
0.000000000000000000e+00
0.000000000000000000e+00
5.658999999999999586e-01
0.000000000000000000e+00
4.535000000000000142e-01
0.000000000000000000e+00
0.000000000000000000e+00
0.000000000000000000e+00
0.000000000000000000e+00
5.696999999999999842e-01
0.000000000000000000e+00
0.000000000000000000e+00
0.000000000000000000e+00
0.000000000000000000e+00
0.000000000000000000e+00
0.000000000000000000e+00
4.568400000000000238e-01
0.000000000000000000e+00
0.000000000000000000e+00
0.000000000000000000e+00
5.782599999999999962e-01
0.000000000000000000e+00
0.000000000000000000e+00
6.375800000000000356e-01
0.000000000000000000e+00
0.000000000000000000e+00
0.000000000000000000e+00
4.610699999999999799e-01
0.000000000000000000e+00
0.000000000000000000e+00
4.465799999999999770e-01
0.000000000000000000e+00
0.000000000000000000e+00
0.000000000000000000e+00
0.000000000000000000e+00
0.000000000000000000e+00
5.816799999999999748e-01
0.000000000000000000e+00
5.087199999999999500e-01
0.000000000000000000e+00
0.000000000000000000e+00
6.857999999999999652e-01
0.000000000000000000e+00
0.000000000000000000e+00
0.000000000000000000e+00
0.000000000000000000e+00
9.174999999999999822e-01
0.000000000000000000e+00
0.000000000000000000e+00
0.000000000000000000e+00
0.000000000000000000e+00
7.388599999999999612e-01
0.000000000000000000e+00
0.000000000000000000e+00
6.097099999999999742e-01
0.000000000000000000e+00
4.741699999999999804e-01
0.000000000000000000e+00
5.235400000000000054e-01
0.000000000000000000e+00
5.529500000000000526e-01
0.000000000000000000e+00
6.073800000000000310e-01
0.000000000000000000e+00
0.000000000000000000e+00
8.693699999999999761e-01
0.000000000000000000e+00
0.000000000000000000e+00
7.578300000000000036e-01
0.000000000000000000e+00
0.000000000000000000e+00
5.711699999999999555e-01
0.000000000000000000e+00
0.000000000000000000e+00
4.165900000000000158e-01
0.000000000000000000e+00
0.000000000000000000e+00
0.000000000000000000e+00
7.462499999999999689e-01
0.000000000000000000e+00
5.778499999999999748e-01
0.000000000000000000e+00
0.000000000000000000e+00
4.660599999999999743e-01
0.000000000000000000e+00
0.000000000000000000e+00
5.156899999999999817e-01
0.000000000000000000e+00
0.000000000000000000e+00
0.000000000000000000e+00
0.000000000000000000e+00
5.386300000000000532e-01
0.000000000000000000e+00
0.000000000000000000e+00
0.000000000000000000e+00
0.000000000000000000e+00
0.000000000000000000e+00
0.000000000000000000e+00
0.000000000000000000e+00
0.000000000000000000e+00
0.000000000000000000e+00
0.000000000000000000e+00
0.000000000000000000e+00
0.000000000000000000e+00
0.000000000000000000e+00
0.000000000000000000e+00
0.000000000000000000e+00
0.000000000000000000e+00
0.000000000000000000e+00
0.000000000000000000e+00
0.000000000000000000e+00
0.000000000000000000e+00
0.000000000000000000e+00
0.000000000000000000e+00
0.000000000000000000e+00
7.399000000000000021e-01
0.000000000000000000e+00
0.000000000000000000e+00
5.962100000000000177e-01
0.000000000000000000e+00
0.000000000000000000e+00
5.225999999999999535e-01
0.000000000000000000e+00
0.000000000000000000e+00
0.000000000000000000e+00
3.926600000000000090e-01
0.000000000000000000e+00
0.000000000000000000e+00
0.000000000000000000e+00
0.000000000000000000e+00
6.239599999999999591e-01
0.000000000000000000e+00
0.000000000000000000e+00
6.216399999999999704e-01
0.000000000000000000e+00
0.000000000000000000e+00
0.000000000000000000e+00
5.633899999999999464e-01
0.000000000000000000e+00
0.000000000000000000e+00
0.000000000000000000e+00
5.294200000000000017e-01
0.000000000000000000e+00
0.000000000000000000e+00
5.656499999999999861e-01
0.000000000000000000e+00
6.626199999999999868e-01
0.000000000000000000e+00
4.586899999999999866e-01
0.000000000000000000e+00
0.000000000000000000e+00
0.000000000000000000e+00
4.734599999999999920e-01
0.000000000000000000e+00
5.099000000000000199e-01
0.000000000000000000e+00
0.000000000000000000e+00
0.000000000000000000e+00
0.000000000000000000e+00
4.393599999999999728e-01
0.000000000000000000e+00
0.000000000000000000e+00
0.000000000000000000e+00
0.000000000000000000e+00
4.295999999999999819e-01
0.000000000000000000e+00
0.000000000000000000e+00
4.708999999999999853e-01
0.000000000000000000e+00
6.701399999999999579e-01
0.000000000000000000e+00
1.020680000000000032e+00
0.000000000000000000e+00
0.000000000000000000e+00
0.000000000000000000e+00
0.000000000000000000e+00
4.639199999999999990e-01
0.000000000000000000e+00
0.000000000000000000e+00
5.817200000000000149e-01
0.000000000000000000e+00
0.000000000000000000e+00
4.841199999999999948e-01
0.000000000000000000e+00
0.000000000000000000e+00
7.067999999999999838e-01
0.000000000000000000e+00
0.000000000000000000e+00
4.072600000000000109e-01
0.000000000000000000e+00
0.000000000000000000e+00
5.624400000000000510e-01
0.000000000000000000e+00
0.000000000000000000e+00
0.000000000000000000e+00
0.000000000000000000e+00
0.000000000000000000e+00
0.000000000000000000e+00
5.618600000000000261e-01
0.000000000000000000e+00
0.000000000000000000e+00
0.000000000000000000e+00
0.000000000000000000e+00
4.626600000000000157e-01
0.000000000000000000e+00
0.000000000000000000e+00
0.000000000000000000e+00
5.087599999999999900e-01
0.000000000000000000e+00
0.000000000000000000e+00
4.596299999999999830e-01
0.000000000000000000e+00
7.191899999999999959e-01
0.000000000000000000e+00
0.000000000000000000e+00
4.515500000000000069e-01
0.000000000000000000e+00
0.000000000000000000e+00
7.763099999999999445e-01
0.000000000000000000e+00
0.000000000000000000e+00
0.000000000000000000e+00
0.000000000000000000e+00
0.000000000000000000e+00
4.820200000000000040e-01
0.000000000000000000e+00
5.414900000000000269e-01
0.000000000000000000e+00
4.335200000000000164e-01
0.000000000000000000e+00
5.343799999999999661e-01
0.000000000000000000e+00
0.000000000000000000e+00
4.656500000000000083e-01
0.000000000000000000e+00
0.000000000000000000e+00
5.081700000000000106e-01
0.000000000000000000e+00
0.000000000000000000e+00
4.631000000000000116e-01
0.000000000000000000e+00
0.000000000000000000e+00
0.000000000000000000e+00
0.000000000000000000e+00
6.888199999999999878e-01
0.000000000000000000e+00
0.000000000000000000e+00
0.000000000000000000e+00
5.093499999999999694e-01
0.000000000000000000e+00
5.103999999999999648e-01
0.000000000000000000e+00
0.000000000000000000e+00
0.000000000000000000e+00
5.815200000000000369e-01
0.000000000000000000e+00
7.349799999999999667e-01
0.000000000000000000e+00
0.000000000000000000e+00
0.000000000000000000e+00
4.247000000000000219e-01
0.000000000000000000e+00
7.732299999999999729e-01
0.000000000000000000e+00
0.000000000000000000e+00
0.000000000000000000e+00
0.000000000000000000e+00
0.000000000000000000e+00
6.304199999999999804e-01
0.000000000000000000e+00
5.234299999999999509e-01
0.000000000000000000e+00
0.000000000000000000e+00
0.000000000000000000e+00
5.484599999999999476e-01
0.000000000000000000e+00
5.435999999999999721e-01
0.000000000000000000e+00
0.000000000000000000e+00
0.000000000000000000e+00
0.000000000000000000e+00
0.000000000000000000e+00
0.000000000000000000e+00
4.754399999999999737e-01
0.000000000000000000e+00
0.000000000000000000e+00
0.000000000000000000e+00
5.419500000000000428e-01
0.000000000000000000e+00
0.000000000000000000e+00
0.000000000000000000e+00
4.496399999999999841e-01
0.000000000000000000e+00
0.000000000000000000e+00
9.420699999999999630e-01
0.000000000000000000e+00
0.000000000000000000e+00
4.584400000000000142e-01
0.000000000000000000e+00
4.779100000000000015e-01
0.000000000000000000e+00
0.000000000000000000e+00
3.811599999999999988e-01
0.000000000000000000e+00
0.000000000000000000e+00
0.000000000000000000e+00
0.000000000000000000e+00
5.948999999999999844e-01
0.000000000000000000e+00
5.411200000000000454e-01
0.000000000000000000e+00
0.000000000000000000e+00
0.000000000000000000e+00
0.000000000000000000e+00
4.042600000000000082e-01
0.000000000000000000e+00
0.000000000000000000e+00
0.000000000000000000e+00
5.250299999999999967e-01
0.000000000000000000e+00
6.004300000000000193e-01
0.000000000000000000e+00
0.000000000000000000e+00
0.000000000000000000e+00
0.000000000000000000e+00
5.174199999999999910e-01
0.000000000000000000e+00
0.000000000000000000e+00
0.000000000000000000e+00
0.000000000000000000e+00
0.000000000000000000e+00
7.044700000000000406e-01
0.000000000000000000e+00
0.000000000000000000e+00
0.000000000000000000e+00
0.000000000000000000e+00
4.274100000000000121e-01
0.000000000000000000e+00
0.000000000000000000e+00
4.595600000000000240e-01
0.000000000000000000e+00
5.031200000000000117e-01
0.000000000000000000e+00
0.000000000000000000e+00
4.595899999999999985e-01
0.000000000000000000e+00
0.000000000000000000e+00
3.667500000000000204e-01
0.000000000000000000e+00
0.000000000000000000e+00
0.000000000000000000e+00
0.000000000000000000e+00
5.107899999999999663e-01
0.000000000000000000e+00
4.792299999999999893e-01
0.000000000000000000e+00
0.000000000000000000e+00
4.830099999999999949e-01
0.000000000000000000e+00
0.000000000000000000e+00
9.250199999999999534e-01
0.000000000000000000e+00
0.000000000000000000e+00
0.000000000000000000e+00
4.279899999999999816e-01
0.000000000000000000e+00
5.819900000000000073e-01
0.000000000000000000e+00
0.000000000000000000e+00
5.708699999999999886e-01
0.000000000000000000e+00
7.477399999999999602e-01
0.000000000000000000e+00
5.351299999999999946e-01
0.000000000000000000e+00
5.427800000000000402e-01
0.000000000000000000e+00
0.000000000000000000e+00
0.000000000000000000e+00
0.000000000000000000e+00
3.826800000000000201e-01
0.000000000000000000e+00
0.000000000000000000e+00
1.377920000000000034e+00
0.000000000000000000e+00
0.000000000000000000e+00
0.000000000000000000e+00
0.000000000000000000e+00
0.000000000000000000e+00
0.000000000000000000e+00
0.000000000000000000e+00
0.000000000000000000e+00
0.000000000000000000e+00
0.000000000000000000e+00
0.000000000000000000e+00
0.000000000000000000e+00
0.000000000000000000e+00
