0.000000000000000000e+00
0.000000000000000000e+00
0.000000000000000000e+00
0.000000000000000000e+00
0.000000000000000000e+00
0.000000000000000000e+00
0.000000000000000000e+00
0.000000000000000000e+00
0.000000000000000000e+00
0.000000000000000000e+00
1.169310000000000072e+00
0.000000000000000000e+00
0.000000000000000000e+00
6.307599999999999874e-01
0.000000000000000000e+00
0.000000000000000000e+00
0.000000000000000000e+00
6.852000000000000313e-01
0.000000000000000000e+00
6.214399999999999924e-01
0.000000000000000000e+00
0.000000000000000000e+00
0.000000000000000000e+00
5.463599999999999568e-01
0.000000000000000000e+00
7.669099999999999806e-01
0.000000000000000000e+00
0.000000000000000000e+00
1.092729999999999979e+00
0.000000000000000000e+00
1.286340000000000039e+00
0.000000000000000000e+00
0.000000000000000000e+00
0.000000000000000000e+00
6.339099999999999735e-01
0.000000000000000000e+00
0.000000000000000000e+00
0.000000000000000000e+00
5.150599999999999623e-01
0.000000000000000000e+00
0.000000000000000000e+00
0.000000000000000000e+00
5.576999999999999735e-01
0.000000000000000000e+00
0.000000000000000000e+00
5.263499999999999845e-01
0.000000000000000000e+00
5.243700000000000028e-01
0.000000000000000000e+00
0.000000000000000000e+00
5.576499999999999790e-01
0.000000000000000000e+00
0.000000000000000000e+00
3.849500000000000144e-01
0.000000000000000000e+00
0.000000000000000000e+00
0.000000000000000000e+00
0.000000000000000000e+00
0.000000000000000000e+00
5.995700000000000474e-01
0.000000000000000000e+00
0.000000000000000000e+00
5.395100000000000451e-01
0.000000000000000000e+00
0.000000000000000000e+00
0.000000000000000000e+00
0.000000000000000000e+00
0.000000000000000000e+00
0.000000000000000000e+00
5.347699999999999676e-01
0.000000000000000000e+00
0.000000000000000000e+00
5.157699999999999507e-01
0.000000000000000000e+00
0.000000000000000000e+00
5.154699999999999838e-01
0.000000000000000000e+00
0.000000000000000000e+00
0.000000000000000000e+00
4.681000000000000161e-01
0.000000000000000000e+00
5.846700000000000230e-01
0.000000000000000000e+00
0.000000000000000000e+00
5.070400000000000462e-01
0.000000000000000000e+00
0.000000000000000000e+00
0.000000000000000000e+00
8.939000000000000279e-01
0.000000000000000000e+00
0.000000000000000000e+00
0.000000000000000000e+00
5.901399999999999979e-01
0.000000000000000000e+00
0.000000000000000000e+00
9.909000000000000030e-01
0.000000000000000000e+00
0.000000000000000000e+00
5.812899999999999734e-01
0.000000000000000000e+00
0.000000000000000000e+00
0.000000000000000000e+00
5.991800000000000459e-01
0.000000000000000000e+00
0.000000000000000000e+00
0.000000000000000000e+00
0.000000000000000000e+00
0.000000000000000000e+00
0.000000000000000000e+00
0.000000000000000000e+00
6.441000000000000059e-01
0.000000000000000000e+00
1.931640000000000024e+00
0.000000000000000000e+00
7.813400000000000345e-01
0.000000000000000000e+00
6.915499999999999980e-01
0.000000000000000000e+00
0.000000000000000000e+00
5.005100000000000104e-01
0.000000000000000000e+00
0.000000000000000000e+00
6.342299999999999605e-01
0.000000000000000000e+00
0.000000000000000000e+00
0.000000000000000000e+00
0.000000000000000000e+00
0.000000000000000000e+00
5.583599999999999675e-01
0.000000000000000000e+00
0.000000000000000000e+00
4.592200000000000171e-01
0.000000000000000000e+00
6.423100000000000476e-01
0.000000000000000000e+00
7.787800000000000278e-01
0.000000000000000000e+00
0.000000000000000000e+00
0.000000000000000000e+00
0.000000000000000000e+00
5.275100000000000344e-01
0.000000000000000000e+00
0.000000000000000000e+00
5.537999999999999590e-01
0.000000000000000000e+00
0.000000000000000000e+00
0.000000000000000000e+00
0.000000000000000000e+00
4.969199999999999728e-01
0.000000000000000000e+00
0.000000000000000000e+00
5.937400000000000455e-01
0.000000000000000000e+00
0.000000000000000000e+00
8.643999999999999462e-01
0.000000000000000000e+00
6.584999999999999742e-01
0.000000000000000000e+00
0.000000000000000000e+00
0.000000000000000000e+00
5.260299999999999976e-01
0.000000000000000000e+00
0.000000000000000000e+00
0.000000000000000000e+00
1.931119999999999948e+00
0.000000000000000000e+00
0.000000000000000000e+00
1.932600000000000096e+00
0.000000000000000000e+00
6.740300000000000180e-01
0.000000000000000000e+00
0.000000000000000000e+00
0.000000000000000000e+00
6.250400000000000400e-01
0.000000000000000000e+00
0.000000000000000000e+00
0.000000000000000000e+00
6.556499999999999551e-01
0.000000000000000000e+00
0.000000000000000000e+00
5.723500000000000254e-01
0.000000000000000000e+00
0.000000000000000000e+00
0.000000000000000000e+00
5.985899999999999554e-01
0.000000000000000000e+00
5.635200000000000209e-01
0.000000000000000000e+00
0.000000000000000000e+00
5.698299999999999477e-01
0.000000000000000000e+00
5.614599999999999591e-01
0.000000000000000000e+00
0.000000000000000000e+00
5.067300000000000137e-01
0.000000000000000000e+00
0.000000000000000000e+00
5.844200000000000506e-01
0.000000000000000000e+00
8.624000000000000554e-01
0.000000000000000000e+00
6.747600000000000264e-01
0.000000000000000000e+00
0.000000000000000000e+00
5.421500000000000208e-01
0.000000000000000000e+00
0.000000000000000000e+00
0.000000000000000000e+00
6.470000000000000195e-01
0.000000000000000000e+00
0.000000000000000000e+00
5.313799999999999635e-01
0.000000000000000000e+00
0.000000000000000000e+00
4.397099999999999898e-01
0.000000000000000000e+00
0.000000000000000000e+00
0.000000000000000000e+00
0.000000000000000000e+00
5.131099999999999550e-01
0.000000000000000000e+00
0.000000000000000000e+00
1.301379999999999981e+00
0.000000000000000000e+00
0.000000000000000000e+00
0.000000000000000000e+00
0.000000000000000000e+00
4.963199999999999834e-01
0.000000000000000000e+00
4.397199999999999998e-01
0.000000000000000000e+00
0.000000000000000000e+00
5.141099999999999559e-01
0.000000000000000000e+00
0.000000000000000000e+00
6.053800000000000292e-01
0.000000000000000000e+00
5.745500000000000052e-01
0.000000000000000000e+00
7.770200000000000440e-01
0.000000000000000000e+00
0.000000000000000000e+00
5.483000000000000096e-01
0.000000000000000000e+00
0.000000000000000000e+00
0.000000000000000000e+00
5.994899999999999674e-01
0.000000000000000000e+00
0.000000000000000000e+00
0.000000000000000000e+00
0.000000000000000000e+00
9.026800000000000379e-01
0.000000000000000000e+00
0.000000000000000000e+00
5.201599999999999557e-01
0.000000000000000000e+00
0.000000000000000000e+00
0.000000000000000000e+00
8.237200000000000077e-01
0.000000000000000000e+00
5.911999999999999478e-01
0.000000000000000000e+00
0.000000000000000000e+00
4.439400000000000013e-01
0.000000000000000000e+00
0.000000000000000000e+00
0.000000000000000000e+00
0.000000000000000000e+00
0.000000000000000000e+00
6.261600000000000499e-01
0.000000000000000000e+00
6.708399999999999919e-01
0.000000000000000000e+00
0.000000000000000000e+00
0.000000000000000000e+00
0.000000000000000000e+00
0.000000000000000000e+00
0.000000000000000000e+00
0.000000000000000000e+00
0.000000000000000000e+00
0.000000000000000000e+00
0.000000000000000000e+00
0.000000000000000000e+00
0.000000000000000000e+00
0.000000000000000000e+00
0.000000000000000000e+00
0.000000000000000000e+00
0.000000000000000000e+00
0.000000000000000000e+00
0.000000000000000000e+00
0.000000000000000000e+00
0.000000000000000000e+00
0.000000000000000000e+00
0.000000000000000000e+00
0.000000000000000000e+00
8.685000000000000497e-01
0.000000000000000000e+00
0.000000000000000000e+00
0.000000000000000000e+00
0.000000000000000000e+00
5.677400000000000224e-01
0.000000000000000000e+00
0.000000000000000000e+00
0.000000000000000000e+00
0.000000000000000000e+00
4.820200000000000040e-01
0.000000000000000000e+00
0.000000000000000000e+00
0.000000000000000000e+00
7.539700000000000291e-01
0.000000000000000000e+00
7.355000000000000426e-01
0.000000000000000000e+00
6.228000000000000203e-01
0.000000000000000000e+00
9.860799999999999566e-01
0.000000000000000000e+00
7.164000000000000368e-01
0.000000000000000000e+00
0.000000000000000000e+00
0.000000000000000000e+00
0.000000000000000000e+00
0.000000000000000000e+00
6.914599999999999635e-01
0.000000000000000000e+00
8.530299999999999550e-01
0.000000000000000000e+00
1.183340000000000058e+00
0.000000000000000000e+00
0.000000000000000000e+00
0.000000000000000000e+00
7.352899999999999991e-01
0.000000000000000000e+00
0.000000000000000000e+00
5.455299999999999594e-01
0.000000000000000000e+00
0.000000000000000000e+00
0.000000000000000000e+00
6.196000000000000396e-01
0.000000000000000000e+00
0.000000000000000000e+00
5.423599999999999532e-01
0.000000000000000000e+00
9.464299999999999935e-01
0.000000000000000000e+00
1.343650000000000011e+00
0.000000000000000000e+00
0.000000000000000000e+00
0.000000000000000000e+00
6.606300000000000505e-01
0.000000000000000000e+00
0.000000000000000000e+00
0.000000000000000000e+00
0.000000000000000000e+00
0.000000000000000000e+00
0.000000000000000000e+00
1.067989999999999995e+00
0.000000000000000000e+00
0.000000000000000000e+00
0.000000000000000000e+00
0.000000000000000000e+00
1.505279999999999951e+00
0.000000000000000000e+00
0.000000000000000000e+00
0.000000000000000000e+00
0.000000000000000000e+00
9.057899999999999840e-01
0.000000000000000000e+00
0.000000000000000000e+00
0.000000000000000000e+00
5.458699999999999664e-01
0.000000000000000000e+00
0.000000000000000000e+00
0.000000000000000000e+00
6.460200000000000387e-01
0.000000000000000000e+00
0.000000000000000000e+00
5.685599999999999543e-01
0.000000000000000000e+00
0.000000000000000000e+00
0.000000000000000000e+00
5.793800000000000061e-01
0.000000000000000000e+00
1.596519999999999939e+00
0.000000000000000000e+00
0.000000000000000000e+00
6.085899999999999643e-01
0.000000000000000000e+00
0.000000000000000000e+00
9.814699999999999536e-01
0.000000000000000000e+00
0.000000000000000000e+00
9.808799999999999741e-01
0.000000000000000000e+00
6.212900000000000089e-01
0.000000000000000000e+00
8.977399999999999824e-01
0.000000000000000000e+00
0.000000000000000000e+00
0.000000000000000000e+00
0.000000000000000000e+00
5.503500000000000059e-01
0.000000000000000000e+00
0.000000000000000000e+00
0.000000000000000000e+00
0.000000000000000000e+00
0.000000000000000000e+00
6.299900000000000500e-01
0.000000000000000000e+00
0.000000000000000000e+00
0.000000000000000000e+00
7.230199999999999960e-01
0.000000000000000000e+00
0.000000000000000000e+00
1.941340000000000066e+00
0.000000000000000000e+00
0.000000000000000000e+00
5.652399999999999647e-01
0.000000000000000000e+00
0.000000000000000000e+00
8.198999999999999622e-01
0.000000000000000000e+00
6.169599999999999529e-01
0.000000000000000000e+00
5.994199999999999529e-01
0.000000000000000000e+00
0.000000000000000000e+00
0.000000000000000000e+00
0.000000000000000000e+00
0.000000000000000000e+00
1.939999999999999947e+00
0.000000000000000000e+00
0.000000000000000000e+00
1.941380000000000106e+00
0.000000000000000000e+00
0.000000000000000000e+00
0.000000000000000000e+00
8.266400000000000414e-01
0.000000000000000000e+00
0.000000000000000000e+00
0.000000000000000000e+00
0.000000000000000000e+00
6.348700000000000454e-01
0.000000000000000000e+00
0.000000000000000000e+00
0.000000000000000000e+00
0.000000000000000000e+00
0.000000000000000000e+00
5.449100000000000055e-01
0.000000000000000000e+00
0.000000000000000000e+00
0.000000000000000000e+00
5.329800000000000093e-01
0.000000000000000000e+00
0.000000000000000000e+00
5.900199999999999889e-01
0.000000000000000000e+00
0.000000000000000000e+00
7.728199999999999514e-01
0.000000000000000000e+00
7.326700000000000434e-01
0.000000000000000000e+00
0.000000000000000000e+00
6.314499999999999558e-01
0.000000000000000000e+00
0.000000000000000000e+00
0.000000000000000000e+00
0.000000000000000000e+00
6.561399999999999455e-01
0.000000000000000000e+00
0.000000000000000000e+00
0.000000000000000000e+00
5.896000000000000130e-01
0.000000000000000000e+00
0.000000000000000000e+00
0.000000000000000000e+00
7.280400000000000205e-01
0.000000000000000000e+00
0.000000000000000000e+00
0.000000000000000000e+00
1.237260000000000026e+00
0.000000000000000000e+00
0.000000000000000000e+00
0.000000000000000000e+00
0.000000000000000000e+00
8.970900000000000540e-01
0.000000000000000000e+00
0.000000000000000000e+00
6.262699999999999934e-01
0.000000000000000000e+00
0.000000000000000000e+00
0.000000000000000000e+00
0.000000000000000000e+00
0.000000000000000000e+00
0.000000000000000000e+00
9.872900000000000009e-01
0.000000000000000000e+00
0.000000000000000000e+00
1.040340000000000042e+00
0.000000000000000000e+00
0.000000000000000000e+00
0.000000000000000000e+00
8.095599999999999463e-01
0.000000000000000000e+00
0.000000000000000000e+00
0.000000000000000000e+00
6.483200000000000074e-01
0.000000000000000000e+00
6.048200000000000243e-01
0.000000000000000000e+00
0.000000000000000000e+00
6.146899999999999586e-01
0.000000000000000000e+00
0.000000000000000000e+00
0.000000000000000000e+00
7.872999999999999998e-01
0.000000000000000000e+00
0.000000000000000000e+00
0.000000000000000000e+00
8.203000000000000291e-01
0.000000000000000000e+00
1.110719999999999930e+00
0.000000000000000000e+00
0.000000000000000000e+00
0.000000000000000000e+00
9.075699999999999878e-01
0.000000000000000000e+00
0.000000000000000000e+00
0.000000000000000000e+00
0.000000000000000000e+00
0.000000000000000000e+00
0.000000000000000000e+00
7.642900000000000249e-01
0.000000000000000000e+00
0.000000000000000000e+00
0.000000000000000000e+00
0.000000000000000000e+00
6.944700000000000317e-01
0.000000000000000000e+00
0.000000000000000000e+00
6.148500000000000076e-01
0.000000000000000000e+00
0.000000000000000000e+00
0.000000000000000000e+00
7.966100000000000403e-01
0.000000000000000000e+00
0.000000000000000000e+00
0.000000000000000000e+00
7.006799999999999695e-01
0.000000000000000000e+00
1.935589999999999922e+00
0.000000000000000000e+00
5.656400000000000317e-01
0.000000000000000000e+00
0.000000000000000000e+00
0.000000000000000000e+00
0.000000000000000000e+00
0.000000000000000000e+00
6.342799999999999550e-01
0.000000000000000000e+00
0.000000000000000000e+00
0.000000000000000000e+00
7.841200000000000392e-01
0.000000000000000000e+00
1.933130000000000015e+00
0.000000000000000000e+00
7.130900000000000016e-01
0.000000000000000000e+00
0.000000000000000000e+00
0.000000000000000000e+00
0.000000000000000000e+00
6.758100000000000218e-01
0.000000000000000000e+00
0.000000000000000000e+00
0.000000000000000000e+00
1.939550000000000107e+00
0.000000000000000000e+00
0.000000000000000000e+00
6.446300000000000363e-01
0.000000000000000000e+00
0.000000000000000000e+00
0.000000000000000000e+00
5.838999999999999746e-01
0.000000000000000000e+00
0.000000000000000000e+00
0.000000000000000000e+00
0.000000000000000000e+00
0.000000000000000000e+00
0.000000000000000000e+00
0.000000000000000000e+00
0.000000000000000000e+00
0.000000000000000000e+00
0.000000000000000000e+00
0.000000000000000000e+00
0.000000000000000000e+00
0.000000000000000000e+00
0.000000000000000000e+00
0.000000000000000000e+00
0.000000000000000000e+00
0.000000000000000000e+00
0.000000000000000000e+00
0.000000000000000000e+00
0.000000000000000000e+00
0.000000000000000000e+00
0.000000000000000000e+00
0.000000000000000000e+00
0.000000000000000000e+00
5.684000000000000163e-01
0.000000000000000000e+00
0.000000000000000000e+00
0.000000000000000000e+00
0.000000000000000000e+00
0.000000000000000000e+00
5.487900000000000000e-01
0.000000000000000000e+00
0.000000000000000000e+00
5.078899999999999526e-01
0.000000000000000000e+00
0.000000000000000000e+00
0.000000000000000000e+00
0.000000000000000000e+00
0.000000000000000000e+00
5.935200000000000475e-01
0.000000000000000000e+00
5.660199999999999676e-01
0.000000000000000000e+00
7.673299999999999566e-01
0.000000000000000000e+00
0.000000000000000000e+00
5.826200000000000268e-01
0.000000000000000000e+00
0.000000000000000000e+00
0.000000000000000000e+00
7.539900000000000491e-01
0.000000000000000000e+00
0.000000000000000000e+00
1.183959999999999901e+00
0.000000000000000000e+00
7.183800000000000185e-01
0.000000000000000000e+00
0.000000000000000000e+00
0.000000000000000000e+00
8.924400000000000110e-01
0.000000000000000000e+00
0.000000000000000000e+00
9.285999999999999810e-01
0.000000000000000000e+00
0.000000000000000000e+00
1.112239999999999895e+00
0.000000000000000000e+00
7.482600000000000362e-01
0.000000000000000000e+00
0.000000000000000000e+00
0.000000000000000000e+00
0.000000000000000000e+00
0.000000000000000000e+00
5.933000000000000496e-01
0.000000000000000000e+00
0.000000000000000000e+00
0.000000000000000000e+00
7.258299999999999752e-01
0.000000000000000000e+00
0.000000000000000000e+00
5.117300000000000182e-01
0.000000000000000000e+00
8.917899999999999716e-01
0.000000000000000000e+00
0.000000000000000000e+00
0.000000000000000000e+00
5.673399999999999554e-01
0.000000000000000000e+00
0.000000000000000000e+00
8.286200000000000232e-01
0.000000000000000000e+00
6.066500000000000226e-01
0.000000000000000000e+00
0.000000000000000000e+00
0.000000000000000000e+00
8.588000000000000078e-01
0.000000000000000000e+00
0.000000000000000000e+00
8.626399999999999624e-01
0.000000000000000000e+00
0.000000000000000000e+00
1.672449999999999992e+00
0.000000000000000000e+00
8.070800000000000196e-01
0.000000000000000000e+00
0.000000000000000000e+00
4.527700000000000058e-01
0.000000000000000000e+00
0.000000000000000000e+00
0.000000000000000000e+00
6.623700000000000143e-01
0.000000000000000000e+00
0.000000000000000000e+00
6.084000000000000519e-01
0.000000000000000000e+00
0.000000000000000000e+00
5.905200000000000449e-01
0.000000000000000000e+00
4.641700000000000270e-01
0.000000000000000000e+00
0.000000000000000000e+00
0.000000000000000000e+00
9.822699999999999765e-01
0.000000000000000000e+00
0.000000000000000000e+00
0.000000000000000000e+00
5.863099999999999978e-01
0.000000000000000000e+00
0.000000000000000000e+00
0.000000000000000000e+00
0.000000000000000000e+00
0.000000000000000000e+00
7.994299999999999740e-01
0.000000000000000000e+00
0.000000000000000000e+00
6.190700000000000092e-01
0.000000000000000000e+00
0.000000000000000000e+00
0.000000000000000000e+00
0.000000000000000000e+00
6.559700000000000530e-01
0.000000000000000000e+00
0.000000000000000000e+00
0.000000000000000000e+00
1.436719999999999997e+00
0.000000000000000000e+00
0.000000000000000000e+00
6.288099999999999801e-01
0.000000000000000000e+00
0.000000000000000000e+00
6.692500000000000115e-01
0.000000000000000000e+00
0.000000000000000000e+00
0.000000000000000000e+00
0.000000000000000000e+00
0.000000000000000000e+00
4.565400000000000014e-01
0.000000000000000000e+00
0.000000000000000000e+00
5.182499999999999885e-01
0.000000000000000000e+00
0.000000000000000000e+00
0.000000000000000000e+00
0.000000000000000000e+00
5.624200000000000310e-01
0.000000000000000000e+00
0.000000000000000000e+00
0.000000000000000000e+00
1.063579999999999970e+00
0.000000000000000000e+00
6.347500000000000364e-01
0.000000000000000000e+00
0.000000000000000000e+00
0.000000000000000000e+00
7.264699999999999491e-01
0.000000000000000000e+00
0.000000000000000000e+00
0.000000000000000000e+00
0.000000000000000000e+00
6.674600000000000533e-01
0.000000000000000000e+00
8.252399999999999736e-01
0.000000000000000000e+00
7.776399999999999979e-01
0.000000000000000000e+00
1.766650000000000054e+00
0.000000000000000000e+00
6.527899999999999814e-01
0.000000000000000000e+00
0.000000000000000000e+00
5.181799999999999740e-01
0.000000000000000000e+00
0.000000000000000000e+00
0.000000000000000000e+00
0.000000000000000000e+00
0.000000000000000000e+00
5.608400000000000052e-01
0.000000000000000000e+00
5.928600000000000536e-01
0.000000000000000000e+00
0.000000000000000000e+00
0.000000000000000000e+00
5.882500000000000506e-01
0.000000000000000000e+00
0.000000000000000000e+00
1.229749999999999899e+00
0.000000000000000000e+00
0.000000000000000000e+00
0.000000000000000000e+00
1.946450000000000014e+00
0.000000000000000000e+00
0.000000000000000000e+00
0.000000000000000000e+00
5.253600000000000492e-01
0.000000000000000000e+00
0.000000000000000000e+00
4.925899999999999723e-01
0.000000000000000000e+00
0.000000000000000000e+00
0.000000000000000000e+00
0.000000000000000000e+00
5.695299999999999807e-01
0.000000000000000000e+00
0.000000000000000000e+00
0.000000000000000000e+00
0.000000000000000000e+00
0.000000000000000000e+00
0.000000000000000000e+00
1.932879999999999932e+00
0.000000000000000000e+00
0.000000000000000000e+00
0.000000000000000000e+00
6.739500000000000490e-01
0.000000000000000000e+00
0.000000000000000000e+00
0.000000000000000000e+00
8.234500000000000153e-01
0.000000000000000000e+00
0.000000000000000000e+00
0.000000000000000000e+00
0.000000000000000000e+00
0.000000000000000000e+00
6.927400000000000224e-01
0.000000000000000000e+00
0.000000000000000000e+00
0.000000000000000000e+00
0.000000000000000000e+00
6.776400000000000201e-01
0.000000000000000000e+00
0.000000000000000000e+00
0.000000000000000000e+00
6.495800000000000463e-01
0.000000000000000000e+00
0.000000000000000000e+00
0.000000000000000000e+00
0.000000000000000000e+00
0.000000000000000000e+00
0.000000000000000000e+00
5.754899999999999460e-01
0.000000000000000000e+00
0.000000000000000000e+00
0.000000000000000000e+00
1.932609999999999939e+00
0.000000000000000000e+00
0.000000000000000000e+00
0.000000000000000000e+00
0.000000000000000000e+00
7.384500000000000508e-01
0.000000000000000000e+00
0.000000000000000000e+00
5.218599999999999905e-01
0.000000000000000000e+00
0.000000000000000000e+00
0.000000000000000000e+00
0.000000000000000000e+00
0.000000000000000000e+00
7.507899999999999574e-01
0.000000000000000000e+00
0.000000000000000000e+00
4.184700000000000086e-01
0.000000000000000000e+00
0.000000000000000000e+00
8.111300000000000177e-01
0.000000000000000000e+00
5.713599999999999790e-01
0.000000000000000000e+00
4.303000000000000158e-01
0.000000000000000000e+00
0.000000000000000000e+00
0.000000000000000000e+00
5.324900000000000189e-01
0.000000000000000000e+00
0.000000000000000000e+00
0.000000000000000000e+00
0.000000000000000000e+00
0.000000000000000000e+00
0.000000000000000000e+00
0.000000000000000000e+00
6.339099999999999735e-01
0.000000000000000000e+00
0.000000000000000000e+00
4.602800000000000225e-01
0.000000000000000000e+00
5.698999999999999622e-01
0.000000000000000000e+00
5.763300000000000090e-01
0.000000000000000000e+00
0.000000000000000000e+00
6.710899999999999643e-01
0.000000000000000000e+00
1.427179999999999893e+00
0.000000000000000000e+00
0.000000000000000000e+00
0.000000000000000000e+00
0.000000000000000000e+00
0.000000000000000000e+00
0.000000000000000000e+00
0.000000000000000000e+00
0.000000000000000000e+00
0.000000000000000000e+00
0.000000000000000000e+00
0.000000000000000000e+00
0.000000000000000000e+00
0.000000000000000000e+00
0.000000000000000000e+00
0.000000000000000000e+00
0.000000000000000000e+00
0.000000000000000000e+00
0.000000000000000000e+00
0.000000000000000000e+00
0.000000000000000000e+00
0.000000000000000000e+00
0.000000000000000000e+00
0.000000000000000000e+00
0.000000000000000000e+00
9.520100000000000229e-01
0.000000000000000000e+00
6.055899999999999617e-01
0.000000000000000000e+00
0.000000000000000000e+00
0.000000000000000000e+00
4.404799999999999827e-01
0.000000000000000000e+00
0.000000000000000000e+00
0.000000000000000000e+00
0.000000000000000000e+00
4.843999999999999972e-01
0.000000000000000000e+00
0.000000000000000000e+00
6.492799999999999683e-01
0.000000000000000000e+00
0.000000000000000000e+00
0.000000000000000000e+00
0.000000000000000000e+00
5.504999999999999893e-01
0.000000000000000000e+00
5.595299999999999718e-01
0.000000000000000000e+00
5.295499999999999652e-01
0.000000000000000000e+00
0.000000000000000000e+00
5.994199999999999529e-01
0.000000000000000000e+00
7.460400000000000365e-01
0.000000000000000000e+00
0.000000000000000000e+00
4.688100000000000045e-01
0.000000000000000000e+00
5.903300000000000214e-01
0.000000000000000000e+00
0.000000000000000000e+00
4.752500000000000058e-01
0.000000000000000000e+00
0.000000000000000000e+00
4.184700000000000086e-01
0.000000000000000000e+00
0.000000000000000000e+00
0.000000000000000000e+00
0.000000000000000000e+00
6.836600000000000454e-01
0.000000000000000000e+00
0.000000000000000000e+00
5.702800000000000091e-01
0.000000000000000000e+00
0.000000000000000000e+00
0.000000000000000000e+00
5.419599999999999973e-01
0.000000000000000000e+00
0.000000000000000000e+00
4.870800000000000129e-01
0.000000000000000000e+00
7.609799999999999898e-01
0.000000000000000000e+00
0.000000000000000000e+00
0.000000000000000000e+00
8.120600000000000041e-01
0.000000000000000000e+00
0.000000000000000000e+00
0.000000000000000000e+00
5.307800000000000296e-01
0.000000000000000000e+00
6.054500000000000437e-01
0.000000000000000000e+00
0.000000000000000000e+00
8.016799999999999482e-01
0.000000000000000000e+00
0.000000000000000000e+00
0.000000000000000000e+00
4.556999999999999940e-01
0.000000000000000000e+00
0.000000000000000000e+00
5.220099999999999740e-01
0.000000000000000000e+00
5.044100000000000250e-01
0.000000000000000000e+00
0.000000000000000000e+00
0.000000000000000000e+00
0.000000000000000000e+00
0.000000000000000000e+00
3.873300000000000076e-01
0.000000000000000000e+00
0.000000000000000000e+00
0.000000000000000000e+00
0.000000000000000000e+00
6.265500000000000513e-01
0.000000000000000000e+00
0.000000000000000000e+00
8.929200000000000470e-01
0.000000000000000000e+00
0.000000000000000000e+00
5.638699999999999823e-01
0.000000000000000000e+00
0.000000000000000000e+00
0.000000000000000000e+00
5.703099999999999836e-01
0.000000000000000000e+00
8.168199999999999905e-01
0.000000000000000000e+00
0.000000000000000000e+00
5.486199999999999966e-01
0.000000000000000000e+00
0.000000000000000000e+00
0.000000000000000000e+00
5.978499999999999925e-01
0.000000000000000000e+00
5.902800000000000269e-01
0.000000000000000000e+00
7.536899999999999711e-01
0.000000000000000000e+00
7.191300000000000470e-01
0.000000000000000000e+00
0.000000000000000000e+00
0.000000000000000000e+00
0.000000000000000000e+00
0.000000000000000000e+00
7.576800000000000201e-01
0.000000000000000000e+00
0.000000000000000000e+00
0.000000000000000000e+00
5.665299999999999780e-01
0.000000000000000000e+00
0.000000000000000000e+00
0.000000000000000000e+00
0.000000000000000000e+00
5.438800000000000301e-01
0.000000000000000000e+00
0.000000000000000000e+00
0.000000000000000000e+00
6.613799999999999679e-01
0.000000000000000000e+00
0.000000000000000000e+00
8.843499999999999694e-01
0.000000000000000000e+00
1.183929999999999927e+00
0.000000000000000000e+00
0.000000000000000000e+00
8.423300000000000232e-01
0.000000000000000000e+00
5.618100000000000316e-01
0.000000000000000000e+00
0.000000000000000000e+00
0.000000000000000000e+00
8.598799999999999777e-01
0.000000000000000000e+00
0.000000000000000000e+00
0.000000000000000000e+00
0.000000000000000000e+00
5.406100000000000350e-01
0.000000000000000000e+00
0.000000000000000000e+00
0.000000000000000000e+00
0.000000000000000000e+00
5.596299999999999608e-01
0.000000000000000000e+00
0.000000000000000000e+00
0.000000000000000000e+00
0.000000000000000000e+00
0.000000000000000000e+00
4.830999999999999739e-01
0.000000000000000000e+00
6.382299999999999640e-01
0.000000000000000000e+00
5.072299999999999587e-01
0.000000000000000000e+00
0.000000000000000000e+00
4.345800000000000218e-01
0.000000000000000000e+00
0.000000000000000000e+00
0.000000000000000000e+00
6.146599999999999842e-01
0.000000000000000000e+00
5.653200000000000447e-01
0.000000000000000000e+00
0.000000000000000000e+00
0.000000000000000000e+00
3.979300000000000059e-01
0.000000000000000000e+00
0.000000000000000000e+00
5.850899999999999990e-01
0.000000000000000000e+00
0.000000000000000000e+00
0.000000000000000000e+00
6.915200000000000236e-01
0.000000000000000000e+00
5.177899999999999725e-01
0.000000000000000000e+00
5.849600000000000355e-01
0.000000000000000000e+00
4.687500000000000000e-01
0.000000000000000000e+00
0.000000000000000000e+00
0.000000000000000000e+00
0.000000000000000000e+00
5.302000000000000046e-01
0.000000000000000000e+00
9.812999999999999501e-01
0.000000000000000000e+00
6.786999999999999700e-01
0.000000000000000000e+00
0.000000000000000000e+00
0.000000000000000000e+00
1.009810000000000096e+00
0.000000000000000000e+00
0.000000000000000000e+00
0.000000000000000000e+00
0.000000000000000000e+00
0.000000000000000000e+00
5.429599999999999982e-01
0.000000000000000000e+00
0.000000000000000000e+00
0.000000000000000000e+00
0.000000000000000000e+00
1.157359999999999944e+00
0.000000000000000000e+00
0.000000000000000000e+00
6.761099999999999888e-01
0.000000000000000000e+00
5.157000000000000473e-01
0.000000000000000000e+00
0.000000000000000000e+00
0.000000000000000000e+00
7.134800000000000031e-01
0.000000000000000000e+00
1.382800000000000029e+00
0.000000000000000000e+00
0.000000000000000000e+00
6.131799999999999473e-01
0.000000000000000000e+00
0.000000000000000000e+00
0.000000000000000000e+00
0.000000000000000000e+00
0.000000000000000000e+00
0.000000000000000000e+00
4.711000000000000187e-01
0.000000000000000000e+00
0.000000000000000000e+00
6.646900000000000031e-01
0.000000000000000000e+00
5.800100000000000255e-01
0.000000000000000000e+00
0.000000000000000000e+00
0.000000000000000000e+00
4.440600000000000103e-01
0.000000000000000000e+00
9.402599999999999847e-01
0.000000000000000000e+00
6.336000000000000520e-01
0.000000000000000000e+00
0.000000000000000000e+00
0.000000000000000000e+00
4.210400000000000253e-01
0.000000000000000000e+00
0.000000000000000000e+00
0.000000000000000000e+00
0.000000000000000000e+00
5.001499999999999835e-01
0.000000000000000000e+00
4.886599999999999833e-01
0.000000000000000000e+00
0.000000000000000000e+00
0.000000000000000000e+00
0.000000000000000000e+00
0.000000000000000000e+00
0.000000000000000000e+00
0.000000000000000000e+00
0.000000000000000000e+00
0.000000000000000000e+00
0.000000000000000000e+00
0.000000000000000000e+00
0.000000000000000000e+00
0.000000000000000000e+00
0.000000000000000000e+00
0.000000000000000000e+00
0.000000000000000000e+00
0.000000000000000000e+00
0.000000000000000000e+00
0.000000000000000000e+00
0.000000000000000000e+00
0.000000000000000000e+00
0.000000000000000000e+00
5.840699999999999781e-01
0.000000000000000000e+00
0.000000000000000000e+00
0.000000000000000000e+00
8.648299999999999876e-01
0.000000000000000000e+00
0.000000000000000000e+00
0.000000000000000000e+00
5.776900000000000368e-01
0.000000000000000000e+00
0.000000000000000000e+00
0.000000000000000000e+00
0.000000000000000000e+00
5.871800000000000352e-01
0.000000000000000000e+00
0.000000000000000000e+00
0.000000000000000000e+00
5.681599999999999984e-01
0.000000000000000000e+00
6.502999999999999892e-01
0.000000000000000000e+00
0.000000000000000000e+00
0.000000000000000000e+00
7.434199999999999697e-01
0.000000000000000000e+00
0.000000000000000000e+00
4.690900000000000070e-01
0.000000000000000000e+00
1.283619999999999983e+00
0.000000000000000000e+00
0.000000000000000000e+00
9.084499999999999797e-01
0.000000000000000000e+00
0.000000000000000000e+00
0.000000000000000000e+00
6.681300000000000017e-01
0.000000000000000000e+00
6.574999999999999734e-01
0.000000000000000000e+00
6.201799999999999535e-01
0.000000000000000000e+00
8.243399999999999617e-01
0.000000000000000000e+00
0.000000000000000000e+00
6.536499999999999533e-01
0.000000000000000000e+00
0.000000000000000000e+00
7.608200000000000518e-01
0.000000000000000000e+00
0.000000000000000000e+00
7.250400000000000178e-01
0.000000000000000000e+00
0.000000000000000000e+00
0.000000000000000000e+00
6.682700000000000307e-01
0.000000000000000000e+00
1.180760000000000032e+00
0.000000000000000000e+00
0.000000000000000000e+00
0.000000000000000000e+00
6.114000000000000545e-01
0.000000000000000000e+00
0.000000000000000000e+00
0.000000000000000000e+00
0.000000000000000000e+00
4.366399999999999726e-01
0.000000000000000000e+00
9.207800000000000429e-01
0.000000000000000000e+00
0.000000000000000000e+00
0.000000000000000000e+00
6.087599999999999678e-01
0.000000000000000000e+00
0.000000000000000000e+00
9.720400000000000151e-01
0.000000000000000000e+00
0.000000000000000000e+00
0.000000000000000000e+00
0.000000000000000000e+00
0.000000000000000000e+00
5.612300000000000066e-01
0.000000000000000000e+00
6.528000000000000469e-01
0.000000000000000000e+00
0.000000000000000000e+00
0.000000000000000000e+00
6.358300000000000063e-01
0.000000000000000000e+00
0.000000000000000000e+00
0.000000000000000000e+00
0.000000000000000000e+00
5.527100000000000346e-01
0.000000000000000000e+00
0.000000000000000000e+00
1.128710000000000102e+00
0.000000000000000000e+00
0.000000000000000000e+00
5.149200000000000443e-01
0.000000000000000000e+00
0.000000000000000000e+00
0.000000000000000000e+00
5.661100000000000021e-01
0.000000000000000000e+00
0.000000000000000000e+00
5.679699999999999749e-01
0.000000000000000000e+00
0.000000000000000000e+00
6.816100000000000492e-01
0.000000000000000000e+00
0.000000000000000000e+00
0.000000000000000000e+00
5.776200000000000223e-01
0.000000000000000000e+00
6.487500000000000488e-01
0.000000000000000000e+00
6.419700000000000406e-01
0.000000000000000000e+00
0.000000000000000000e+00
0.000000000000000000e+00
0.000000000000000000e+00
6.169200000000000239e-01
0.000000000000000000e+00
0.000000000000000000e+00
1.232429999999999914e+00
0.000000000000000000e+00
0.000000000000000000e+00
0.000000000000000000e+00
5.981400000000000050e-01
0.000000000000000000e+00
0.000000000000000000e+00
0.000000000000000000e+00
1.121699999999999919e+00
0.000000000000000000e+00
7.166099999999999692e-01
0.000000000000000000e+00
0.000000000000000000e+00
0.000000000000000000e+00
0.000000000000000000e+00
5.590100000000000069e-01
0.000000000000000000e+00
0.000000000000000000e+00
9.922400000000000109e-01
0.000000000000000000e+00
0.000000000000000000e+00
5.700499999999999456e-01
0.000000000000000000e+00
0.000000000000000000e+00
0.000000000000000000e+00
7.398000000000000131e-01
0.000000000000000000e+00
0.000000000000000000e+00
8.572499999999999565e-01
0.000000000000000000e+00
1.549169999999999936e+00
0.000000000000000000e+00
0.000000000000000000e+00
0.000000000000000000e+00
7.346899999999999542e-01
0.000000000000000000e+00
0.000000000000000000e+00
5.459500000000000464e-01
0.000000000000000000e+00
0.000000000000000000e+00
0.000000000000000000e+00
6.430500000000000105e-01
0.000000000000000000e+00
0.000000000000000000e+00
0.000000000000000000e+00
9.969099999999999628e-01
0.000000000000000000e+00
0.000000000000000000e+00
3.996000000000000107e-01
0.000000000000000000e+00
0.000000000000000000e+00
0.000000000000000000e+00
0.000000000000000000e+00
0.000000000000000000e+00
0.000000000000000000e+00
0.000000000000000000e+00
9.101700000000000346e-01
0.000000000000000000e+00
0.000000000000000000e+00
0.000000000000000000e+00
5.892399999999999860e-01
0.000000000000000000e+00
0.000000000000000000e+00
0.000000000000000000e+00
0.000000000000000000e+00
0.000000000000000000e+00
5.753399999999999626e-01
0.000000000000000000e+00
0.000000000000000000e+00
5.496999999999999664e-01
0.000000000000000000e+00
9.593300000000000161e-01
0.000000000000000000e+00
0.000000000000000000e+00
4.731099999999999750e-01
0.000000000000000000e+00
0.000000000000000000e+00
0.000000000000000000e+00
0.000000000000000000e+00
0.000000000000000000e+00
6.589800000000000102e-01
0.000000000000000000e+00
0.000000000000000000e+00
0.000000000000000000e+00
0.000000000000000000e+00
1.065539999999999932e+00
0.000000000000000000e+00
8.271300000000000319e-01
0.000000000000000000e+00
0.000000000000000000e+00
0.000000000000000000e+00
0.000000000000000000e+00
6.208599999999999675e-01
0.000000000000000000e+00
0.000000000000000000e+00
0.000000000000000000e+00
0.000000000000000000e+00
0.000000000000000000e+00
5.607199999999999962e-01
0.000000000000000000e+00
0.000000000000000000e+00
6.585900000000000087e-01
0.000000000000000000e+00
0.000000000000000000e+00
7.557099999999999929e-01
0.000000000000000000e+00
0.000000000000000000e+00
5.274699999999999944e-01
0.000000000000000000e+00
0.000000000000000000e+00
4.853500000000000036e-01
0.000000000000000000e+00
0.000000000000000000e+00
0.000000000000000000e+00
4.637600000000000056e-01
0.000000000000000000e+00
0.000000000000000000e+00
7.976900000000000102e-01
0.000000000000000000e+00
7.114500000000000268e-01
0.000000000000000000e+00
0.000000000000000000e+00
7.766499999999999515e-01
0.000000000000000000e+00
0.000000000000000000e+00
6.223999999999999533e-01
0.000000000000000000e+00
0.000000000000000000e+00
4.531499999999999972e-01
0.000000000000000000e+00
0.000000000000000000e+00
0.000000000000000000e+00
6.477699999999999569e-01
0.000000000000000000e+00
0.000000000000000000e+00
0.000000000000000000e+00
7.390499999999999847e-01
0.000000000000000000e+00
7.488700000000000356e-01
0.000000000000000000e+00
0.000000000000000000e+00
7.082899999999999752e-01
0.000000000000000000e+00
0.000000000000000000e+00
6.215899999999999759e-01
0.000000000000000000e+00
0.000000000000000000e+00
0.000000000000000000e+00
0.000000000000000000e+00
0.000000000000000000e+00
6.090499999999999803e-01
0.000000000000000000e+00
0.000000000000000000e+00
7.087499999999999911e-01
0.000000000000000000e+00
0.000000000000000000e+00
0.000000000000000000e+00
0.000000000000000000e+00
0.000000000000000000e+00
0.000000000000000000e+00
0.000000000000000000e+00
0.000000000000000000e+00
0.000000000000000000e+00
0.000000000000000000e+00
0.000000000000000000e+00
0.000000000000000000e+00
0.000000000000000000e+00
0.000000000000000000e+00
0.000000000000000000e+00
0.000000000000000000e+00
0.000000000000000000e+00
0.000000000000000000e+00
0.000000000000000000e+00
0.000000000000000000e+00
0.000000000000000000e+00
0.000000000000000000e+00
6.872599999999999820e-01
0.000000000000000000e+00
0.000000000000000000e+00
6.160700000000000065e-01
0.000000000000000000e+00
0.000000000000000000e+00
4.835800000000000098e-01
0.000000000000000000e+00
0.000000000000000000e+00
8.862299999999999622e-01
0.000000000000000000e+00
1.152220000000000022e+00
0.000000000000000000e+00
7.520200000000000218e-01
0.000000000000000000e+00
0.000000000000000000e+00
6.827100000000000390e-01
0.000000000000000000e+00
5.527699999999999836e-01
0.000000000000000000e+00
0.000000000000000000e+00
5.455100000000000504e-01
0.000000000000000000e+00
0.000000000000000000e+00
8.668900000000000494e-01
0.000000000000000000e+00
0.000000000000000000e+00
5.234900000000000109e-01
0.000000000000000000e+00
0.000000000000000000e+00
0.000000000000000000e+00
0.000000000000000000e+00
8.045200000000000129e-01
0.000000000000000000e+00
0.000000000000000000e+00
0.000000000000000000e+00
5.495900000000000230e-01
0.000000000000000000e+00
7.722099999999999520e-01
0.000000000000000000e+00
0.000000000000000000e+00
9.979099999999999637e-01
0.000000000000000000e+00
8.774499999999999522e-01
0.000000000000000000e+00
0.000000000000000000e+00
6.471999999999999975e-01
0.000000000000000000e+00
0.000000000000000000e+00
0.000000000000000000e+00
8.476000000000000201e-01
0.000000000000000000e+00
0.000000000000000000e+00
6.942899999999999627e-01
0.000000000000000000e+00
6.797600000000000309e-01
0.000000000000000000e+00
6.523799999999999599e-01
0.000000000000000000e+00
0.000000000000000000e+00
0.000000000000000000e+00
1.095369999999999955e+00
0.000000000000000000e+00
0.000000000000000000e+00
0.000000000000000000e+00
8.103500000000000147e-01
0.000000000000000000e+00
7.171100000000000252e-01
0.000000000000000000e+00
0.000000000000000000e+00
0.000000000000000000e+00
0.000000000000000000e+00
0.000000000000000000e+00
7.802400000000000446e-01
0.000000000000000000e+00
0.000000000000000000e+00
5.524900000000000366e-01
0.000000000000000000e+00
0.000000000000000000e+00
0.000000000000000000e+00
0.000000000000000000e+00
0.000000000000000000e+00
7.114899999999999558e-01
0.000000000000000000e+00
0.000000000000000000e+00
6.789399999999999880e-01
0.000000000000000000e+00
0.000000000000000000e+00
7.013200000000000545e-01
0.000000000000000000e+00
0.000000000000000000e+00
0.000000000000000000e+00
0.000000000000000000e+00
0.000000000000000000e+00
6.533499999999999863e-01
0.000000000000000000e+00
0.000000000000000000e+00
6.370599999999999596e-01
0.000000000000000000e+00
0.000000000000000000e+00
5.804899999999999505e-01
0.000000000000000000e+00
0.000000000000000000e+00
0.000000000000000000e+00
0.000000000000000000e+00
5.484999999999999876e-01
0.000000000000000000e+00
0.000000000000000000e+00
7.457300000000000040e-01
0.000000000000000000e+00
0.000000000000000000e+00
7.734400000000000164e-01
0.000000000000000000e+00
0.000000000000000000e+00
1.104300000000000059e+00
0.000000000000000000e+00
0.000000000000000000e+00
0.000000000000000000e+00
0.000000000000000000e+00
0.000000000000000000e+00
0.000000000000000000e+00
0.000000000000000000e+00
4.614800000000000013e-01
0.000000000000000000e+00
0.000000000000000000e+00
8.448299999999999699e-01
0.000000000000000000e+00
6.822700000000000431e-01
0.000000000000000000e+00
0.000000000000000000e+00
7.215000000000000302e-01
0.000000000000000000e+00
0.000000000000000000e+00
0.000000000000000000e+00
0.000000000000000000e+00
5.604999999999999982e-01
0.000000000000000000e+00
0.000000000000000000e+00
0.000000000000000000e+00
6.179299999999999793e-01
0.000000000000000000e+00
5.772699999999999498e-01
0.000000000000000000e+00
0.000000000000000000e+00
1.351830000000000087e+00
0.000000000000000000e+00
0.000000000000000000e+00
5.056599999999999984e-01
0.000000000000000000e+00
0.000000000000000000e+00
0.000000000000000000e+00
6.423100000000000476e-01
0.000000000000000000e+00
5.548999999999999488e-01
0.000000000000000000e+00
1.119350000000000067e+00
0.000000000000000000e+00
0.000000000000000000e+00
0.000000000000000000e+00
5.029400000000000537e-01
0.000000000000000000e+00
1.166460000000000052e+00
0.000000000000000000e+00
6.529800000000000049e-01
0.000000000000000000e+00
0.000000000000000000e+00
1.385089999999999932e+00
0.000000000000000000e+00
0.000000000000000000e+00
0.000000000000000000e+00
7.113500000000000378e-01
0.000000000000000000e+00
0.000000000000000000e+00
0.000000000000000000e+00
5.308300000000000241e-01
0.000000000000000000e+00
0.000000000000000000e+00
6.009200000000000097e-01
0.000000000000000000e+00
0.000000000000000000e+00
6.406100000000000128e-01
0.000000000000000000e+00
0.000000000000000000e+00
6.190200000000000147e-01
0.000000000000000000e+00
8.933400000000000230e-01
0.000000000000000000e+00
0.000000000000000000e+00
9.713399999999999812e-01
0.000000000000000000e+00
0.000000000000000000e+00
0.000000000000000000e+00
5.843899999999999650e-01
0.000000000000000000e+00
0.000000000000000000e+00
5.902800000000000269e-01
0.000000000000000000e+00
0.000000000000000000e+00
0.000000000000000000e+00
6.857699999999999907e-01
0.000000000000000000e+00
8.460100000000000398e-01
0.000000000000000000e+00
0.000000000000000000e+00
0.000000000000000000e+00
0.000000000000000000e+00
0.000000000000000000e+00
5.788400000000000212e-01
0.000000000000000000e+00
0.000000000000000000e+00
0.000000000000000000e+00
8.016999999999999682e-01
0.000000000000000000e+00
0.000000000000000000e+00
7.975700000000000012e-01
0.000000000000000000e+00
0.000000000000000000e+00
0.000000000000000000e+00
0.000000000000000000e+00
7.567800000000000082e-01
0.000000000000000000e+00
1.264420000000000099e+00
0.000000000000000000e+00
0.000000000000000000e+00
0.000000000000000000e+00
0.000000000000000000e+00
9.166800000000000503e-01
0.000000000000000000e+00
0.000000000000000000e+00
0.000000000000000000e+00
5.977400000000000491e-01
0.000000000000000000e+00
6.129000000000000004e-01
0.000000000000000000e+00
0.000000000000000000e+00
0.000000000000000000e+00
7.489599999999999591e-01
0.000000000000000000e+00
0.000000000000000000e+00
0.000000000000000000e+00
0.000000000000000000e+00
0.000000000000000000e+00
0.000000000000000000e+00
1.025260000000000060e+00
0.000000000000000000e+00
0.000000000000000000e+00
0.000000000000000000e+00
7.436199999999999477e-01
0.000000000000000000e+00
0.000000000000000000e+00
0.000000000000000000e+00
6.329799999999999871e-01
0.000000000000000000e+00
0.000000000000000000e+00
5.872899999999999787e-01
0.000000000000000000e+00
6.633599999999999497e-01
0.000000000000000000e+00
0.000000000000000000e+00
0.000000000000000000e+00
0.000000000000000000e+00
0.000000000000000000e+00
0.000000000000000000e+00
6.246599999999999930e-01
0.000000000000000000e+00
0.000000000000000000e+00
0.000000000000000000e+00
0.000000000000000000e+00
0.000000000000000000e+00
5.793199999999999461e-01
0.000000000000000000e+00
0.000000000000000000e+00
0.000000000000000000e+00
0.000000000000000000e+00
0.000000000000000000e+00
6.624100000000000543e-01
0.000000000000000000e+00
0.000000000000000000e+00
0.000000000000000000e+00
0.000000000000000000e+00
0.000000000000000000e+00
0.000000000000000000e+00
0.000000000000000000e+00
0.000000000000000000e+00
0.000000000000000000e+00
0.000000000000000000e+00
0.000000000000000000e+00
