0.000000000000000000e+00
0.000000000000000000e+00
0.000000000000000000e+00
0.000000000000000000e+00
0.000000000000000000e+00
0.000000000000000000e+00
0.000000000000000000e+00
0.000000000000000000e+00
0.000000000000000000e+00
0.000000000000000000e+00
5.130599999999999605e-01
0.000000000000000000e+00
0.000000000000000000e+00
1.085620000000000029e+00
0.000000000000000000e+00
0.000000000000000000e+00
0.000000000000000000e+00
8.775300000000000322e-01
0.000000000000000000e+00
5.600399999999999823e-01
0.000000000000000000e+00
0.000000000000000000e+00
0.000000000000000000e+00
1.089169999999999972e+00
0.000000000000000000e+00
8.177699999999999969e-01
0.000000000000000000e+00
0.000000000000000000e+00
5.691899999999999737e-01
0.000000000000000000e+00
6.023899999999999810e-01
0.000000000000000000e+00
0.000000000000000000e+00
0.000000000000000000e+00
1.050119999999999942e+00
0.000000000000000000e+00
0.000000000000000000e+00
0.000000000000000000e+00
1.156279999999999974e+00
0.000000000000000000e+00
0.000000000000000000e+00
0.000000000000000000e+00
5.953199999999999603e-01
0.000000000000000000e+00
0.000000000000000000e+00
5.379599999999999937e-01
0.000000000000000000e+00
6.441700000000000204e-01
0.000000000000000000e+00
0.000000000000000000e+00
5.695900000000000407e-01
0.000000000000000000e+00
0.000000000000000000e+00
6.208799999999999875e-01
0.000000000000000000e+00
0.000000000000000000e+00
0.000000000000000000e+00
0.000000000000000000e+00
0.000000000000000000e+00
6.525600000000000289e-01
0.000000000000000000e+00
0.000000000000000000e+00
6.658699999999999619e-01
0.000000000000000000e+00
0.000000000000000000e+00
0.000000000000000000e+00
0.000000000000000000e+00
0.000000000000000000e+00
0.000000000000000000e+00
1.013209999999999944e+00
0.000000000000000000e+00
0.000000000000000000e+00
5.594500000000000028e-01
0.000000000000000000e+00
0.000000000000000000e+00
5.827599999999999447e-01
0.000000000000000000e+00
0.000000000000000000e+00
0.000000000000000000e+00
5.848499999999999810e-01
0.000000000000000000e+00
6.464699999999999891e-01
0.000000000000000000e+00
0.000000000000000000e+00
6.094500000000000473e-01
0.000000000000000000e+00
0.000000000000000000e+00
0.000000000000000000e+00
5.923800000000000177e-01
0.000000000000000000e+00
0.000000000000000000e+00
0.000000000000000000e+00
5.536499999999999755e-01
0.000000000000000000e+00
0.000000000000000000e+00
5.402000000000000135e-01
0.000000000000000000e+00
0.000000000000000000e+00
6.019900000000000251e-01
0.000000000000000000e+00
0.000000000000000000e+00
0.000000000000000000e+00
7.095799999999999885e-01
0.000000000000000000e+00
0.000000000000000000e+00
0.000000000000000000e+00
0.000000000000000000e+00
0.000000000000000000e+00
0.000000000000000000e+00
0.000000000000000000e+00
6.558100000000000041e-01
0.000000000000000000e+00
5.334699999999999998e-01
0.000000000000000000e+00
5.593500000000000139e-01
0.000000000000000000e+00
5.704099999999999726e-01
0.000000000000000000e+00
0.000000000000000000e+00
6.147500000000000187e-01
0.000000000000000000e+00
0.000000000000000000e+00
6.873599999999999710e-01
0.000000000000000000e+00
0.000000000000000000e+00
0.000000000000000000e+00
0.000000000000000000e+00
0.000000000000000000e+00
1.105129999999999946e+00
0.000000000000000000e+00
0.000000000000000000e+00
9.595200000000000395e-01
0.000000000000000000e+00
4.891099999999999892e-01
0.000000000000000000e+00
5.297399999999999887e-01
0.000000000000000000e+00
0.000000000000000000e+00
0.000000000000000000e+00
0.000000000000000000e+00
1.016110000000000069e+00
0.000000000000000000e+00
0.000000000000000000e+00
5.138700000000000490e-01
0.000000000000000000e+00
0.000000000000000000e+00
0.000000000000000000e+00
0.000000000000000000e+00
6.460599999999999676e-01
0.000000000000000000e+00
0.000000000000000000e+00
5.661899999999999711e-01
0.000000000000000000e+00
0.000000000000000000e+00
6.596699999999999786e-01
0.000000000000000000e+00
7.369599999999999485e-01
0.000000000000000000e+00
0.000000000000000000e+00
0.000000000000000000e+00
5.329500000000000348e-01
0.000000000000000000e+00
0.000000000000000000e+00
0.000000000000000000e+00
4.939299999999999802e-01
0.000000000000000000e+00
0.000000000000000000e+00
7.203000000000000513e-01
0.000000000000000000e+00
5.425499999999999767e-01
0.000000000000000000e+00
0.000000000000000000e+00
0.000000000000000000e+00
6.887799999999999478e-01
0.000000000000000000e+00
0.000000000000000000e+00
0.000000000000000000e+00
5.526299999999999546e-01
0.000000000000000000e+00
0.000000000000000000e+00
7.457200000000000495e-01
0.000000000000000000e+00
0.000000000000000000e+00
0.000000000000000000e+00
5.594200000000000284e-01
0.000000000000000000e+00
5.534900000000000375e-01
0.000000000000000000e+00
0.000000000000000000e+00
6.486300000000000399e-01
0.000000000000000000e+00
6.216300000000000159e-01
0.000000000000000000e+00
0.000000000000000000e+00
5.175300000000000455e-01
0.000000000000000000e+00
0.000000000000000000e+00
5.145699999999999719e-01
0.000000000000000000e+00
5.589600000000000124e-01
0.000000000000000000e+00
6.034899999999999709e-01
0.000000000000000000e+00
0.000000000000000000e+00
1.165920000000000067e+00
0.000000000000000000e+00
0.000000000000000000e+00
0.000000000000000000e+00
5.264799999999999480e-01
0.000000000000000000e+00
0.000000000000000000e+00
6.087000000000000188e-01
0.000000000000000000e+00
0.000000000000000000e+00
5.138899999999999579e-01
0.000000000000000000e+00
0.000000000000000000e+00
0.000000000000000000e+00
0.000000000000000000e+00
8.589700000000000113e-01
0.000000000000000000e+00
0.000000000000000000e+00
5.511599999999999833e-01
0.000000000000000000e+00
0.000000000000000000e+00
0.000000000000000000e+00
0.000000000000000000e+00
4.984100000000000197e-01
0.000000000000000000e+00
6.131900000000000128e-01
0.000000000000000000e+00
0.000000000000000000e+00
9.225400000000000267e-01
0.000000000000000000e+00
0.000000000000000000e+00
1.027619999999999978e+00
0.000000000000000000e+00
5.298899999999999721e-01
0.000000000000000000e+00
5.542500000000000204e-01
0.000000000000000000e+00
0.000000000000000000e+00
5.970199999999999951e-01
0.000000000000000000e+00
0.000000000000000000e+00
0.000000000000000000e+00
5.903899999999999704e-01
0.000000000000000000e+00
0.000000000000000000e+00
0.000000000000000000e+00
0.000000000000000000e+00
5.460700000000000554e-01
0.000000000000000000e+00
0.000000000000000000e+00
5.968900000000000317e-01
0.000000000000000000e+00
0.000000000000000000e+00
0.000000000000000000e+00
5.778900000000000148e-01
0.000000000000000000e+00
6.649699999999999500e-01
0.000000000000000000e+00
0.000000000000000000e+00
6.672799999999999843e-01
0.000000000000000000e+00
0.000000000000000000e+00
0.000000000000000000e+00
0.000000000000000000e+00
0.000000000000000000e+00
5.102900000000000214e-01
0.000000000000000000e+00
6.125500000000000389e-01
0.000000000000000000e+00
0.000000000000000000e+00
0.000000000000000000e+00
0.000000000000000000e+00
0.000000000000000000e+00
0.000000000000000000e+00
0.000000000000000000e+00
0.000000000000000000e+00
0.000000000000000000e+00
0.000000000000000000e+00
0.000000000000000000e+00
0.000000000000000000e+00
0.000000000000000000e+00
0.000000000000000000e+00
0.000000000000000000e+00
0.000000000000000000e+00
0.000000000000000000e+00
0.000000000000000000e+00
0.000000000000000000e+00
0.000000000000000000e+00
0.000000000000000000e+00
0.000000000000000000e+00
0.000000000000000000e+00
5.075699999999999656e-01
0.000000000000000000e+00
0.000000000000000000e+00
0.000000000000000000e+00
0.000000000000000000e+00
5.750999999999999446e-01
0.000000000000000000e+00
0.000000000000000000e+00
0.000000000000000000e+00
0.000000000000000000e+00
6.168099999999999694e-01
0.000000000000000000e+00
0.000000000000000000e+00
0.000000000000000000e+00
8.126499999999999835e-01
0.000000000000000000e+00
6.595199999999999951e-01
0.000000000000000000e+00
6.398500000000000298e-01
0.000000000000000000e+00
5.459899999999999753e-01
0.000000000000000000e+00
6.800000000000000488e-01
0.000000000000000000e+00
0.000000000000000000e+00
0.000000000000000000e+00
0.000000000000000000e+00
0.000000000000000000e+00
5.681699999999999529e-01
0.000000000000000000e+00
6.656600000000000295e-01
0.000000000000000000e+00
6.312799999999999523e-01
0.000000000000000000e+00
0.000000000000000000e+00
0.000000000000000000e+00
6.203999999999999515e-01
0.000000000000000000e+00
0.000000000000000000e+00
5.776400000000000423e-01
0.000000000000000000e+00
0.000000000000000000e+00
0.000000000000000000e+00
9.116499999999999604e-01
0.000000000000000000e+00
0.000000000000000000e+00
4.585799999999999876e-01
0.000000000000000000e+00
5.471099999999999852e-01
0.000000000000000000e+00
9.206400000000000139e-01
0.000000000000000000e+00
0.000000000000000000e+00
0.000000000000000000e+00
5.936900000000000510e-01
0.000000000000000000e+00
0.000000000000000000e+00
0.000000000000000000e+00
0.000000000000000000e+00
0.000000000000000000e+00
0.000000000000000000e+00
6.298099999999999810e-01
0.000000000000000000e+00
0.000000000000000000e+00
0.000000000000000000e+00
0.000000000000000000e+00
5.095499999999999474e-01
0.000000000000000000e+00
0.000000000000000000e+00
0.000000000000000000e+00
0.000000000000000000e+00
5.397499999999999520e-01
0.000000000000000000e+00
0.000000000000000000e+00
0.000000000000000000e+00
5.224299999999999500e-01
0.000000000000000000e+00
0.000000000000000000e+00
0.000000000000000000e+00
6.694799999999999640e-01
0.000000000000000000e+00
0.000000000000000000e+00
7.421600000000000419e-01
0.000000000000000000e+00
0.000000000000000000e+00
0.000000000000000000e+00
4.515000000000000124e-01
0.000000000000000000e+00
8.067699999999999871e-01
0.000000000000000000e+00
0.000000000000000000e+00
5.191999999999999948e-01
0.000000000000000000e+00
0.000000000000000000e+00
6.605299999999999505e-01
0.000000000000000000e+00
0.000000000000000000e+00
5.207699999999999552e-01
0.000000000000000000e+00
5.900999999999999579e-01
0.000000000000000000e+00
5.605900000000000327e-01
0.000000000000000000e+00
0.000000000000000000e+00
0.000000000000000000e+00
0.000000000000000000e+00
5.382400000000000517e-01
0.000000000000000000e+00
0.000000000000000000e+00
0.000000000000000000e+00
0.000000000000000000e+00
0.000000000000000000e+00
6.943599999999999772e-01
0.000000000000000000e+00
0.000000000000000000e+00
0.000000000000000000e+00
6.101299999999999502e-01
0.000000000000000000e+00
0.000000000000000000e+00
6.308300000000000018e-01
0.000000000000000000e+00
0.000000000000000000e+00
5.412000000000000144e-01
0.000000000000000000e+00
0.000000000000000000e+00
6.894700000000000273e-01
0.000000000000000000e+00
7.280100000000000460e-01
0.000000000000000000e+00
7.774799999999999489e-01
0.000000000000000000e+00
0.000000000000000000e+00
0.000000000000000000e+00
0.000000000000000000e+00
0.000000000000000000e+00
6.279000000000000137e-01
0.000000000000000000e+00
0.000000000000000000e+00
5.382000000000000117e-01
0.000000000000000000e+00
0.000000000000000000e+00
0.000000000000000000e+00
5.488699999999999690e-01
0.000000000000000000e+00
0.000000000000000000e+00
0.000000000000000000e+00
0.000000000000000000e+00
7.949300000000000255e-01
0.000000000000000000e+00
0.000000000000000000e+00
0.000000000000000000e+00
0.000000000000000000e+00
0.000000000000000000e+00
5.542899999999999494e-01
0.000000000000000000e+00
0.000000000000000000e+00
0.000000000000000000e+00
7.532200000000000006e-01
0.000000000000000000e+00
0.000000000000000000e+00
8.165000000000000036e-01
0.000000000000000000e+00
0.000000000000000000e+00
8.028199999999999781e-01
0.000000000000000000e+00
1.123199999999999976e+00
0.000000000000000000e+00
0.000000000000000000e+00
8.957100000000000062e-01
0.000000000000000000e+00
0.000000000000000000e+00
0.000000000000000000e+00
0.000000000000000000e+00
4.659400000000000208e-01
0.000000000000000000e+00
0.000000000000000000e+00
0.000000000000000000e+00
7.162199999999999678e-01
0.000000000000000000e+00
0.000000000000000000e+00
0.000000000000000000e+00
6.392400000000000304e-01
0.000000000000000000e+00
0.000000000000000000e+00
0.000000000000000000e+00
6.401900000000000368e-01
0.000000000000000000e+00
0.000000000000000000e+00
0.000000000000000000e+00
0.000000000000000000e+00
5.302000000000000046e-01
0.000000000000000000e+00
0.000000000000000000e+00
7.631000000000000005e-01
0.000000000000000000e+00
0.000000000000000000e+00
0.000000000000000000e+00
0.000000000000000000e+00
0.000000000000000000e+00
0.000000000000000000e+00
5.718699999999999894e-01
0.000000000000000000e+00
0.000000000000000000e+00
1.329159999999999897e+00
0.000000000000000000e+00
0.000000000000000000e+00
0.000000000000000000e+00
6.182299999999999462e-01
0.000000000000000000e+00
0.000000000000000000e+00
0.000000000000000000e+00
6.674499999999999877e-01
0.000000000000000000e+00
8.199100000000000277e-01
0.000000000000000000e+00
0.000000000000000000e+00
9.283099999999999685e-01
0.000000000000000000e+00
0.000000000000000000e+00
0.000000000000000000e+00
4.746299999999999963e-01
0.000000000000000000e+00
0.000000000000000000e+00
0.000000000000000000e+00
6.429500000000000215e-01
0.000000000000000000e+00
8.274899999999999478e-01
0.000000000000000000e+00
0.000000000000000000e+00
0.000000000000000000e+00
6.537500000000000533e-01
0.000000000000000000e+00
0.000000000000000000e+00
0.000000000000000000e+00
0.000000000000000000e+00
0.000000000000000000e+00
0.000000000000000000e+00
7.338400000000000478e-01
0.000000000000000000e+00
0.000000000000000000e+00
0.000000000000000000e+00
0.000000000000000000e+00
5.866400000000000503e-01
0.000000000000000000e+00
0.000000000000000000e+00
5.355799999999999450e-01
0.000000000000000000e+00
0.000000000000000000e+00
0.000000000000000000e+00
1.178719999999999990e+00
0.000000000000000000e+00
0.000000000000000000e+00
0.000000000000000000e+00
8.486500000000000155e-01
0.000000000000000000e+00
5.622300000000000075e-01
0.000000000000000000e+00
5.257100000000000106e-01
0.000000000000000000e+00
0.000000000000000000e+00
0.000000000000000000e+00
0.000000000000000000e+00
0.000000000000000000e+00
4.480500000000000038e-01
0.000000000000000000e+00
0.000000000000000000e+00
0.000000000000000000e+00
4.090300000000000047e-01
0.000000000000000000e+00
5.025300000000000322e-01
0.000000000000000000e+00
6.191299999999999581e-01
0.000000000000000000e+00
0.000000000000000000e+00
0.000000000000000000e+00
0.000000000000000000e+00
4.689099999999999935e-01
0.000000000000000000e+00
0.000000000000000000e+00
0.000000000000000000e+00
7.806199999999999806e-01
0.000000000000000000e+00
0.000000000000000000e+00
6.098299999999999832e-01
0.000000000000000000e+00
0.000000000000000000e+00
0.000000000000000000e+00
4.829100000000000059e-01
0.000000000000000000e+00
0.000000000000000000e+00
0.000000000000000000e+00
0.000000000000000000e+00
0.000000000000000000e+00
0.000000000000000000e+00
0.000000000000000000e+00
0.000000000000000000e+00
0.000000000000000000e+00
0.000000000000000000e+00
0.000000000000000000e+00
0.000000000000000000e+00
0.000000000000000000e+00
0.000000000000000000e+00
0.000000000000000000e+00
0.000000000000000000e+00
0.000000000000000000e+00
0.000000000000000000e+00
0.000000000000000000e+00
0.000000000000000000e+00
0.000000000000000000e+00
0.000000000000000000e+00
0.000000000000000000e+00
0.000000000000000000e+00
4.940800000000000192e-01
0.000000000000000000e+00
0.000000000000000000e+00
0.000000000000000000e+00
0.000000000000000000e+00
0.000000000000000000e+00
4.836500000000000243e-01
0.000000000000000000e+00
0.000000000000000000e+00
1.170889999999999986e+00
0.000000000000000000e+00
0.000000000000000000e+00
0.000000000000000000e+00
0.000000000000000000e+00
0.000000000000000000e+00
5.707600000000000451e-01
0.000000000000000000e+00
1.018780000000000019e+00
0.000000000000000000e+00
5.999999999999999778e-01
0.000000000000000000e+00
0.000000000000000000e+00
4.751400000000000068e-01
0.000000000000000000e+00
0.000000000000000000e+00
0.000000000000000000e+00
5.631399999999999739e-01
0.000000000000000000e+00
0.000000000000000000e+00
6.690800000000000081e-01
0.000000000000000000e+00
6.075000000000000400e-01
0.000000000000000000e+00
0.000000000000000000e+00
0.000000000000000000e+00
6.756999999999999673e-01
0.000000000000000000e+00
0.000000000000000000e+00
5.809900000000000064e-01
0.000000000000000000e+00
0.000000000000000000e+00
4.944399999999999906e-01
0.000000000000000000e+00
5.097800000000000109e-01
0.000000000000000000e+00
0.000000000000000000e+00
0.000000000000000000e+00
0.000000000000000000e+00
0.000000000000000000e+00
4.959999999999999964e-01
0.000000000000000000e+00
0.000000000000000000e+00
0.000000000000000000e+00
5.567100000000000382e-01
0.000000000000000000e+00
0.000000000000000000e+00
4.254000000000000004e-01
0.000000000000000000e+00
5.346899999999999986e-01
0.000000000000000000e+00
0.000000000000000000e+00
0.000000000000000000e+00
1.021379999999999955e+00
0.000000000000000000e+00
0.000000000000000000e+00
6.454400000000000137e-01
0.000000000000000000e+00
5.452299999999999924e-01
0.000000000000000000e+00
0.000000000000000000e+00
0.000000000000000000e+00
5.335499999999999687e-01
0.000000000000000000e+00
0.000000000000000000e+00
6.393100000000000449e-01
0.000000000000000000e+00
0.000000000000000000e+00
6.911100000000000021e-01
0.000000000000000000e+00
4.856500000000000261e-01
0.000000000000000000e+00
0.000000000000000000e+00
9.565599999999999659e-01
0.000000000000000000e+00
0.000000000000000000e+00
0.000000000000000000e+00
6.475499999999999590e-01
0.000000000000000000e+00
0.000000000000000000e+00
6.218599999999999683e-01
0.000000000000000000e+00
0.000000000000000000e+00
6.201299999999999590e-01
0.000000000000000000e+00
6.733099999999999641e-01
0.000000000000000000e+00
0.000000000000000000e+00
0.000000000000000000e+00
1.132319999999999993e+00
0.000000000000000000e+00
0.000000000000000000e+00
0.000000000000000000e+00
4.994700000000000251e-01
0.000000000000000000e+00
0.000000000000000000e+00
0.000000000000000000e+00
0.000000000000000000e+00
0.000000000000000000e+00
5.280599999999999739e-01
0.000000000000000000e+00
0.000000000000000000e+00
8.293000000000000371e-01
0.000000000000000000e+00
0.000000000000000000e+00
0.000000000000000000e+00
0.000000000000000000e+00
5.251299999999999857e-01
0.000000000000000000e+00
0.000000000000000000e+00
0.000000000000000000e+00
6.567899999999999849e-01
0.000000000000000000e+00
0.000000000000000000e+00
8.290399999999999991e-01
0.000000000000000000e+00
0.000000000000000000e+00
6.020299999999999541e-01
0.000000000000000000e+00
0.000000000000000000e+00
0.000000000000000000e+00
0.000000000000000000e+00
0.000000000000000000e+00
6.576600000000000223e-01
0.000000000000000000e+00
0.000000000000000000e+00
6.095599999999999907e-01
0.000000000000000000e+00
0.000000000000000000e+00
0.000000000000000000e+00
0.000000000000000000e+00
5.582500000000000240e-01
0.000000000000000000e+00
0.000000000000000000e+00
0.000000000000000000e+00
5.819199999999999928e-01
0.000000000000000000e+00
6.022999999999999465e-01
0.000000000000000000e+00
0.000000000000000000e+00
0.000000000000000000e+00
5.364700000000000024e-01
0.000000000000000000e+00
0.000000000000000000e+00
0.000000000000000000e+00
0.000000000000000000e+00
5.953899999999999748e-01
0.000000000000000000e+00
8.054599999999999538e-01
0.000000000000000000e+00
8.176499999999999879e-01
0.000000000000000000e+00
6.364199999999999857e-01
0.000000000000000000e+00
9.230699999999999461e-01
0.000000000000000000e+00
0.000000000000000000e+00
7.511700000000000044e-01
0.000000000000000000e+00
0.000000000000000000e+00
0.000000000000000000e+00
0.000000000000000000e+00
0.000000000000000000e+00
5.396300000000000541e-01
0.000000000000000000e+00
7.460700000000000109e-01
0.000000000000000000e+00
0.000000000000000000e+00
0.000000000000000000e+00
5.440399999999999681e-01
0.000000000000000000e+00
0.000000000000000000e+00
5.654799999999999827e-01
0.000000000000000000e+00
0.000000000000000000e+00
0.000000000000000000e+00
1.211419999999999941e+00
0.000000000000000000e+00
0.000000000000000000e+00
0.000000000000000000e+00
4.581899999999999862e-01
0.000000000000000000e+00
0.000000000000000000e+00
1.027420000000000000e+00
0.000000000000000000e+00
0.000000000000000000e+00
0.000000000000000000e+00
0.000000000000000000e+00
8.031300000000000106e-01
0.000000000000000000e+00
0.000000000000000000e+00
0.000000000000000000e+00
0.000000000000000000e+00
0.000000000000000000e+00
0.000000000000000000e+00
6.245899999999999785e-01
0.000000000000000000e+00
0.000000000000000000e+00
0.000000000000000000e+00
5.102999999999999758e-01
0.000000000000000000e+00
0.000000000000000000e+00
0.000000000000000000e+00
8.244200000000000417e-01
0.000000000000000000e+00
0.000000000000000000e+00
0.000000000000000000e+00
0.000000000000000000e+00
0.000000000000000000e+00
6.273900000000000032e-01
0.000000000000000000e+00
0.000000000000000000e+00
0.000000000000000000e+00
0.000000000000000000e+00
4.525299999999999878e-01
0.000000000000000000e+00
0.000000000000000000e+00
0.000000000000000000e+00
1.126470000000000082e+00
0.000000000000000000e+00
0.000000000000000000e+00
0.000000000000000000e+00
0.000000000000000000e+00
0.000000000000000000e+00
0.000000000000000000e+00
5.192299999999999693e-01
0.000000000000000000e+00
0.000000000000000000e+00
0.000000000000000000e+00
4.742500000000000049e-01
0.000000000000000000e+00
0.000000000000000000e+00
0.000000000000000000e+00
0.000000000000000000e+00
6.192800000000000527e-01
0.000000000000000000e+00
0.000000000000000000e+00
4.899399999999999866e-01
0.000000000000000000e+00
0.000000000000000000e+00
0.000000000000000000e+00
0.000000000000000000e+00
0.000000000000000000e+00
8.431300000000000461e-01
0.000000000000000000e+00
0.000000000000000000e+00
5.850499999999999590e-01
0.000000000000000000e+00
0.000000000000000000e+00
6.866299999999999626e-01
0.000000000000000000e+00
1.064899999999999958e+00
0.000000000000000000e+00
6.905299999999999772e-01
0.000000000000000000e+00
0.000000000000000000e+00
0.000000000000000000e+00
4.492599999999999927e-01
0.000000000000000000e+00
0.000000000000000000e+00
0.000000000000000000e+00
0.000000000000000000e+00
0.000000000000000000e+00
0.000000000000000000e+00
0.000000000000000000e+00
8.261300000000000310e-01
0.000000000000000000e+00
0.000000000000000000e+00
5.537900000000000045e-01
0.000000000000000000e+00
9.611399999999999944e-01
0.000000000000000000e+00
5.775700000000000278e-01
0.000000000000000000e+00
0.000000000000000000e+00
4.814899999999999736e-01
0.000000000000000000e+00
5.664000000000000146e-01
0.000000000000000000e+00
0.000000000000000000e+00
0.000000000000000000e+00
0.000000000000000000e+00
0.000000000000000000e+00
0.000000000000000000e+00
0.000000000000000000e+00
0.000000000000000000e+00
0.000000000000000000e+00
0.000000000000000000e+00
0.000000000000000000e+00
0.000000000000000000e+00
0.000000000000000000e+00
0.000000000000000000e+00
0.000000000000000000e+00
0.000000000000000000e+00
0.000000000000000000e+00
0.000000000000000000e+00
0.000000000000000000e+00
0.000000000000000000e+00
0.000000000000000000e+00
0.000000000000000000e+00
0.000000000000000000e+00
0.000000000000000000e+00
5.193299999999999583e-01
0.000000000000000000e+00
7.235200000000000520e-01
0.000000000000000000e+00
0.000000000000000000e+00
0.000000000000000000e+00
4.849399999999999822e-01
0.000000000000000000e+00
0.000000000000000000e+00
0.000000000000000000e+00
0.000000000000000000e+00
4.606799999999999784e-01
0.000000000000000000e+00
0.000000000000000000e+00
6.064199999999999591e-01
0.000000000000000000e+00
0.000000000000000000e+00
0.000000000000000000e+00
0.000000000000000000e+00
5.754599999999999715e-01
0.000000000000000000e+00
6.139400000000000412e-01
0.000000000000000000e+00
9.374099999999999655e-01
0.000000000000000000e+00
0.000000000000000000e+00
5.248099999999999987e-01
0.000000000000000000e+00
1.939389999999999947e+00
0.000000000000000000e+00
0.000000000000000000e+00
7.730299999999999949e-01
0.000000000000000000e+00
6.537600000000000078e-01
0.000000000000000000e+00
0.000000000000000000e+00
5.031999999999999806e-01
0.000000000000000000e+00
0.000000000000000000e+00
6.542900000000000382e-01
0.000000000000000000e+00
0.000000000000000000e+00
0.000000000000000000e+00
0.000000000000000000e+00
6.825200000000000156e-01
0.000000000000000000e+00
0.000000000000000000e+00
6.878699999999999815e-01
0.000000000000000000e+00
0.000000000000000000e+00
0.000000000000000000e+00
5.582899999999999530e-01
0.000000000000000000e+00
0.000000000000000000e+00
4.859499999999999931e-01
0.000000000000000000e+00
5.994899999999999674e-01
0.000000000000000000e+00
0.000000000000000000e+00
0.000000000000000000e+00
5.149099999999999788e-01
0.000000000000000000e+00
0.000000000000000000e+00
0.000000000000000000e+00
4.911300000000000110e-01
0.000000000000000000e+00
6.936200000000000143e-01
0.000000000000000000e+00
0.000000000000000000e+00
5.384100000000000552e-01
0.000000000000000000e+00
0.000000000000000000e+00
0.000000000000000000e+00
4.742000000000000104e-01
0.000000000000000000e+00
0.000000000000000000e+00
5.599800000000000333e-01
0.000000000000000000e+00
5.345199999999999951e-01
0.000000000000000000e+00
0.000000000000000000e+00
0.000000000000000000e+00
0.000000000000000000e+00
0.000000000000000000e+00
5.329199999999999493e-01
0.000000000000000000e+00
0.000000000000000000e+00
0.000000000000000000e+00
0.000000000000000000e+00
4.854399999999999826e-01
0.000000000000000000e+00
0.000000000000000000e+00
5.046899999999999720e-01
0.000000000000000000e+00
0.000000000000000000e+00
6.189400000000000457e-01
0.000000000000000000e+00
0.000000000000000000e+00
0.000000000000000000e+00
6.056799999999999962e-01
0.000000000000000000e+00
5.265100000000000335e-01
0.000000000000000000e+00
0.000000000000000000e+00
6.018799999999999706e-01
0.000000000000000000e+00
0.000000000000000000e+00
0.000000000000000000e+00
7.649500000000000188e-01
0.000000000000000000e+00
5.231599999999999584e-01
0.000000000000000000e+00
5.285699999999999843e-01
0.000000000000000000e+00
5.781500000000000528e-01
0.000000000000000000e+00
0.000000000000000000e+00
0.000000000000000000e+00
0.000000000000000000e+00
0.000000000000000000e+00
5.081700000000000106e-01
0.000000000000000000e+00
0.000000000000000000e+00
0.000000000000000000e+00
5.925200000000000466e-01
0.000000000000000000e+00
0.000000000000000000e+00
0.000000000000000000e+00
0.000000000000000000e+00
4.972900000000000098e-01
0.000000000000000000e+00
0.000000000000000000e+00
0.000000000000000000e+00
5.444299999999999695e-01
0.000000000000000000e+00
0.000000000000000000e+00
5.339399999999999702e-01
0.000000000000000000e+00
5.259399999999999631e-01
0.000000000000000000e+00
0.000000000000000000e+00
5.285100000000000353e-01
0.000000000000000000e+00
9.165299999999999558e-01
0.000000000000000000e+00
0.000000000000000000e+00
0.000000000000000000e+00
1.002629999999999910e+00
0.000000000000000000e+00
0.000000000000000000e+00
0.000000000000000000e+00
0.000000000000000000e+00
4.584699999999999886e-01
0.000000000000000000e+00
0.000000000000000000e+00
0.000000000000000000e+00
0.000000000000000000e+00
4.167199999999999793e-01
0.000000000000000000e+00
0.000000000000000000e+00
0.000000000000000000e+00
0.000000000000000000e+00
0.000000000000000000e+00
4.285300000000000220e-01
0.000000000000000000e+00
7.740599999999999703e-01
0.000000000000000000e+00
6.346699999999999564e-01
0.000000000000000000e+00
0.000000000000000000e+00
4.510199999999999765e-01
0.000000000000000000e+00
0.000000000000000000e+00
0.000000000000000000e+00
5.539300000000000335e-01
0.000000000000000000e+00
6.125199999999999534e-01
0.000000000000000000e+00
0.000000000000000000e+00
0.000000000000000000e+00
4.375999999999999890e-01
0.000000000000000000e+00
0.000000000000000000e+00
5.665499999999999980e-01
0.000000000000000000e+00
0.000000000000000000e+00
0.000000000000000000e+00
5.481500000000000261e-01
0.000000000000000000e+00
5.185100000000000264e-01
0.000000000000000000e+00
5.246399999999999952e-01
0.000000000000000000e+00
6.901500000000000412e-01
0.000000000000000000e+00
0.000000000000000000e+00
0.000000000000000000e+00
0.000000000000000000e+00
5.312999999999999945e-01
0.000000000000000000e+00
5.156199999999999672e-01
0.000000000000000000e+00
5.465799999999999548e-01
0.000000000000000000e+00
0.000000000000000000e+00
0.000000000000000000e+00
4.857500000000000151e-01
0.000000000000000000e+00
0.000000000000000000e+00
0.000000000000000000e+00
0.000000000000000000e+00
0.000000000000000000e+00
4.758200000000000207e-01
0.000000000000000000e+00
0.000000000000000000e+00
0.000000000000000000e+00
0.000000000000000000e+00
9.506299999999999750e-01
0.000000000000000000e+00
0.000000000000000000e+00
5.219099999999999850e-01
0.000000000000000000e+00
1.076440000000000063e+00
0.000000000000000000e+00
0.000000000000000000e+00
0.000000000000000000e+00
6.276300000000000212e-01
0.000000000000000000e+00
5.565099999999999492e-01
0.000000000000000000e+00
0.000000000000000000e+00
6.539399999999999658e-01
0.000000000000000000e+00
0.000000000000000000e+00
0.000000000000000000e+00
0.000000000000000000e+00
0.000000000000000000e+00
0.000000000000000000e+00
5.334799999999999542e-01
0.000000000000000000e+00
0.000000000000000000e+00
6.757699999999999818e-01
0.000000000000000000e+00
6.167000000000000259e-01
0.000000000000000000e+00
0.000000000000000000e+00
0.000000000000000000e+00
6.062300000000000466e-01
0.000000000000000000e+00
5.764200000000000434e-01
0.000000000000000000e+00
5.325900000000000079e-01
0.000000000000000000e+00
0.000000000000000000e+00
0.000000000000000000e+00
6.375699999999999701e-01
0.000000000000000000e+00
0.000000000000000000e+00
0.000000000000000000e+00
0.000000000000000000e+00
4.478400000000000158e-01
0.000000000000000000e+00
5.367100000000000204e-01
0.000000000000000000e+00
0.000000000000000000e+00
0.000000000000000000e+00
0.000000000000000000e+00
0.000000000000000000e+00
0.000000000000000000e+00
0.000000000000000000e+00
0.000000000000000000e+00
0.000000000000000000e+00
0.000000000000000000e+00
0.000000000000000000e+00
0.000000000000000000e+00
0.000000000000000000e+00
0.000000000000000000e+00
0.000000000000000000e+00
0.000000000000000000e+00
0.000000000000000000e+00
0.000000000000000000e+00
0.000000000000000000e+00
0.000000000000000000e+00
0.000000000000000000e+00
0.000000000000000000e+00
5.474900000000000322e-01
0.000000000000000000e+00
0.000000000000000000e+00
0.000000000000000000e+00
7.499599999999999600e-01
0.000000000000000000e+00
0.000000000000000000e+00
0.000000000000000000e+00
5.610199999999999632e-01
0.000000000000000000e+00
0.000000000000000000e+00
0.000000000000000000e+00
0.000000000000000000e+00
4.445500000000000007e-01
0.000000000000000000e+00
0.000000000000000000e+00
0.000000000000000000e+00
5.660199999999999676e-01
0.000000000000000000e+00
6.840800000000000214e-01
0.000000000000000000e+00
0.000000000000000000e+00
0.000000000000000000e+00
5.441200000000000481e-01
0.000000000000000000e+00
0.000000000000000000e+00
4.344500000000000028e-01
0.000000000000000000e+00
5.940299999999999470e-01
0.000000000000000000e+00
0.000000000000000000e+00
4.671299999999999897e-01
0.000000000000000000e+00
0.000000000000000000e+00
0.000000000000000000e+00
1.022620000000000084e+00
0.000000000000000000e+00
5.754599999999999715e-01
0.000000000000000000e+00
5.139500000000000179e-01
0.000000000000000000e+00
6.104300000000000281e-01
0.000000000000000000e+00
0.000000000000000000e+00
5.637999999999999678e-01
0.000000000000000000e+00
0.000000000000000000e+00
5.207399999999999807e-01
0.000000000000000000e+00
0.000000000000000000e+00
5.600100000000000078e-01
0.000000000000000000e+00
0.000000000000000000e+00
0.000000000000000000e+00
5.400599999999999845e-01
0.000000000000000000e+00
5.696799999999999642e-01
0.000000000000000000e+00
0.000000000000000000e+00
0.000000000000000000e+00
6.406699999999999617e-01
0.000000000000000000e+00
0.000000000000000000e+00
0.000000000000000000e+00
0.000000000000000000e+00
5.248500000000000387e-01
0.000000000000000000e+00
5.704299999999999926e-01
0.000000000000000000e+00
0.000000000000000000e+00
0.000000000000000000e+00
4.596600000000000130e-01
0.000000000000000000e+00
0.000000000000000000e+00
4.865599999999999925e-01
0.000000000000000000e+00
0.000000000000000000e+00
0.000000000000000000e+00
0.000000000000000000e+00
0.000000000000000000e+00
4.899700000000000166e-01
0.000000000000000000e+00
4.601600000000000135e-01
0.000000000000000000e+00
0.000000000000000000e+00
0.000000000000000000e+00
5.644000000000000128e-01
0.000000000000000000e+00
0.000000000000000000e+00
0.000000000000000000e+00
0.000000000000000000e+00
5.411799999999999944e-01
0.000000000000000000e+00
0.000000000000000000e+00
7.415899999999999714e-01
0.000000000000000000e+00
0.000000000000000000e+00
4.921400000000000219e-01
0.000000000000000000e+00
0.000000000000000000e+00
0.000000000000000000e+00
5.578600000000000225e-01
0.000000000000000000e+00
0.000000000000000000e+00
9.559400000000000119e-01
0.000000000000000000e+00
0.000000000000000000e+00
5.354999999999999760e-01
0.000000000000000000e+00
0.000000000000000000e+00
0.000000000000000000e+00
5.285699999999999843e-01
0.000000000000000000e+00
5.514799999999999702e-01
0.000000000000000000e+00
5.356899999999999995e-01
0.000000000000000000e+00
0.000000000000000000e+00
0.000000000000000000e+00
0.000000000000000000e+00
4.769700000000000051e-01
0.000000000000000000e+00
0.000000000000000000e+00
5.887599999999999500e-01
0.000000000000000000e+00
0.000000000000000000e+00
0.000000000000000000e+00
5.918799999999999617e-01
0.000000000000000000e+00
0.000000000000000000e+00
0.000000000000000000e+00
6.784400000000000430e-01
0.000000000000000000e+00
6.046000000000000263e-01
0.000000000000000000e+00
0.000000000000000000e+00
0.000000000000000000e+00
0.000000000000000000e+00
5.134400000000000075e-01
0.000000000000000000e+00
0.000000000000000000e+00
4.878000000000000114e-01
0.000000000000000000e+00
0.000000000000000000e+00
4.830300000000000149e-01
0.000000000000000000e+00
0.000000000000000000e+00
0.000000000000000000e+00
4.655400000000000094e-01
0.000000000000000000e+00
0.000000000000000000e+00
5.094800000000000439e-01
0.000000000000000000e+00
6.598399999999999821e-01
0.000000000000000000e+00
0.000000000000000000e+00
0.000000000000000000e+00
4.046100000000000252e-01
0.000000000000000000e+00
0.000000000000000000e+00
6.639399999999999746e-01
0.000000000000000000e+00
0.000000000000000000e+00
0.000000000000000000e+00
5.898700000000000054e-01
0.000000000000000000e+00
0.000000000000000000e+00
0.000000000000000000e+00
4.134999999999999787e-01
0.000000000000000000e+00
0.000000000000000000e+00
4.951699999999999990e-01
0.000000000000000000e+00
0.000000000000000000e+00
0.000000000000000000e+00
0.000000000000000000e+00
0.000000000000000000e+00
0.000000000000000000e+00
0.000000000000000000e+00
5.134900000000000020e-01
0.000000000000000000e+00
0.000000000000000000e+00
0.000000000000000000e+00
5.450500000000000345e-01
0.000000000000000000e+00
0.000000000000000000e+00
0.000000000000000000e+00
0.000000000000000000e+00
0.000000000000000000e+00
8.551999999999999602e-01
0.000000000000000000e+00
0.000000000000000000e+00
6.257300000000000084e-01
0.000000000000000000e+00
5.750800000000000356e-01
0.000000000000000000e+00
0.000000000000000000e+00
5.204499999999999682e-01
0.000000000000000000e+00
0.000000000000000000e+00
0.000000000000000000e+00
0.000000000000000000e+00
0.000000000000000000e+00
6.509500000000000286e-01
0.000000000000000000e+00
0.000000000000000000e+00
0.000000000000000000e+00
0.000000000000000000e+00
5.459100000000000064e-01
0.000000000000000000e+00
6.566999999999999504e-01
0.000000000000000000e+00
0.000000000000000000e+00
0.000000000000000000e+00
0.000000000000000000e+00
5.682800000000000074e-01
0.000000000000000000e+00
0.000000000000000000e+00
0.000000000000000000e+00
0.000000000000000000e+00
0.000000000000000000e+00
4.654800000000000049e-01
0.000000000000000000e+00
0.000000000000000000e+00
5.296600000000000197e-01
0.000000000000000000e+00
0.000000000000000000e+00
7.366200000000000525e-01
0.000000000000000000e+00
0.000000000000000000e+00
7.228299999999999725e-01
0.000000000000000000e+00
0.000000000000000000e+00
4.951900000000000190e-01
0.000000000000000000e+00
0.000000000000000000e+00
0.000000000000000000e+00
4.541299999999999781e-01
0.000000000000000000e+00
0.000000000000000000e+00
5.524299999999999766e-01
0.000000000000000000e+00
5.116000000000000547e-01
0.000000000000000000e+00
0.000000000000000000e+00
5.307199999999999696e-01
0.000000000000000000e+00
0.000000000000000000e+00
8.298400000000000221e-01
0.000000000000000000e+00
0.000000000000000000e+00
5.805099999999999705e-01
0.000000000000000000e+00
0.000000000000000000e+00
0.000000000000000000e+00
5.865899999999999448e-01
0.000000000000000000e+00
0.000000000000000000e+00
0.000000000000000000e+00
5.896200000000000330e-01
0.000000000000000000e+00
5.813000000000000389e-01
0.000000000000000000e+00
0.000000000000000000e+00
6.316399999999999793e-01
0.000000000000000000e+00
0.000000000000000000e+00
6.513900000000000245e-01
0.000000000000000000e+00
0.000000000000000000e+00
0.000000000000000000e+00
0.000000000000000000e+00
0.000000000000000000e+00
5.039799999999999836e-01
0.000000000000000000e+00
0.000000000000000000e+00
5.332200000000000273e-01
0.000000000000000000e+00
0.000000000000000000e+00
0.000000000000000000e+00
0.000000000000000000e+00
0.000000000000000000e+00
0.000000000000000000e+00
0.000000000000000000e+00
0.000000000000000000e+00
0.000000000000000000e+00
0.000000000000000000e+00
0.000000000000000000e+00
0.000000000000000000e+00
0.000000000000000000e+00
0.000000000000000000e+00
0.000000000000000000e+00
0.000000000000000000e+00
0.000000000000000000e+00
0.000000000000000000e+00
0.000000000000000000e+00
0.000000000000000000e+00
0.000000000000000000e+00
0.000000000000000000e+00
6.486600000000000144e-01
0.000000000000000000e+00
0.000000000000000000e+00
8.126799999999999580e-01
0.000000000000000000e+00
0.000000000000000000e+00
5.749800000000000466e-01
0.000000000000000000e+00
0.000000000000000000e+00
5.491399999999999615e-01
0.000000000000000000e+00
5.636799999999999589e-01
0.000000000000000000e+00
5.911399999999999988e-01
0.000000000000000000e+00
0.000000000000000000e+00
5.004800000000000360e-01
0.000000000000000000e+00
4.826199999999999934e-01
0.000000000000000000e+00
0.000000000000000000e+00
4.466100000000000070e-01
0.000000000000000000e+00
0.000000000000000000e+00
5.722699999999999454e-01
0.000000000000000000e+00
0.000000000000000000e+00
4.725699999999999901e-01
0.000000000000000000e+00
0.000000000000000000e+00
0.000000000000000000e+00
0.000000000000000000e+00
5.021999999999999797e-01
0.000000000000000000e+00
0.000000000000000000e+00
0.000000000000000000e+00
4.554099999999999815e-01
0.000000000000000000e+00
9.138500000000000512e-01
0.000000000000000000e+00
0.000000000000000000e+00
4.417900000000000160e-01
0.000000000000000000e+00
6.833900000000000530e-01
0.000000000000000000e+00
0.000000000000000000e+00
5.234999999999999654e-01
0.000000000000000000e+00
0.000000000000000000e+00
0.000000000000000000e+00
4.457300000000000151e-01
0.000000000000000000e+00
0.000000000000000000e+00
1.230879999999999974e+00
0.000000000000000000e+00
4.510500000000000065e-01
0.000000000000000000e+00
5.499100000000000099e-01
0.000000000000000000e+00
0.000000000000000000e+00
0.000000000000000000e+00
5.141200000000000214e-01
0.000000000000000000e+00
0.000000000000000000e+00
0.000000000000000000e+00
4.441200000000000148e-01
0.000000000000000000e+00
5.555099999999999483e-01
0.000000000000000000e+00
0.000000000000000000e+00
0.000000000000000000e+00
0.000000000000000000e+00
0.000000000000000000e+00
4.288000000000000145e-01
0.000000000000000000e+00
0.000000000000000000e+00
4.428799999999999959e-01
0.000000000000000000e+00
0.000000000000000000e+00
0.000000000000000000e+00
0.000000000000000000e+00
0.000000000000000000e+00
7.624699999999999811e-01
0.000000000000000000e+00
0.000000000000000000e+00
4.886499999999999733e-01
0.000000000000000000e+00
0.000000000000000000e+00
4.647600000000000064e-01
0.000000000000000000e+00
0.000000000000000000e+00
0.000000000000000000e+00
0.000000000000000000e+00
0.000000000000000000e+00
7.366700000000000470e-01
0.000000000000000000e+00
0.000000000000000000e+00
5.610899999999999777e-01
0.000000000000000000e+00
0.000000000000000000e+00
1.103269999999999973e+00
0.000000000000000000e+00
0.000000000000000000e+00
0.000000000000000000e+00
0.000000000000000000e+00
4.871699999999999919e-01
0.000000000000000000e+00
0.000000000000000000e+00
4.648700000000000054e-01
0.000000000000000000e+00
0.000000000000000000e+00
4.984100000000000197e-01
0.000000000000000000e+00
0.000000000000000000e+00
5.390599999999999836e-01
0.000000000000000000e+00
0.000000000000000000e+00
0.000000000000000000e+00
0.000000000000000000e+00
0.000000000000000000e+00
0.000000000000000000e+00
0.000000000000000000e+00
5.543700000000000294e-01
0.000000000000000000e+00
0.000000000000000000e+00
5.084999999999999520e-01
0.000000000000000000e+00
7.170800000000000507e-01
0.000000000000000000e+00
0.000000000000000000e+00
5.592300000000000049e-01
0.000000000000000000e+00
0.000000000000000000e+00
0.000000000000000000e+00
0.000000000000000000e+00
4.723899999999999766e-01
0.000000000000000000e+00
0.000000000000000000e+00
0.000000000000000000e+00
8.262000000000000455e-01
0.000000000000000000e+00
6.024100000000000010e-01
0.000000000000000000e+00
0.000000000000000000e+00
5.392400000000000526e-01
0.000000000000000000e+00
0.000000000000000000e+00
5.494799999999999685e-01
0.000000000000000000e+00
0.000000000000000000e+00
0.000000000000000000e+00
8.020899999999999697e-01
0.000000000000000000e+00
6.130999999999999783e-01
0.000000000000000000e+00
4.876400000000000179e-01
0.000000000000000000e+00
0.000000000000000000e+00
0.000000000000000000e+00
4.212500000000000133e-01
0.000000000000000000e+00
6.252699999999999925e-01
0.000000000000000000e+00
5.818499999999999783e-01
0.000000000000000000e+00
0.000000000000000000e+00
4.337799999999999989e-01
0.000000000000000000e+00
0.000000000000000000e+00
0.000000000000000000e+00
4.483900000000000108e-01
0.000000000000000000e+00
0.000000000000000000e+00
0.000000000000000000e+00
4.402699999999999947e-01
0.000000000000000000e+00
0.000000000000000000e+00
4.840599999999999903e-01
0.000000000000000000e+00
0.000000000000000000e+00
9.344200000000000284e-01
0.000000000000000000e+00
0.000000000000000000e+00
4.962400000000000144e-01
0.000000000000000000e+00
5.594599999999999573e-01
0.000000000000000000e+00
0.000000000000000000e+00
4.695300000000000029e-01
0.000000000000000000e+00
0.000000000000000000e+00
0.000000000000000000e+00
4.601999999999999980e-01
0.000000000000000000e+00
0.000000000000000000e+00
5.384200000000000097e-01
0.000000000000000000e+00
0.000000000000000000e+00
0.000000000000000000e+00
5.010299999999999754e-01
0.000000000000000000e+00
5.978900000000000325e-01
0.000000000000000000e+00
0.000000000000000000e+00
0.000000000000000000e+00
0.000000000000000000e+00
0.000000000000000000e+00
5.062699999999999978e-01
0.000000000000000000e+00
0.000000000000000000e+00
0.000000000000000000e+00
5.247300000000000297e-01
0.000000000000000000e+00
0.000000000000000000e+00
4.995600000000000041e-01
0.000000000000000000e+00
0.000000000000000000e+00
0.000000000000000000e+00
0.000000000000000000e+00
5.800499999999999545e-01
0.000000000000000000e+00
6.211799999999999544e-01
0.000000000000000000e+00
0.000000000000000000e+00
0.000000000000000000e+00
0.000000000000000000e+00
4.434600000000000208e-01
0.000000000000000000e+00
0.000000000000000000e+00
0.000000000000000000e+00
5.639899999999999913e-01
0.000000000000000000e+00
4.861099999999999866e-01
0.000000000000000000e+00
0.000000000000000000e+00
0.000000000000000000e+00
4.917599999999999749e-01
0.000000000000000000e+00
0.000000000000000000e+00
0.000000000000000000e+00
0.000000000000000000e+00
0.000000000000000000e+00
0.000000000000000000e+00
7.941000000000000281e-01
0.000000000000000000e+00
0.000000000000000000e+00
0.000000000000000000e+00
4.516399999999999859e-01
0.000000000000000000e+00
0.000000000000000000e+00
0.000000000000000000e+00
6.612700000000000244e-01
0.000000000000000000e+00
0.000000000000000000e+00
4.624699999999999922e-01
0.000000000000000000e+00
4.994000000000000106e-01
0.000000000000000000e+00
0.000000000000000000e+00
0.000000000000000000e+00
0.000000000000000000e+00
0.000000000000000000e+00
0.000000000000000000e+00
5.388199999999999656e-01
0.000000000000000000e+00
0.000000000000000000e+00
0.000000000000000000e+00
0.000000000000000000e+00
0.000000000000000000e+00
5.144900000000000029e-01
0.000000000000000000e+00
0.000000000000000000e+00
0.000000000000000000e+00
0.000000000000000000e+00
0.000000000000000000e+00
4.810400000000000231e-01
0.000000000000000000e+00
0.000000000000000000e+00
0.000000000000000000e+00
0.000000000000000000e+00
0.000000000000000000e+00
0.000000000000000000e+00
0.000000000000000000e+00
0.000000000000000000e+00
0.000000000000000000e+00
0.000000000000000000e+00
0.000000000000000000e+00
