0.000000000000000000e+00
0.000000000000000000e+00
0.000000000000000000e+00
0.000000000000000000e+00
0.000000000000000000e+00
0.000000000000000000e+00
0.000000000000000000e+00
0.000000000000000000e+00
0.000000000000000000e+00
0.000000000000000000e+00
5.279399999999999649e-01
0.000000000000000000e+00
0.000000000000000000e+00
6.763099999999999667e-01
0.000000000000000000e+00
0.000000000000000000e+00
0.000000000000000000e+00
1.186099999999999932e+00
0.000000000000000000e+00
5.519199999999999662e-01
0.000000000000000000e+00
0.000000000000000000e+00
0.000000000000000000e+00
1.088039999999999896e+00
0.000000000000000000e+00
5.968900000000000317e-01
0.000000000000000000e+00
0.000000000000000000e+00
7.751799999999999802e-01
0.000000000000000000e+00
6.562799999999999745e-01
0.000000000000000000e+00
0.000000000000000000e+00
0.000000000000000000e+00
5.108300000000000063e-01
0.000000000000000000e+00
0.000000000000000000e+00
0.000000000000000000e+00
5.584999999999999964e-01
0.000000000000000000e+00
0.000000000000000000e+00
0.000000000000000000e+00
7.391299999999999537e-01
0.000000000000000000e+00
0.000000000000000000e+00
9.242500000000000160e-01
0.000000000000000000e+00
5.881899999999999906e-01
0.000000000000000000e+00
0.000000000000000000e+00
6.420200000000000351e-01
0.000000000000000000e+00
0.000000000000000000e+00
5.200399999999999467e-01
0.000000000000000000e+00
0.000000000000000000e+00
0.000000000000000000e+00
0.000000000000000000e+00
0.000000000000000000e+00
4.969199999999999728e-01
0.000000000000000000e+00
0.000000000000000000e+00
5.247199999999999642e-01
0.000000000000000000e+00
0.000000000000000000e+00
0.000000000000000000e+00
0.000000000000000000e+00
0.000000000000000000e+00
0.000000000000000000e+00
6.511799999999999811e-01
0.000000000000000000e+00
0.000000000000000000e+00
4.952799999999999980e-01
0.000000000000000000e+00
0.000000000000000000e+00
1.181159999999999988e+00
0.000000000000000000e+00
0.000000000000000000e+00
0.000000000000000000e+00
5.718600000000000350e-01
0.000000000000000000e+00
8.085299999999999709e-01
0.000000000000000000e+00
0.000000000000000000e+00
4.951800000000000090e-01
0.000000000000000000e+00
0.000000000000000000e+00
0.000000000000000000e+00
6.633700000000000152e-01
0.000000000000000000e+00
0.000000000000000000e+00
0.000000000000000000e+00
6.090600000000000458e-01
0.000000000000000000e+00
0.000000000000000000e+00
6.533700000000000063e-01
0.000000000000000000e+00
0.000000000000000000e+00
5.583099999999999730e-01
0.000000000000000000e+00
0.000000000000000000e+00
0.000000000000000000e+00
8.037600000000000300e-01
0.000000000000000000e+00
0.000000000000000000e+00
0.000000000000000000e+00
0.000000000000000000e+00
0.000000000000000000e+00
0.000000000000000000e+00
0.000000000000000000e+00
5.985399999999999610e-01
0.000000000000000000e+00
5.389500000000000401e-01
0.000000000000000000e+00
9.751400000000000068e-01
0.000000000000000000e+00
5.427600000000000202e-01
0.000000000000000000e+00
0.000000000000000000e+00
4.863199999999999745e-01
0.000000000000000000e+00
0.000000000000000000e+00
4.520399999999999974e-01
0.000000000000000000e+00
0.000000000000000000e+00
0.000000000000000000e+00
0.000000000000000000e+00
0.000000000000000000e+00
4.651799999999999824e-01
0.000000000000000000e+00
0.000000000000000000e+00
5.361099999999999755e-01
0.000000000000000000e+00
6.027200000000000335e-01
0.000000000000000000e+00
6.579199999999999493e-01
0.000000000000000000e+00
0.000000000000000000e+00
0.000000000000000000e+00
0.000000000000000000e+00
6.160799999999999610e-01
0.000000000000000000e+00
0.000000000000000000e+00
4.959399999999999920e-01
0.000000000000000000e+00
0.000000000000000000e+00
0.000000000000000000e+00
0.000000000000000000e+00
4.834700000000000109e-01
0.000000000000000000e+00
0.000000000000000000e+00
5.259700000000000486e-01
0.000000000000000000e+00
0.000000000000000000e+00
5.189399999999999569e-01
0.000000000000000000e+00
4.740500000000000269e-01
0.000000000000000000e+00
0.000000000000000000e+00
0.000000000000000000e+00
4.858700000000000241e-01
0.000000000000000000e+00
0.000000000000000000e+00
0.000000000000000000e+00
1.156409999999999938e+00
0.000000000000000000e+00
0.000000000000000000e+00
8.979700000000000459e-01
0.000000000000000000e+00
6.683099999999999596e-01
0.000000000000000000e+00
0.000000000000000000e+00
0.000000000000000000e+00
6.371299999999999741e-01
0.000000000000000000e+00
0.000000000000000000e+00
0.000000000000000000e+00
5.497300000000000519e-01
0.000000000000000000e+00
0.000000000000000000e+00
5.785500000000000087e-01
0.000000000000000000e+00
0.000000000000000000e+00
0.000000000000000000e+00
4.733499999999999930e-01
0.000000000000000000e+00
4.982400000000000162e-01
0.000000000000000000e+00
0.000000000000000000e+00
4.722999999999999976e-01
0.000000000000000000e+00
4.987500000000000266e-01
0.000000000000000000e+00
0.000000000000000000e+00
4.648399999999999754e-01
0.000000000000000000e+00
0.000000000000000000e+00
4.356300000000000172e-01
0.000000000000000000e+00
4.720400000000000151e-01
0.000000000000000000e+00
5.073900000000000077e-01
0.000000000000000000e+00
0.000000000000000000e+00
4.626399999999999957e-01
0.000000000000000000e+00
0.000000000000000000e+00
0.000000000000000000e+00
5.082299999999999596e-01
0.000000000000000000e+00
0.000000000000000000e+00
4.977300000000000058e-01
0.000000000000000000e+00
0.000000000000000000e+00
4.746299999999999963e-01
0.000000000000000000e+00
0.000000000000000000e+00
0.000000000000000000e+00
0.000000000000000000e+00
5.027199999999999447e-01
0.000000000000000000e+00
0.000000000000000000e+00
4.228700000000000236e-01
0.000000000000000000e+00
0.000000000000000000e+00
0.000000000000000000e+00
0.000000000000000000e+00
9.979400000000000492e-01
0.000000000000000000e+00
1.230110000000000037e+00
0.000000000000000000e+00
0.000000000000000000e+00
5.238800000000000123e-01
0.000000000000000000e+00
0.000000000000000000e+00
4.737299999999999844e-01
0.000000000000000000e+00
8.302300000000000235e-01
0.000000000000000000e+00
6.156199999999999450e-01
0.000000000000000000e+00
0.000000000000000000e+00
4.829600000000000004e-01
0.000000000000000000e+00
0.000000000000000000e+00
0.000000000000000000e+00
4.873600000000000154e-01
0.000000000000000000e+00
0.000000000000000000e+00
0.000000000000000000e+00
0.000000000000000000e+00
5.822699999999999543e-01
0.000000000000000000e+00
0.000000000000000000e+00
7.981300000000000061e-01
0.000000000000000000e+00
0.000000000000000000e+00
0.000000000000000000e+00
5.766999999999999904e-01
0.000000000000000000e+00
4.908600000000000185e-01
0.000000000000000000e+00
0.000000000000000000e+00
4.776099999999999790e-01
0.000000000000000000e+00
0.000000000000000000e+00
0.000000000000000000e+00
0.000000000000000000e+00
0.000000000000000000e+00
4.361599999999999921e-01
0.000000000000000000e+00
8.408600000000000518e-01
0.000000000000000000e+00
0.000000000000000000e+00
0.000000000000000000e+00
0.000000000000000000e+00
0.000000000000000000e+00
0.000000000000000000e+00
0.000000000000000000e+00
0.000000000000000000e+00
0.000000000000000000e+00
0.000000000000000000e+00
0.000000000000000000e+00
0.000000000000000000e+00
0.000000000000000000e+00
0.000000000000000000e+00
0.000000000000000000e+00
0.000000000000000000e+00
0.000000000000000000e+00
0.000000000000000000e+00
0.000000000000000000e+00
0.000000000000000000e+00
0.000000000000000000e+00
0.000000000000000000e+00
0.000000000000000000e+00
4.804499999999999882e-01
0.000000000000000000e+00
0.000000000000000000e+00
0.000000000000000000e+00
0.000000000000000000e+00
6.866999999999999771e-01
0.000000000000000000e+00
0.000000000000000000e+00
0.000000000000000000e+00
0.000000000000000000e+00
5.320700000000000429e-01
0.000000000000000000e+00
0.000000000000000000e+00
0.000000000000000000e+00
5.110099999999999643e-01
0.000000000000000000e+00
4.886300000000000088e-01
0.000000000000000000e+00
5.509500000000000508e-01
0.000000000000000000e+00
4.820999999999999730e-01
0.000000000000000000e+00
5.973399999999999821e-01
0.000000000000000000e+00
0.000000000000000000e+00
0.000000000000000000e+00
0.000000000000000000e+00
0.000000000000000000e+00
7.328799999999999759e-01
0.000000000000000000e+00
5.977200000000000291e-01
0.000000000000000000e+00
5.771800000000000264e-01
0.000000000000000000e+00
0.000000000000000000e+00
0.000000000000000000e+00
4.814499999999999891e-01
0.000000000000000000e+00
0.000000000000000000e+00
4.852899999999999991e-01
0.000000000000000000e+00
0.000000000000000000e+00
0.000000000000000000e+00
6.480599999999999694e-01
0.000000000000000000e+00
0.000000000000000000e+00
6.947999999999999732e-01
0.000000000000000000e+00
5.122299999999999631e-01
0.000000000000000000e+00
1.406579999999999941e+00
0.000000000000000000e+00
0.000000000000000000e+00
0.000000000000000000e+00
5.571099999999999941e-01
0.000000000000000000e+00
0.000000000000000000e+00
0.000000000000000000e+00
0.000000000000000000e+00
0.000000000000000000e+00
0.000000000000000000e+00
5.364299999999999624e-01
0.000000000000000000e+00
0.000000000000000000e+00
0.000000000000000000e+00
0.000000000000000000e+00
4.967199999999999949e-01
0.000000000000000000e+00
0.000000000000000000e+00
0.000000000000000000e+00
0.000000000000000000e+00
6.162699999999999845e-01
0.000000000000000000e+00
0.000000000000000000e+00
0.000000000000000000e+00
4.362500000000000266e-01
0.000000000000000000e+00
0.000000000000000000e+00
0.000000000000000000e+00
4.701199999999999823e-01
0.000000000000000000e+00
0.000000000000000000e+00
7.320400000000000240e-01
0.000000000000000000e+00
0.000000000000000000e+00
0.000000000000000000e+00
4.733800000000000230e-01
0.000000000000000000e+00
5.788499999999999757e-01
0.000000000000000000e+00
0.000000000000000000e+00
4.926900000000000168e-01
0.000000000000000000e+00
0.000000000000000000e+00
5.555799999999999628e-01
0.000000000000000000e+00
0.000000000000000000e+00
7.073099999999999943e-01
0.000000000000000000e+00
4.676299999999999901e-01
0.000000000000000000e+00
4.510299999999999865e-01
0.000000000000000000e+00
0.000000000000000000e+00
0.000000000000000000e+00
0.000000000000000000e+00
8.153799999999999937e-01
0.000000000000000000e+00
0.000000000000000000e+00
0.000000000000000000e+00
0.000000000000000000e+00
0.000000000000000000e+00
5.882899999999999796e-01
0.000000000000000000e+00
0.000000000000000000e+00
0.000000000000000000e+00
4.593999999999999750e-01
0.000000000000000000e+00
0.000000000000000000e+00
4.528499999999999748e-01
0.000000000000000000e+00
0.000000000000000000e+00
5.614200000000000301e-01
0.000000000000000000e+00
0.000000000000000000e+00
4.804700000000000082e-01
0.000000000000000000e+00
9.416900000000000270e-01
0.000000000000000000e+00
4.911900000000000155e-01
0.000000000000000000e+00
0.000000000000000000e+00
0.000000000000000000e+00
0.000000000000000000e+00
0.000000000000000000e+00
4.609300000000000064e-01
0.000000000000000000e+00
0.000000000000000000e+00
4.978400000000000047e-01
0.000000000000000000e+00
0.000000000000000000e+00
0.000000000000000000e+00
4.717600000000000127e-01
0.000000000000000000e+00
0.000000000000000000e+00
0.000000000000000000e+00
0.000000000000000000e+00
5.035800000000000276e-01
0.000000000000000000e+00
0.000000000000000000e+00
0.000000000000000000e+00
0.000000000000000000e+00
0.000000000000000000e+00
4.674900000000000166e-01
0.000000000000000000e+00
0.000000000000000000e+00
0.000000000000000000e+00
5.022299999999999542e-01
0.000000000000000000e+00
0.000000000000000000e+00
9.479499999999999593e-01
0.000000000000000000e+00
0.000000000000000000e+00
4.517999999999999794e-01
0.000000000000000000e+00
5.580300000000000260e-01
0.000000000000000000e+00
0.000000000000000000e+00
7.040999999999999481e-01
0.000000000000000000e+00
0.000000000000000000e+00
0.000000000000000000e+00
0.000000000000000000e+00
4.636899999999999911e-01
0.000000000000000000e+00
0.000000000000000000e+00
0.000000000000000000e+00
5.120799999999999796e-01
0.000000000000000000e+00
0.000000000000000000e+00
0.000000000000000000e+00
6.316399999999999793e-01
0.000000000000000000e+00
0.000000000000000000e+00
0.000000000000000000e+00
4.600899999999999990e-01
0.000000000000000000e+00
0.000000000000000000e+00
0.000000000000000000e+00
0.000000000000000000e+00
4.367699999999999916e-01
0.000000000000000000e+00
0.000000000000000000e+00
4.477499999999999813e-01
0.000000000000000000e+00
0.000000000000000000e+00
0.000000000000000000e+00
0.000000000000000000e+00
0.000000000000000000e+00
0.000000000000000000e+00
7.077099999999999502e-01
0.000000000000000000e+00
0.000000000000000000e+00
5.895099999999999785e-01
0.000000000000000000e+00
0.000000000000000000e+00
0.000000000000000000e+00
4.905700000000000061e-01
0.000000000000000000e+00
0.000000000000000000e+00
0.000000000000000000e+00
5.087500000000000355e-01
0.000000000000000000e+00
6.921300000000000230e-01
0.000000000000000000e+00
0.000000000000000000e+00
5.298399999999999777e-01
0.000000000000000000e+00
0.000000000000000000e+00
0.000000000000000000e+00
4.715199999999999947e-01
0.000000000000000000e+00
0.000000000000000000e+00
0.000000000000000000e+00
4.100099999999999856e-01
0.000000000000000000e+00
5.445100000000000495e-01
0.000000000000000000e+00
0.000000000000000000e+00
0.000000000000000000e+00
5.541300000000000114e-01
0.000000000000000000e+00
0.000000000000000000e+00
0.000000000000000000e+00
0.000000000000000000e+00
0.000000000000000000e+00
0.000000000000000000e+00
4.564400000000000124e-01
0.000000000000000000e+00
0.000000000000000000e+00
0.000000000000000000e+00
0.000000000000000000e+00
4.375899999999999790e-01
0.000000000000000000e+00
0.000000000000000000e+00
9.525900000000000478e-01
0.000000000000000000e+00
0.000000000000000000e+00
0.000000000000000000e+00
8.005999999999999783e-01
0.000000000000000000e+00
0.000000000000000000e+00
0.000000000000000000e+00
5.086199999999999610e-01
0.000000000000000000e+00
8.605599999999999916e-01
0.000000000000000000e+00
5.866099999999999648e-01
0.000000000000000000e+00
0.000000000000000000e+00
0.000000000000000000e+00
0.000000000000000000e+00
0.000000000000000000e+00
4.992599999999999816e-01
0.000000000000000000e+00
0.000000000000000000e+00
0.000000000000000000e+00
9.817000000000000171e-01
0.000000000000000000e+00
5.275900000000000034e-01
0.000000000000000000e+00
4.908799999999999830e-01
0.000000000000000000e+00
0.000000000000000000e+00
0.000000000000000000e+00
0.000000000000000000e+00
5.274600000000000399e-01
0.000000000000000000e+00
0.000000000000000000e+00
0.000000000000000000e+00
4.757600000000000162e-01
0.000000000000000000e+00
0.000000000000000000e+00
8.427200000000000246e-01
0.000000000000000000e+00
0.000000000000000000e+00
0.000000000000000000e+00
4.714800000000000102e-01
0.000000000000000000e+00
0.000000000000000000e+00
0.000000000000000000e+00
0.000000000000000000e+00
0.000000000000000000e+00
0.000000000000000000e+00
0.000000000000000000e+00
0.000000000000000000e+00
0.000000000000000000e+00
0.000000000000000000e+00
0.000000000000000000e+00
0.000000000000000000e+00
0.000000000000000000e+00
0.000000000000000000e+00
0.000000000000000000e+00
0.000000000000000000e+00
0.000000000000000000e+00
0.000000000000000000e+00
0.000000000000000000e+00
0.000000000000000000e+00
0.000000000000000000e+00
0.000000000000000000e+00
0.000000000000000000e+00
0.000000000000000000e+00
5.929699999999999971e-01
0.000000000000000000e+00
0.000000000000000000e+00
0.000000000000000000e+00
0.000000000000000000e+00
0.000000000000000000e+00
4.817400000000000015e-01
0.000000000000000000e+00
0.000000000000000000e+00
4.935599999999999987e-01
0.000000000000000000e+00
0.000000000000000000e+00
0.000000000000000000e+00
0.000000000000000000e+00
0.000000000000000000e+00
5.673000000000000265e-01
0.000000000000000000e+00
5.345299999999999496e-01
0.000000000000000000e+00
4.761199999999999877e-01
0.000000000000000000e+00
0.000000000000000000e+00
5.321700000000000319e-01
0.000000000000000000e+00
0.000000000000000000e+00
0.000000000000000000e+00
4.884100000000000108e-01
0.000000000000000000e+00
0.000000000000000000e+00
6.870000000000000551e-01
0.000000000000000000e+00
5.373700000000000143e-01
0.000000000000000000e+00
0.000000000000000000e+00
0.000000000000000000e+00
4.763899999999999801e-01
0.000000000000000000e+00
0.000000000000000000e+00
4.499699999999999811e-01
0.000000000000000000e+00
0.000000000000000000e+00
4.818500000000000005e-01
0.000000000000000000e+00
4.669499999999999762e-01
0.000000000000000000e+00
0.000000000000000000e+00
0.000000000000000000e+00
0.000000000000000000e+00
0.000000000000000000e+00
4.451899999999999746e-01
0.000000000000000000e+00
0.000000000000000000e+00
0.000000000000000000e+00
5.171999999999999931e-01
0.000000000000000000e+00
0.000000000000000000e+00
5.127099999999999991e-01
0.000000000000000000e+00
4.671100000000000252e-01
0.000000000000000000e+00
0.000000000000000000e+00
0.000000000000000000e+00
4.322799999999999976e-01
0.000000000000000000e+00
0.000000000000000000e+00
4.385299999999999754e-01
0.000000000000000000e+00
5.541000000000000369e-01
0.000000000000000000e+00
0.000000000000000000e+00
0.000000000000000000e+00
4.531200000000000228e-01
0.000000000000000000e+00
0.000000000000000000e+00
4.219399999999999817e-01
0.000000000000000000e+00
0.000000000000000000e+00
4.751699999999999813e-01
0.000000000000000000e+00
4.485100000000000198e-01
0.000000000000000000e+00
0.000000000000000000e+00
4.706000000000000183e-01
0.000000000000000000e+00
0.000000000000000000e+00
0.000000000000000000e+00
5.345299999999999496e-01
0.000000000000000000e+00
0.000000000000000000e+00
4.850900000000000212e-01
0.000000000000000000e+00
0.000000000000000000e+00
5.318699999999999539e-01
0.000000000000000000e+00
1.196299999999999919e+00
0.000000000000000000e+00
0.000000000000000000e+00
0.000000000000000000e+00
4.545600000000000196e-01
0.000000000000000000e+00
0.000000000000000000e+00
0.000000000000000000e+00
4.703700000000000103e-01
0.000000000000000000e+00
0.000000000000000000e+00
0.000000000000000000e+00
0.000000000000000000e+00
0.000000000000000000e+00
4.952900000000000080e-01
0.000000000000000000e+00
0.000000000000000000e+00
5.019599999999999618e-01
0.000000000000000000e+00
0.000000000000000000e+00
0.000000000000000000e+00
0.000000000000000000e+00
5.091200000000000170e-01
0.000000000000000000e+00
0.000000000000000000e+00
0.000000000000000000e+00
4.467900000000000205e-01
0.000000000000000000e+00
0.000000000000000000e+00
6.379700000000000371e-01
0.000000000000000000e+00
0.000000000000000000e+00
5.396699999999999831e-01
0.000000000000000000e+00
0.000000000000000000e+00
0.000000000000000000e+00
0.000000000000000000e+00
0.000000000000000000e+00
5.534599999999999520e-01
0.000000000000000000e+00
0.000000000000000000e+00
5.406900000000000039e-01
0.000000000000000000e+00
0.000000000000000000e+00
0.000000000000000000e+00
0.000000000000000000e+00
4.576899999999999857e-01
0.000000000000000000e+00
0.000000000000000000e+00
0.000000000000000000e+00
5.044499999999999540e-01
0.000000000000000000e+00
5.298000000000000487e-01
0.000000000000000000e+00
0.000000000000000000e+00
0.000000000000000000e+00
4.677000000000000046e-01
0.000000000000000000e+00
0.000000000000000000e+00
0.000000000000000000e+00
0.000000000000000000e+00
5.544799999999999729e-01
0.000000000000000000e+00
5.143799999999999484e-01
0.000000000000000000e+00
4.886199999999999988e-01
0.000000000000000000e+00
5.431099999999999817e-01
0.000000000000000000e+00
6.152900000000000036e-01
0.000000000000000000e+00
0.000000000000000000e+00
5.164100000000000357e-01
0.000000000000000000e+00
0.000000000000000000e+00
0.000000000000000000e+00
0.000000000000000000e+00
0.000000000000000000e+00
4.849100000000000077e-01
0.000000000000000000e+00
4.301699999999999968e-01
0.000000000000000000e+00
0.000000000000000000e+00
0.000000000000000000e+00
7.677199999999999580e-01
0.000000000000000000e+00
0.000000000000000000e+00
5.448899999999999855e-01
0.000000000000000000e+00
0.000000000000000000e+00
0.000000000000000000e+00
5.342700000000000227e-01
0.000000000000000000e+00
0.000000000000000000e+00
0.000000000000000000e+00
4.899100000000000121e-01
0.000000000000000000e+00
0.000000000000000000e+00
5.280399999999999539e-01
0.000000000000000000e+00
0.000000000000000000e+00
0.000000000000000000e+00
0.000000000000000000e+00
4.365399999999999836e-01
0.000000000000000000e+00
0.000000000000000000e+00
0.000000000000000000e+00
0.000000000000000000e+00
0.000000000000000000e+00
0.000000000000000000e+00
4.547100000000000031e-01
0.000000000000000000e+00
0.000000000000000000e+00
0.000000000000000000e+00
5.892500000000000515e-01
0.000000000000000000e+00
0.000000000000000000e+00
0.000000000000000000e+00
6.851300000000000168e-01
0.000000000000000000e+00
0.000000000000000000e+00
0.000000000000000000e+00
0.000000000000000000e+00
0.000000000000000000e+00
6.346500000000000474e-01
0.000000000000000000e+00
0.000000000000000000e+00
0.000000000000000000e+00
0.000000000000000000e+00
4.889299999999999757e-01
0.000000000000000000e+00
0.000000000000000000e+00
0.000000000000000000e+00
4.475500000000000034e-01
0.000000000000000000e+00
0.000000000000000000e+00
0.000000000000000000e+00
0.000000000000000000e+00
0.000000000000000000e+00
0.000000000000000000e+00
5.329300000000000148e-01
0.000000000000000000e+00
0.000000000000000000e+00
0.000000000000000000e+00
5.050200000000000244e-01
0.000000000000000000e+00
0.000000000000000000e+00
0.000000000000000000e+00
0.000000000000000000e+00
9.855599999999999916e-01
0.000000000000000000e+00
0.000000000000000000e+00
5.777700000000000058e-01
0.000000000000000000e+00
0.000000000000000000e+00
0.000000000000000000e+00
0.000000000000000000e+00
0.000000000000000000e+00
5.074600000000000222e-01
0.000000000000000000e+00
0.000000000000000000e+00
4.381399999999999739e-01
0.000000000000000000e+00
0.000000000000000000e+00
8.851999999999999869e-01
0.000000000000000000e+00
5.886000000000000121e-01
0.000000000000000000e+00
5.108599999999999808e-01
0.000000000000000000e+00
0.000000000000000000e+00
0.000000000000000000e+00
6.214399999999999924e-01
0.000000000000000000e+00
0.000000000000000000e+00
0.000000000000000000e+00
0.000000000000000000e+00
0.000000000000000000e+00
0.000000000000000000e+00
0.000000000000000000e+00
6.997100000000000541e-01
0.000000000000000000e+00
0.000000000000000000e+00
4.837899999999999978e-01
0.000000000000000000e+00
5.617299999999999516e-01
0.000000000000000000e+00
7.115500000000000158e-01
0.000000000000000000e+00
0.000000000000000000e+00
5.710100000000000176e-01
0.000000000000000000e+00
6.477699999999999569e-01
0.000000000000000000e+00
0.000000000000000000e+00
0.000000000000000000e+00
0.000000000000000000e+00
0.000000000000000000e+00
0.000000000000000000e+00
0.000000000000000000e+00
0.000000000000000000e+00
0.000000000000000000e+00
0.000000000000000000e+00
0.000000000000000000e+00
0.000000000000000000e+00
0.000000000000000000e+00
0.000000000000000000e+00
0.000000000000000000e+00
0.000000000000000000e+00
0.000000000000000000e+00
0.000000000000000000e+00
0.000000000000000000e+00
0.000000000000000000e+00
0.000000000000000000e+00
0.000000000000000000e+00
0.000000000000000000e+00
0.000000000000000000e+00
6.278200000000000447e-01
0.000000000000000000e+00
5.069299999999999917e-01
0.000000000000000000e+00
0.000000000000000000e+00
0.000000000000000000e+00
4.384399999999999964e-01
0.000000000000000000e+00
0.000000000000000000e+00
0.000000000000000000e+00
0.000000000000000000e+00
5.214900000000000091e-01
0.000000000000000000e+00
0.000000000000000000e+00
4.306900000000000173e-01
0.000000000000000000e+00
0.000000000000000000e+00
0.000000000000000000e+00
0.000000000000000000e+00
5.146899999999999809e-01
0.000000000000000000e+00
4.620699999999999807e-01
0.000000000000000000e+00
5.128800000000000026e-01
0.000000000000000000e+00
0.000000000000000000e+00
5.403700000000000170e-01
0.000000000000000000e+00
4.677799999999999736e-01
0.000000000000000000e+00
0.000000000000000000e+00
4.954200000000000270e-01
0.000000000000000000e+00
5.170599999999999641e-01
0.000000000000000000e+00
0.000000000000000000e+00
5.587299999999999489e-01
0.000000000000000000e+00
0.000000000000000000e+00
6.174899999999999833e-01
0.000000000000000000e+00
0.000000000000000000e+00
0.000000000000000000e+00
0.000000000000000000e+00
5.049099999999999699e-01
0.000000000000000000e+00
0.000000000000000000e+00
4.937000000000000277e-01
0.000000000000000000e+00
0.000000000000000000e+00
0.000000000000000000e+00
5.673099999999999810e-01
0.000000000000000000e+00
0.000000000000000000e+00
5.842100000000000071e-01
0.000000000000000000e+00
4.609599999999999809e-01
0.000000000000000000e+00
0.000000000000000000e+00
0.000000000000000000e+00
5.052499999999999769e-01
0.000000000000000000e+00
0.000000000000000000e+00
0.000000000000000000e+00
6.027799999999999825e-01
0.000000000000000000e+00
5.304900000000000171e-01
0.000000000000000000e+00
0.000000000000000000e+00
4.687899999999999845e-01
0.000000000000000000e+00
0.000000000000000000e+00
0.000000000000000000e+00
5.153799999999999493e-01
0.000000000000000000e+00
0.000000000000000000e+00
5.262599999999999500e-01
0.000000000000000000e+00
8.587799999999999878e-01
0.000000000000000000e+00
0.000000000000000000e+00
0.000000000000000000e+00
0.000000000000000000e+00
0.000000000000000000e+00
5.165199999999999791e-01
0.000000000000000000e+00
0.000000000000000000e+00
0.000000000000000000e+00
0.000000000000000000e+00
5.170700000000000296e-01
0.000000000000000000e+00
0.000000000000000000e+00
8.186299999999999688e-01
0.000000000000000000e+00
0.000000000000000000e+00
4.843899999999999872e-01
0.000000000000000000e+00
0.000000000000000000e+00
0.000000000000000000e+00
5.516400000000000192e-01
0.000000000000000000e+00
6.884500000000000064e-01
0.000000000000000000e+00
0.000000000000000000e+00
5.414499999999999869e-01
0.000000000000000000e+00
0.000000000000000000e+00
0.000000000000000000e+00
6.121100000000000430e-01
0.000000000000000000e+00
6.709500000000000464e-01
0.000000000000000000e+00
5.983300000000000285e-01
0.000000000000000000e+00
5.118399999999999617e-01
0.000000000000000000e+00
0.000000000000000000e+00
0.000000000000000000e+00
0.000000000000000000e+00
0.000000000000000000e+00
7.674999999999999600e-01
0.000000000000000000e+00
0.000000000000000000e+00
0.000000000000000000e+00
1.008210000000000051e+00
0.000000000000000000e+00
0.000000000000000000e+00
0.000000000000000000e+00
0.000000000000000000e+00
5.934899999999999620e-01
0.000000000000000000e+00
0.000000000000000000e+00
0.000000000000000000e+00
1.047900000000000054e+00
0.000000000000000000e+00
0.000000000000000000e+00
7.958100000000000174e-01
0.000000000000000000e+00
5.015899999999999803e-01
0.000000000000000000e+00
0.000000000000000000e+00
5.535900000000000265e-01
0.000000000000000000e+00
5.415799999999999503e-01
0.000000000000000000e+00
0.000000000000000000e+00
0.000000000000000000e+00
6.752399999999999514e-01
0.000000000000000000e+00
0.000000000000000000e+00
0.000000000000000000e+00
0.000000000000000000e+00
6.522000000000000020e-01
0.000000000000000000e+00
0.000000000000000000e+00
0.000000000000000000e+00
0.000000000000000000e+00
6.192699999999999871e-01
0.000000000000000000e+00
0.000000000000000000e+00
0.000000000000000000e+00
0.000000000000000000e+00
0.000000000000000000e+00
4.672200000000000242e-01
0.000000000000000000e+00
4.927000000000000268e-01
0.000000000000000000e+00
5.844300000000000050e-01
0.000000000000000000e+00
0.000000000000000000e+00
5.246800000000000352e-01
0.000000000000000000e+00
0.000000000000000000e+00
0.000000000000000000e+00
6.361299999999999732e-01
0.000000000000000000e+00
5.834000000000000297e-01
0.000000000000000000e+00
0.000000000000000000e+00
0.000000000000000000e+00
5.190099999999999714e-01
0.000000000000000000e+00
0.000000000000000000e+00
6.895900000000000363e-01
0.000000000000000000e+00
0.000000000000000000e+00
0.000000000000000000e+00
5.008000000000000229e-01
0.000000000000000000e+00
7.175200000000000466e-01
0.000000000000000000e+00
4.658499999999999863e-01
0.000000000000000000e+00
4.941499999999999782e-01
0.000000000000000000e+00
0.000000000000000000e+00
0.000000000000000000e+00
0.000000000000000000e+00
6.126099999999999879e-01
0.000000000000000000e+00
6.140900000000000247e-01
0.000000000000000000e+00
4.782399999999999984e-01
0.000000000000000000e+00
0.000000000000000000e+00
0.000000000000000000e+00
5.247100000000000097e-01
0.000000000000000000e+00
0.000000000000000000e+00
0.000000000000000000e+00
0.000000000000000000e+00
0.000000000000000000e+00
4.805499999999999772e-01
0.000000000000000000e+00
0.000000000000000000e+00
0.000000000000000000e+00
0.000000000000000000e+00
4.879000000000000004e-01
0.000000000000000000e+00
0.000000000000000000e+00
4.916499999999999759e-01
0.000000000000000000e+00
5.072100000000000497e-01
0.000000000000000000e+00
0.000000000000000000e+00
0.000000000000000000e+00
5.452299999999999924e-01
0.000000000000000000e+00
6.591200000000000392e-01
0.000000000000000000e+00
0.000000000000000000e+00
6.015700000000000491e-01
0.000000000000000000e+00
0.000000000000000000e+00
0.000000000000000000e+00
0.000000000000000000e+00
0.000000000000000000e+00
0.000000000000000000e+00
7.744199999999999973e-01
0.000000000000000000e+00
0.000000000000000000e+00
5.333999999999999853e-01
0.000000000000000000e+00
5.674000000000000155e-01
0.000000000000000000e+00
0.000000000000000000e+00
0.000000000000000000e+00
5.258000000000000451e-01
0.000000000000000000e+00
5.020900000000000363e-01
0.000000000000000000e+00
4.912799999999999945e-01
0.000000000000000000e+00
0.000000000000000000e+00
0.000000000000000000e+00
6.379599999999999715e-01
0.000000000000000000e+00
0.000000000000000000e+00
0.000000000000000000e+00
0.000000000000000000e+00
4.956200000000000050e-01
0.000000000000000000e+00
5.035699999999999621e-01
0.000000000000000000e+00
0.000000000000000000e+00
0.000000000000000000e+00
0.000000000000000000e+00
0.000000000000000000e+00
0.000000000000000000e+00
0.000000000000000000e+00
0.000000000000000000e+00
0.000000000000000000e+00
0.000000000000000000e+00
0.000000000000000000e+00
0.000000000000000000e+00
0.000000000000000000e+00
0.000000000000000000e+00
0.000000000000000000e+00
0.000000000000000000e+00
0.000000000000000000e+00
0.000000000000000000e+00
0.000000000000000000e+00
0.000000000000000000e+00
0.000000000000000000e+00
0.000000000000000000e+00
5.394099999999999451e-01
0.000000000000000000e+00
0.000000000000000000e+00
0.000000000000000000e+00
6.139900000000000357e-01
0.000000000000000000e+00
0.000000000000000000e+00
0.000000000000000000e+00
8.062200000000000477e-01
0.000000000000000000e+00
0.000000000000000000e+00
0.000000000000000000e+00
0.000000000000000000e+00
4.823700000000000210e-01
0.000000000000000000e+00
0.000000000000000000e+00
0.000000000000000000e+00
4.641600000000000170e-01
0.000000000000000000e+00
5.744200000000000417e-01
0.000000000000000000e+00
0.000000000000000000e+00
0.000000000000000000e+00
4.022800000000000264e-01
0.000000000000000000e+00
0.000000000000000000e+00
5.258599999999999941e-01
0.000000000000000000e+00
5.190200000000000369e-01
0.000000000000000000e+00
0.000000000000000000e+00
5.070999999999999952e-01
0.000000000000000000e+00
0.000000000000000000e+00
0.000000000000000000e+00
9.306799999999999518e-01
0.000000000000000000e+00
7.870800000000000018e-01
0.000000000000000000e+00
5.322500000000000009e-01
0.000000000000000000e+00
7.545600000000000085e-01
0.000000000000000000e+00
0.000000000000000000e+00
5.408300000000000329e-01
0.000000000000000000e+00
0.000000000000000000e+00
6.913599999999999746e-01
0.000000000000000000e+00
0.000000000000000000e+00
5.706999999999999851e-01
0.000000000000000000e+00
0.000000000000000000e+00
0.000000000000000000e+00
4.848700000000000232e-01
0.000000000000000000e+00
5.010200000000000209e-01
0.000000000000000000e+00
0.000000000000000000e+00
0.000000000000000000e+00
5.117000000000000437e-01
0.000000000000000000e+00
0.000000000000000000e+00
0.000000000000000000e+00
0.000000000000000000e+00
4.721099999999999741e-01
0.000000000000000000e+00
7.499200000000000310e-01
0.000000000000000000e+00
0.000000000000000000e+00
0.000000000000000000e+00
5.066300000000000248e-01
0.000000000000000000e+00
0.000000000000000000e+00
4.636899999999999911e-01
0.000000000000000000e+00
0.000000000000000000e+00
0.000000000000000000e+00
0.000000000000000000e+00
0.000000000000000000e+00
5.187399999999999789e-01
0.000000000000000000e+00
7.341199999999999948e-01
0.000000000000000000e+00
0.000000000000000000e+00
0.000000000000000000e+00
5.683899999999999508e-01
0.000000000000000000e+00
0.000000000000000000e+00
0.000000000000000000e+00
0.000000000000000000e+00
6.284100000000000241e-01
0.000000000000000000e+00
0.000000000000000000e+00
5.473999999999999977e-01
0.000000000000000000e+00
0.000000000000000000e+00
4.544699999999999851e-01
0.000000000000000000e+00
0.000000000000000000e+00
0.000000000000000000e+00
5.122200000000000086e-01
0.000000000000000000e+00
0.000000000000000000e+00
6.591900000000000537e-01
0.000000000000000000e+00
0.000000000000000000e+00
5.906500000000000083e-01
0.000000000000000000e+00
0.000000000000000000e+00
0.000000000000000000e+00
5.174299999999999455e-01
0.000000000000000000e+00
5.356499999999999595e-01
0.000000000000000000e+00
5.458800000000000319e-01
0.000000000000000000e+00
0.000000000000000000e+00
0.000000000000000000e+00
0.000000000000000000e+00
5.954099999999999948e-01
0.000000000000000000e+00
0.000000000000000000e+00
6.752799999999999914e-01
0.000000000000000000e+00
0.000000000000000000e+00
0.000000000000000000e+00
8.707899999999999530e-01
0.000000000000000000e+00
0.000000000000000000e+00
0.000000000000000000e+00
5.424099999999999477e-01
0.000000000000000000e+00
5.667200000000000015e-01
0.000000000000000000e+00
0.000000000000000000e+00
0.000000000000000000e+00
0.000000000000000000e+00
4.837099999999999733e-01
0.000000000000000000e+00
0.000000000000000000e+00
7.037499999999999867e-01
0.000000000000000000e+00
0.000000000000000000e+00
1.134959999999999969e+00
0.000000000000000000e+00
0.000000000000000000e+00
0.000000000000000000e+00
7.342600000000000238e-01
0.000000000000000000e+00
0.000000000000000000e+00
5.775500000000000078e-01
0.000000000000000000e+00
8.304300000000000015e-01
0.000000000000000000e+00
0.000000000000000000e+00
0.000000000000000000e+00
5.860199999999999854e-01
0.000000000000000000e+00
0.000000000000000000e+00
5.767499999999999849e-01
0.000000000000000000e+00
0.000000000000000000e+00
0.000000000000000000e+00
5.576400000000000245e-01
0.000000000000000000e+00
0.000000000000000000e+00
0.000000000000000000e+00
4.511899999999999800e-01
0.000000000000000000e+00
0.000000000000000000e+00
5.300500000000000211e-01
0.000000000000000000e+00
0.000000000000000000e+00
0.000000000000000000e+00
0.000000000000000000e+00
0.000000000000000000e+00
0.000000000000000000e+00
0.000000000000000000e+00
6.375800000000000356e-01
0.000000000000000000e+00
0.000000000000000000e+00
0.000000000000000000e+00
5.687200000000000033e-01
0.000000000000000000e+00
0.000000000000000000e+00
0.000000000000000000e+00
0.000000000000000000e+00
0.000000000000000000e+00
6.086899999999999533e-01
0.000000000000000000e+00
0.000000000000000000e+00
6.042899999999999938e-01
0.000000000000000000e+00
5.858200000000000074e-01
0.000000000000000000e+00
0.000000000000000000e+00
6.107399999999999496e-01
0.000000000000000000e+00
0.000000000000000000e+00
0.000000000000000000e+00
0.000000000000000000e+00
0.000000000000000000e+00
5.117000000000000437e-01
0.000000000000000000e+00
0.000000000000000000e+00
0.000000000000000000e+00
0.000000000000000000e+00
4.490700000000000247e-01
0.000000000000000000e+00
5.056199999999999584e-01
0.000000000000000000e+00
0.000000000000000000e+00
0.000000000000000000e+00
0.000000000000000000e+00
5.143600000000000394e-01
0.000000000000000000e+00
0.000000000000000000e+00
0.000000000000000000e+00
0.000000000000000000e+00
0.000000000000000000e+00
5.100700000000000234e-01
0.000000000000000000e+00
0.000000000000000000e+00
5.092700000000000005e-01
0.000000000000000000e+00
0.000000000000000000e+00
4.511700000000000155e-01
0.000000000000000000e+00
0.000000000000000000e+00
5.361200000000000410e-01
0.000000000000000000e+00
0.000000000000000000e+00
6.145300000000000207e-01
0.000000000000000000e+00
0.000000000000000000e+00
0.000000000000000000e+00
4.442900000000000182e-01
0.000000000000000000e+00
0.000000000000000000e+00
4.556799999999999740e-01
0.000000000000000000e+00
6.345600000000000129e-01
0.000000000000000000e+00
0.000000000000000000e+00
6.885099999999999554e-01
0.000000000000000000e+00
0.000000000000000000e+00
5.537600000000000300e-01
0.000000000000000000e+00
0.000000000000000000e+00
5.404799999999999605e-01
0.000000000000000000e+00
0.000000000000000000e+00
0.000000000000000000e+00
1.065779999999999950e+00
0.000000000000000000e+00
0.000000000000000000e+00
0.000000000000000000e+00
5.080700000000000216e-01
0.000000000000000000e+00
5.255499999999999616e-01
0.000000000000000000e+00
0.000000000000000000e+00
6.376500000000000501e-01
0.000000000000000000e+00
0.000000000000000000e+00
5.225800000000000445e-01
0.000000000000000000e+00
0.000000000000000000e+00
0.000000000000000000e+00
0.000000000000000000e+00
0.000000000000000000e+00
4.688499999999999890e-01
0.000000000000000000e+00
0.000000000000000000e+00
9.153499999999999970e-01
0.000000000000000000e+00
0.000000000000000000e+00
0.000000000000000000e+00
0.000000000000000000e+00
0.000000000000000000e+00
0.000000000000000000e+00
0.000000000000000000e+00
0.000000000000000000e+00
0.000000000000000000e+00
0.000000000000000000e+00
0.000000000000000000e+00
0.000000000000000000e+00
0.000000000000000000e+00
0.000000000000000000e+00
0.000000000000000000e+00
0.000000000000000000e+00
0.000000000000000000e+00
0.000000000000000000e+00
0.000000000000000000e+00
0.000000000000000000e+00
0.000000000000000000e+00
0.000000000000000000e+00
5.076399999999999801e-01
0.000000000000000000e+00
0.000000000000000000e+00
5.269700000000000495e-01
0.000000000000000000e+00
0.000000000000000000e+00
6.339299999999999935e-01
0.000000000000000000e+00
0.000000000000000000e+00
4.766500000000000181e-01
0.000000000000000000e+00
6.333400000000000141e-01
0.000000000000000000e+00
4.499699999999999811e-01
0.000000000000000000e+00
0.000000000000000000e+00
4.846799999999999997e-01
0.000000000000000000e+00
5.191099999999999604e-01
0.000000000000000000e+00
0.000000000000000000e+00
5.080500000000000016e-01
0.000000000000000000e+00
0.000000000000000000e+00
6.062899999999999956e-01
0.000000000000000000e+00
0.000000000000000000e+00
4.431700000000000084e-01
0.000000000000000000e+00
0.000000000000000000e+00
0.000000000000000000e+00
0.000000000000000000e+00
5.070400000000000462e-01
0.000000000000000000e+00
0.000000000000000000e+00
0.000000000000000000e+00
5.188000000000000389e-01
0.000000000000000000e+00
5.499100000000000099e-01
0.000000000000000000e+00
0.000000000000000000e+00
6.219099999999999628e-01
0.000000000000000000e+00
5.233799999999999564e-01
0.000000000000000000e+00
0.000000000000000000e+00
7.082800000000000207e-01
0.000000000000000000e+00
0.000000000000000000e+00
0.000000000000000000e+00
5.007200000000000539e-01
0.000000000000000000e+00
0.000000000000000000e+00
5.635900000000000354e-01
0.000000000000000000e+00
4.646500000000000075e-01
0.000000000000000000e+00
5.350899999999999546e-01
0.000000000000000000e+00
0.000000000000000000e+00
0.000000000000000000e+00
4.698999999999999844e-01
0.000000000000000000e+00
0.000000000000000000e+00
0.000000000000000000e+00
4.662799999999999723e-01
0.000000000000000000e+00
5.092600000000000460e-01
0.000000000000000000e+00
0.000000000000000000e+00
0.000000000000000000e+00
0.000000000000000000e+00
0.000000000000000000e+00
4.883700000000000263e-01
0.000000000000000000e+00
0.000000000000000000e+00
4.981700000000000017e-01
0.000000000000000000e+00
0.000000000000000000e+00
0.000000000000000000e+00
0.000000000000000000e+00
0.000000000000000000e+00
5.092299999999999605e-01
0.000000000000000000e+00
0.000000000000000000e+00
4.856599999999999806e-01
0.000000000000000000e+00
0.000000000000000000e+00
4.629599999999999826e-01
0.000000000000000000e+00
0.000000000000000000e+00
0.000000000000000000e+00
0.000000000000000000e+00
0.000000000000000000e+00
5.909400000000000208e-01
0.000000000000000000e+00
0.000000000000000000e+00
5.006300000000000194e-01
0.000000000000000000e+00
0.000000000000000000e+00
5.026500000000000412e-01
0.000000000000000000e+00
0.000000000000000000e+00
0.000000000000000000e+00
0.000000000000000000e+00
4.551999999999999935e-01
0.000000000000000000e+00
0.000000000000000000e+00
6.771399999999999642e-01
0.000000000000000000e+00
0.000000000000000000e+00
6.638199999999999656e-01
0.000000000000000000e+00
0.000000000000000000e+00
1.304480000000000084e+00
0.000000000000000000e+00
0.000000000000000000e+00
0.000000000000000000e+00
0.000000000000000000e+00
0.000000000000000000e+00
0.000000000000000000e+00
0.000000000000000000e+00
5.048099999999999810e-01
0.000000000000000000e+00
0.000000000000000000e+00
6.208000000000000185e-01
0.000000000000000000e+00
5.769999999999999574e-01
0.000000000000000000e+00
0.000000000000000000e+00
1.119099999999999984e+00
0.000000000000000000e+00
0.000000000000000000e+00
0.000000000000000000e+00
0.000000000000000000e+00
4.590799999999999881e-01
0.000000000000000000e+00
0.000000000000000000e+00
0.000000000000000000e+00
5.233900000000000219e-01
0.000000000000000000e+00
6.722000000000000197e-01
0.000000000000000000e+00
0.000000000000000000e+00
4.221900000000000097e-01
0.000000000000000000e+00
0.000000000000000000e+00
7.456899999999999640e-01
0.000000000000000000e+00
0.000000000000000000e+00
0.000000000000000000e+00
6.576300000000000479e-01
0.000000000000000000e+00
5.035500000000000531e-01
0.000000000000000000e+00
4.758999999999999897e-01
0.000000000000000000e+00
0.000000000000000000e+00
0.000000000000000000e+00
4.676799999999999846e-01
0.000000000000000000e+00
5.794200000000000461e-01
0.000000000000000000e+00
4.667100000000000137e-01
0.000000000000000000e+00
0.000000000000000000e+00
4.982099999999999862e-01
0.000000000000000000e+00
0.000000000000000000e+00
0.000000000000000000e+00
4.373299999999999965e-01
0.000000000000000000e+00
0.000000000000000000e+00
0.000000000000000000e+00
5.204999999999999627e-01
0.000000000000000000e+00
0.000000000000000000e+00
4.229200000000000181e-01
0.000000000000000000e+00
0.000000000000000000e+00
5.540599999999999969e-01
0.000000000000000000e+00
0.000000000000000000e+00
4.310300000000000242e-01
0.000000000000000000e+00
4.951300000000000145e-01
0.000000000000000000e+00
0.000000000000000000e+00
5.362099999999999644e-01
0.000000000000000000e+00
0.000000000000000000e+00
0.000000000000000000e+00
4.586899999999999866e-01
0.000000000000000000e+00
0.000000000000000000e+00
5.151400000000000423e-01
0.000000000000000000e+00
0.000000000000000000e+00
0.000000000000000000e+00
4.732299999999999840e-01
0.000000000000000000e+00
5.083600000000000341e-01
0.000000000000000000e+00
0.000000000000000000e+00
0.000000000000000000e+00
0.000000000000000000e+00
0.000000000000000000e+00
4.804499999999999882e-01
0.000000000000000000e+00
0.000000000000000000e+00
0.000000000000000000e+00
5.607199999999999962e-01
0.000000000000000000e+00
0.000000000000000000e+00
5.878100000000000547e-01
0.000000000000000000e+00
0.000000000000000000e+00
0.000000000000000000e+00
0.000000000000000000e+00
4.519500000000000184e-01
0.000000000000000000e+00
5.413599999999999524e-01
0.000000000000000000e+00
0.000000000000000000e+00
0.000000000000000000e+00
0.000000000000000000e+00
5.347600000000000131e-01
0.000000000000000000e+00
0.000000000000000000e+00
0.000000000000000000e+00
5.341599999999999682e-01
0.000000000000000000e+00
5.386999999999999567e-01
0.000000000000000000e+00
0.000000000000000000e+00
0.000000000000000000e+00
4.240300000000000180e-01
0.000000000000000000e+00
0.000000000000000000e+00
0.000000000000000000e+00
0.000000000000000000e+00
0.000000000000000000e+00
0.000000000000000000e+00
4.837000000000000188e-01
0.000000000000000000e+00
0.000000000000000000e+00
0.000000000000000000e+00
1.762240000000000029e+00
0.000000000000000000e+00
0.000000000000000000e+00
0.000000000000000000e+00
5.027000000000000357e-01
0.000000000000000000e+00
0.000000000000000000e+00
4.678200000000000136e-01
0.000000000000000000e+00
6.646300000000000541e-01
0.000000000000000000e+00
0.000000000000000000e+00
0.000000000000000000e+00
0.000000000000000000e+00
0.000000000000000000e+00
0.000000000000000000e+00
4.905399999999999761e-01
0.000000000000000000e+00
0.000000000000000000e+00
0.000000000000000000e+00
0.000000000000000000e+00
0.000000000000000000e+00
4.821699999999999875e-01
0.000000000000000000e+00
0.000000000000000000e+00
0.000000000000000000e+00
0.000000000000000000e+00
0.000000000000000000e+00
4.913500000000000090e-01
0.000000000000000000e+00
0.000000000000000000e+00
0.000000000000000000e+00
0.000000000000000000e+00
0.000000000000000000e+00
0.000000000000000000e+00
0.000000000000000000e+00
0.000000000000000000e+00
0.000000000000000000e+00
0.000000000000000000e+00
0.000000000000000000e+00
