0.000000000000000000e+00
0.000000000000000000e+00
0.000000000000000000e+00
0.000000000000000000e+00
0.000000000000000000e+00
0.000000000000000000e+00
0.000000000000000000e+00
0.000000000000000000e+00
0.000000000000000000e+00
0.000000000000000000e+00
1.925769999999999982e+00
0.000000000000000000e+00
0.000000000000000000e+00
9.796099999999999808e-01
0.000000000000000000e+00
0.000000000000000000e+00
0.000000000000000000e+00
1.557390000000000052e+00
0.000000000000000000e+00
9.339800000000000324e-01
0.000000000000000000e+00
0.000000000000000000e+00
0.000000000000000000e+00
8.524000000000000465e-01
0.000000000000000000e+00
7.927600000000000202e-01
0.000000000000000000e+00
0.000000000000000000e+00
6.537500000000000533e-01
0.000000000000000000e+00
1.206180000000000030e+00
0.000000000000000000e+00
0.000000000000000000e+00
0.000000000000000000e+00
1.141170000000000018e+00
0.000000000000000000e+00
0.000000000000000000e+00
0.000000000000000000e+00
7.891399999999999526e-01
0.000000000000000000e+00
0.000000000000000000e+00
0.000000000000000000e+00
1.118980000000000086e+00
0.000000000000000000e+00
0.000000000000000000e+00
8.945300000000000473e-01
0.000000000000000000e+00
8.288799999999999502e-01
0.000000000000000000e+00
0.000000000000000000e+00
1.114770000000000039e+00
0.000000000000000000e+00
0.000000000000000000e+00
1.185710000000000042e+00
0.000000000000000000e+00
0.000000000000000000e+00
0.000000000000000000e+00
0.000000000000000000e+00
0.000000000000000000e+00
1.357480000000000020e+00
0.000000000000000000e+00
0.000000000000000000e+00
9.159199999999999564e-01
0.000000000000000000e+00
0.000000000000000000e+00
0.000000000000000000e+00
0.000000000000000000e+00
0.000000000000000000e+00
0.000000000000000000e+00
1.255579999999999918e+00
0.000000000000000000e+00
0.000000000000000000e+00
8.842700000000000005e-01
0.000000000000000000e+00
0.000000000000000000e+00
7.406800000000000050e-01
0.000000000000000000e+00
0.000000000000000000e+00
0.000000000000000000e+00
6.603099999999999525e-01
0.000000000000000000e+00
6.694299999999999695e-01
0.000000000000000000e+00
0.000000000000000000e+00
1.548550000000000093e+00
0.000000000000000000e+00
0.000000000000000000e+00
0.000000000000000000e+00
8.632499999999999618e-01
0.000000000000000000e+00
0.000000000000000000e+00
0.000000000000000000e+00
1.009719999999999951e+00
0.000000000000000000e+00
0.000000000000000000e+00
7.648500000000000298e-01
0.000000000000000000e+00
0.000000000000000000e+00
1.238320000000000087e+00
0.000000000000000000e+00
0.000000000000000000e+00
0.000000000000000000e+00
1.345099999999999962e+00
0.000000000000000000e+00
0.000000000000000000e+00
0.000000000000000000e+00
0.000000000000000000e+00
0.000000000000000000e+00
0.000000000000000000e+00
0.000000000000000000e+00
1.286480000000000068e+00
0.000000000000000000e+00
1.006450000000000067e+00
0.000000000000000000e+00
7.889599999999999946e-01
0.000000000000000000e+00
1.029879999999999907e+00
0.000000000000000000e+00
0.000000000000000000e+00
1.367129999999999956e+00
0.000000000000000000e+00
0.000000000000000000e+00
1.027079999999999993e+00
0.000000000000000000e+00
0.000000000000000000e+00
0.000000000000000000e+00
0.000000000000000000e+00
0.000000000000000000e+00
1.260790000000000077e+00
0.000000000000000000e+00
0.000000000000000000e+00
8.120300000000000296e-01
0.000000000000000000e+00
1.280250000000000110e+00
0.000000000000000000e+00
1.131040000000000045e+00
0.000000000000000000e+00
0.000000000000000000e+00
0.000000000000000000e+00
0.000000000000000000e+00
1.086470000000000047e+00
0.000000000000000000e+00
0.000000000000000000e+00
1.061250000000000027e+00
0.000000000000000000e+00
0.000000000000000000e+00
0.000000000000000000e+00
0.000000000000000000e+00
8.825699999999999656e-01
0.000000000000000000e+00
0.000000000000000000e+00
1.259519999999999973e+00
0.000000000000000000e+00
0.000000000000000000e+00
1.071209999999999996e+00
0.000000000000000000e+00
1.175470000000000015e+00
0.000000000000000000e+00
0.000000000000000000e+00
0.000000000000000000e+00
1.222190000000000110e+00
0.000000000000000000e+00
0.000000000000000000e+00
0.000000000000000000e+00
1.149140000000000050e+00
0.000000000000000000e+00
0.000000000000000000e+00
1.419240000000000057e+00
0.000000000000000000e+00
8.599799999999999667e-01
0.000000000000000000e+00
0.000000000000000000e+00
0.000000000000000000e+00
1.048659999999999926e+00
0.000000000000000000e+00
0.000000000000000000e+00
0.000000000000000000e+00
8.575000000000000400e-01
0.000000000000000000e+00
0.000000000000000000e+00
1.438290000000000068e+00
0.000000000000000000e+00
0.000000000000000000e+00
0.000000000000000000e+00
1.203759999999999941e+00
0.000000000000000000e+00
9.810100000000000486e-01
0.000000000000000000e+00
0.000000000000000000e+00
1.361560000000000104e+00
0.000000000000000000e+00
1.352510000000000101e+00
0.000000000000000000e+00
0.000000000000000000e+00
1.189440000000000053e+00
0.000000000000000000e+00
0.000000000000000000e+00
1.459780000000000078e+00
0.000000000000000000e+00
1.194399999999999906e+00
0.000000000000000000e+00
8.873999999999999666e-01
0.000000000000000000e+00
0.000000000000000000e+00
1.303690000000000015e+00
0.000000000000000000e+00
0.000000000000000000e+00
0.000000000000000000e+00
1.546990000000000087e+00
0.000000000000000000e+00
0.000000000000000000e+00
1.211929999999999952e+00
0.000000000000000000e+00
0.000000000000000000e+00
1.318829999999999947e+00
0.000000000000000000e+00
0.000000000000000000e+00
0.000000000000000000e+00
0.000000000000000000e+00
1.158940000000000081e+00
0.000000000000000000e+00
0.000000000000000000e+00
8.818500000000000227e-01
0.000000000000000000e+00
0.000000000000000000e+00
0.000000000000000000e+00
0.000000000000000000e+00
1.171180000000000110e+00
0.000000000000000000e+00
1.304680000000000062e+00
0.000000000000000000e+00
0.000000000000000000e+00
9.992600000000000371e-01
0.000000000000000000e+00
0.000000000000000000e+00
1.098559999999999981e+00
0.000000000000000000e+00
1.362340000000000106e+00
0.000000000000000000e+00
1.164970000000000061e+00
0.000000000000000000e+00
0.000000000000000000e+00
9.978000000000000203e-01
0.000000000000000000e+00
0.000000000000000000e+00
0.000000000000000000e+00
1.385569999999999968e+00
0.000000000000000000e+00
0.000000000000000000e+00
0.000000000000000000e+00
0.000000000000000000e+00
8.927800000000000180e-01
0.000000000000000000e+00
0.000000000000000000e+00
8.802100000000000479e-01
0.000000000000000000e+00
0.000000000000000000e+00
0.000000000000000000e+00
7.289200000000000124e-01
0.000000000000000000e+00
1.036489999999999911e+00
0.000000000000000000e+00
0.000000000000000000e+00
9.422099999999999920e-01
0.000000000000000000e+00
0.000000000000000000e+00
0.000000000000000000e+00
0.000000000000000000e+00
0.000000000000000000e+00
1.080100000000000060e+00
0.000000000000000000e+00
7.834699999999999998e-01
0.000000000000000000e+00
0.000000000000000000e+00
0.000000000000000000e+00
0.000000000000000000e+00
0.000000000000000000e+00
0.000000000000000000e+00
0.000000000000000000e+00
0.000000000000000000e+00
0.000000000000000000e+00
0.000000000000000000e+00
0.000000000000000000e+00
0.000000000000000000e+00
0.000000000000000000e+00
0.000000000000000000e+00
0.000000000000000000e+00
0.000000000000000000e+00
0.000000000000000000e+00
0.000000000000000000e+00
0.000000000000000000e+00
0.000000000000000000e+00
0.000000000000000000e+00
0.000000000000000000e+00
0.000000000000000000e+00
9.143799999999999706e-01
0.000000000000000000e+00
0.000000000000000000e+00
0.000000000000000000e+00
0.000000000000000000e+00
9.340500000000000469e-01
0.000000000000000000e+00
0.000000000000000000e+00
0.000000000000000000e+00
0.000000000000000000e+00
9.713500000000000467e-01
0.000000000000000000e+00
0.000000000000000000e+00
0.000000000000000000e+00
1.350340000000000096e+00
0.000000000000000000e+00
8.252500000000000391e-01
0.000000000000000000e+00
7.933599999999999541e-01
0.000000000000000000e+00
5.296899999999999942e-01
0.000000000000000000e+00
6.984299999999999953e-01
0.000000000000000000e+00
0.000000000000000000e+00
0.000000000000000000e+00
0.000000000000000000e+00
0.000000000000000000e+00
5.864300000000000068e-01
0.000000000000000000e+00
6.779699999999999616e-01
0.000000000000000000e+00
7.794999999999999707e-01
0.000000000000000000e+00
0.000000000000000000e+00
0.000000000000000000e+00
1.292729999999999935e+00
0.000000000000000000e+00
0.000000000000000000e+00
1.062449999999999894e+00
0.000000000000000000e+00
0.000000000000000000e+00
0.000000000000000000e+00
1.429929999999999923e+00
0.000000000000000000e+00
0.000000000000000000e+00
1.272010000000000085e+00
0.000000000000000000e+00
7.222499999999999476e-01
0.000000000000000000e+00
1.148719999999999963e+00
0.000000000000000000e+00
0.000000000000000000e+00
0.000000000000000000e+00
1.197500000000000009e+00
0.000000000000000000e+00
0.000000000000000000e+00
0.000000000000000000e+00
0.000000000000000000e+00
0.000000000000000000e+00
0.000000000000000000e+00
1.087560000000000082e+00
0.000000000000000000e+00
0.000000000000000000e+00
0.000000000000000000e+00
0.000000000000000000e+00
7.675300000000000455e-01
0.000000000000000000e+00
0.000000000000000000e+00
0.000000000000000000e+00
0.000000000000000000e+00
7.448900000000000521e-01
0.000000000000000000e+00
0.000000000000000000e+00
0.000000000000000000e+00
1.099210000000000020e+00
0.000000000000000000e+00
0.000000000000000000e+00
0.000000000000000000e+00
6.248899999999999455e-01
0.000000000000000000e+00
0.000000000000000000e+00
9.622699999999999587e-01
0.000000000000000000e+00
0.000000000000000000e+00
0.000000000000000000e+00
7.137599999999999500e-01
0.000000000000000000e+00
7.208999999999999853e-01
0.000000000000000000e+00
0.000000000000000000e+00
9.700800000000000534e-01
0.000000000000000000e+00
0.000000000000000000e+00
5.124699999999999811e-01
0.000000000000000000e+00
0.000000000000000000e+00
8.006100000000000438e-01
0.000000000000000000e+00
7.495800000000000241e-01
0.000000000000000000e+00
1.056559999999999944e+00
0.000000000000000000e+00
0.000000000000000000e+00
0.000000000000000000e+00
0.000000000000000000e+00
6.257500000000000284e-01
0.000000000000000000e+00
0.000000000000000000e+00
0.000000000000000000e+00
0.000000000000000000e+00
0.000000000000000000e+00
6.838999999999999524e-01
0.000000000000000000e+00
0.000000000000000000e+00
0.000000000000000000e+00
5.840199999999999836e-01
0.000000000000000000e+00
0.000000000000000000e+00
6.845499999999999918e-01
0.000000000000000000e+00
0.000000000000000000e+00
7.553600000000000314e-01
0.000000000000000000e+00
0.000000000000000000e+00
6.767999999999999572e-01
0.000000000000000000e+00
7.258900000000000352e-01
0.000000000000000000e+00
7.104599999999999804e-01
0.000000000000000000e+00
0.000000000000000000e+00
0.000000000000000000e+00
0.000000000000000000e+00
0.000000000000000000e+00
7.965299999999999603e-01
0.000000000000000000e+00
0.000000000000000000e+00
6.736999999999999655e-01
0.000000000000000000e+00
0.000000000000000000e+00
0.000000000000000000e+00
6.922199999999999465e-01
0.000000000000000000e+00
0.000000000000000000e+00
0.000000000000000000e+00
0.000000000000000000e+00
5.791500000000000536e-01
0.000000000000000000e+00
0.000000000000000000e+00
0.000000000000000000e+00
0.000000000000000000e+00
0.000000000000000000e+00
6.631399999999999517e-01
0.000000000000000000e+00
0.000000000000000000e+00
0.000000000000000000e+00
6.328599999999999781e-01
0.000000000000000000e+00
0.000000000000000000e+00
7.039299999999999446e-01
0.000000000000000000e+00
0.000000000000000000e+00
6.208700000000000330e-01
0.000000000000000000e+00
6.106700000000000461e-01
0.000000000000000000e+00
0.000000000000000000e+00
7.799199999999999466e-01
0.000000000000000000e+00
0.000000000000000000e+00
0.000000000000000000e+00
0.000000000000000000e+00
5.966299999999999937e-01
0.000000000000000000e+00
0.000000000000000000e+00
0.000000000000000000e+00
5.376600000000000268e-01
0.000000000000000000e+00
0.000000000000000000e+00
0.000000000000000000e+00
8.791600000000000525e-01
0.000000000000000000e+00
0.000000000000000000e+00
0.000000000000000000e+00
5.414400000000000324e-01
0.000000000000000000e+00
0.000000000000000000e+00
0.000000000000000000e+00
0.000000000000000000e+00
5.923699999999999521e-01
0.000000000000000000e+00
0.000000000000000000e+00
1.920509999999999939e+00
0.000000000000000000e+00
0.000000000000000000e+00
0.000000000000000000e+00
0.000000000000000000e+00
0.000000000000000000e+00
0.000000000000000000e+00
7.195899999999999519e-01
0.000000000000000000e+00
0.000000000000000000e+00
8.650099999999999456e-01
0.000000000000000000e+00
0.000000000000000000e+00
0.000000000000000000e+00
9.359699999999999687e-01
0.000000000000000000e+00
0.000000000000000000e+00
0.000000000000000000e+00
6.473799999999999555e-01
0.000000000000000000e+00
1.055180000000000007e+00
0.000000000000000000e+00
0.000000000000000000e+00
6.514499999999999735e-01
0.000000000000000000e+00
0.000000000000000000e+00
0.000000000000000000e+00
1.225230000000000041e+00
0.000000000000000000e+00
0.000000000000000000e+00
0.000000000000000000e+00
7.319799999999999640e-01
0.000000000000000000e+00
6.146200000000000552e-01
0.000000000000000000e+00
0.000000000000000000e+00
0.000000000000000000e+00
1.041530000000000067e+00
0.000000000000000000e+00
0.000000000000000000e+00
0.000000000000000000e+00
0.000000000000000000e+00
0.000000000000000000e+00
0.000000000000000000e+00
6.800300000000000233e-01
0.000000000000000000e+00
0.000000000000000000e+00
0.000000000000000000e+00
0.000000000000000000e+00
6.453600000000000447e-01
0.000000000000000000e+00
0.000000000000000000e+00
6.473299999999999610e-01
0.000000000000000000e+00
0.000000000000000000e+00
0.000000000000000000e+00
5.693099999999999827e-01
0.000000000000000000e+00
0.000000000000000000e+00
0.000000000000000000e+00
9.219800000000000217e-01
0.000000000000000000e+00
9.817099999999999715e-01
0.000000000000000000e+00
1.061500000000000110e+00
0.000000000000000000e+00
0.000000000000000000e+00
0.000000000000000000e+00
0.000000000000000000e+00
0.000000000000000000e+00
6.941500000000000448e-01
0.000000000000000000e+00
0.000000000000000000e+00
0.000000000000000000e+00
1.162160000000000082e+00
0.000000000000000000e+00
1.003730000000000011e+00
0.000000000000000000e+00
7.325500000000000345e-01
0.000000000000000000e+00
0.000000000000000000e+00
0.000000000000000000e+00
0.000000000000000000e+00
5.482799999999999896e-01
0.000000000000000000e+00
0.000000000000000000e+00
0.000000000000000000e+00
5.497900000000000009e-01
0.000000000000000000e+00
0.000000000000000000e+00
1.112239999999999895e+00
0.000000000000000000e+00
0.000000000000000000e+00
0.000000000000000000e+00
6.349500000000000144e-01
0.000000000000000000e+00
0.000000000000000000e+00
0.000000000000000000e+00
0.000000000000000000e+00
0.000000000000000000e+00
0.000000000000000000e+00
0.000000000000000000e+00
0.000000000000000000e+00
0.000000000000000000e+00
0.000000000000000000e+00
0.000000000000000000e+00
0.000000000000000000e+00
0.000000000000000000e+00
0.000000000000000000e+00
0.000000000000000000e+00
0.000000000000000000e+00
0.000000000000000000e+00
0.000000000000000000e+00
0.000000000000000000e+00
0.000000000000000000e+00
0.000000000000000000e+00
0.000000000000000000e+00
0.000000000000000000e+00
0.000000000000000000e+00
8.637799999999999923e-01
0.000000000000000000e+00
0.000000000000000000e+00
0.000000000000000000e+00
0.000000000000000000e+00
0.000000000000000000e+00
4.607200000000000184e-01
0.000000000000000000e+00
0.000000000000000000e+00
7.797100000000000142e-01
0.000000000000000000e+00
0.000000000000000000e+00
0.000000000000000000e+00
0.000000000000000000e+00
0.000000000000000000e+00
5.824099999999999833e-01
0.000000000000000000e+00
8.136900000000000244e-01
0.000000000000000000e+00
6.160499999999999865e-01
0.000000000000000000e+00
0.000000000000000000e+00
7.589599999999999680e-01
0.000000000000000000e+00
0.000000000000000000e+00
0.000000000000000000e+00
6.171400000000000219e-01
0.000000000000000000e+00
0.000000000000000000e+00
5.967500000000000027e-01
0.000000000000000000e+00
5.516999999999999682e-01
0.000000000000000000e+00
0.000000000000000000e+00
0.000000000000000000e+00
5.971499999999999586e-01
0.000000000000000000e+00
0.000000000000000000e+00
7.431299999999999573e-01
0.000000000000000000e+00
0.000000000000000000e+00
6.830199999999999605e-01
0.000000000000000000e+00
6.692700000000000315e-01
0.000000000000000000e+00
0.000000000000000000e+00
0.000000000000000000e+00
0.000000000000000000e+00
0.000000000000000000e+00
6.664299999999999669e-01
0.000000000000000000e+00
0.000000000000000000e+00
0.000000000000000000e+00
7.948499999999999455e-01
0.000000000000000000e+00
0.000000000000000000e+00
1.130460000000000020e+00
0.000000000000000000e+00
5.658600000000000296e-01
0.000000000000000000e+00
0.000000000000000000e+00
0.000000000000000000e+00
7.015500000000000069e-01
0.000000000000000000e+00
0.000000000000000000e+00
5.805000000000000160e-01
0.000000000000000000e+00
1.148789999999999978e+00
0.000000000000000000e+00
0.000000000000000000e+00
0.000000000000000000e+00
8.150600000000000067e-01
0.000000000000000000e+00
0.000000000000000000e+00
5.941100000000000270e-01
0.000000000000000000e+00
0.000000000000000000e+00
8.250800000000000356e-01
0.000000000000000000e+00
9.427100000000000479e-01
0.000000000000000000e+00
0.000000000000000000e+00
1.000359999999999916e+00
0.000000000000000000e+00
0.000000000000000000e+00
0.000000000000000000e+00
6.555699999999999861e-01
0.000000000000000000e+00
0.000000000000000000e+00
4.351700000000000013e-01
0.000000000000000000e+00
0.000000000000000000e+00
5.149000000000000243e-01
0.000000000000000000e+00
4.979500000000000037e-01
0.000000000000000000e+00
0.000000000000000000e+00
0.000000000000000000e+00
4.877600000000000269e-01
0.000000000000000000e+00
0.000000000000000000e+00
0.000000000000000000e+00
4.164100000000000024e-01
0.000000000000000000e+00
0.000000000000000000e+00
0.000000000000000000e+00
0.000000000000000000e+00
0.000000000000000000e+00
6.143999999999999462e-01
0.000000000000000000e+00
0.000000000000000000e+00
5.370399999999999618e-01
0.000000000000000000e+00
0.000000000000000000e+00
0.000000000000000000e+00
0.000000000000000000e+00
5.110400000000000498e-01
0.000000000000000000e+00
0.000000000000000000e+00
0.000000000000000000e+00
5.356999999999999540e-01
0.000000000000000000e+00
0.000000000000000000e+00
9.256299999999999528e-01
0.000000000000000000e+00
0.000000000000000000e+00
6.735799999999999566e-01
0.000000000000000000e+00
0.000000000000000000e+00
0.000000000000000000e+00
0.000000000000000000e+00
0.000000000000000000e+00
6.055300000000000127e-01
0.000000000000000000e+00
0.000000000000000000e+00
4.383099999999999774e-01
0.000000000000000000e+00
0.000000000000000000e+00
0.000000000000000000e+00
0.000000000000000000e+00
5.671399999999999775e-01
0.000000000000000000e+00
0.000000000000000000e+00
0.000000000000000000e+00
7.471400000000000263e-01
0.000000000000000000e+00
6.558000000000000496e-01
0.000000000000000000e+00
0.000000000000000000e+00
0.000000000000000000e+00
6.070900000000000185e-01
0.000000000000000000e+00
0.000000000000000000e+00
0.000000000000000000e+00
0.000000000000000000e+00
1.221219999999999972e+00
0.000000000000000000e+00
7.536399999999999766e-01
0.000000000000000000e+00
7.589099999999999735e-01
0.000000000000000000e+00
6.689899999999999736e-01
0.000000000000000000e+00
6.191999999999999726e-01
0.000000000000000000e+00
0.000000000000000000e+00
7.743900000000000228e-01
0.000000000000000000e+00
0.000000000000000000e+00
0.000000000000000000e+00
0.000000000000000000e+00
0.000000000000000000e+00
5.634400000000000519e-01
0.000000000000000000e+00
5.001600000000000490e-01
0.000000000000000000e+00
0.000000000000000000e+00
0.000000000000000000e+00
8.399900000000000144e-01
0.000000000000000000e+00
0.000000000000000000e+00
5.249200000000000532e-01
0.000000000000000000e+00
0.000000000000000000e+00
0.000000000000000000e+00
8.114000000000000101e-01
0.000000000000000000e+00
0.000000000000000000e+00
0.000000000000000000e+00
6.226699999999999458e-01
0.000000000000000000e+00
0.000000000000000000e+00
5.428399999999999892e-01
0.000000000000000000e+00
0.000000000000000000e+00
0.000000000000000000e+00
0.000000000000000000e+00
5.874300000000000077e-01
0.000000000000000000e+00
0.000000000000000000e+00
0.000000000000000000e+00
0.000000000000000000e+00
0.000000000000000000e+00
0.000000000000000000e+00
5.708900000000000086e-01
0.000000000000000000e+00
0.000000000000000000e+00
0.000000000000000000e+00
7.472499999999999698e-01
0.000000000000000000e+00
0.000000000000000000e+00
0.000000000000000000e+00
5.878999999999999782e-01
0.000000000000000000e+00
0.000000000000000000e+00
0.000000000000000000e+00
0.000000000000000000e+00
0.000000000000000000e+00
4.808399999999999896e-01
0.000000000000000000e+00
0.000000000000000000e+00
0.000000000000000000e+00
0.000000000000000000e+00
6.277500000000000302e-01
0.000000000000000000e+00
0.000000000000000000e+00
0.000000000000000000e+00
5.982600000000000140e-01
0.000000000000000000e+00
0.000000000000000000e+00
0.000000000000000000e+00
0.000000000000000000e+00
0.000000000000000000e+00
0.000000000000000000e+00
7.886600000000000277e-01
0.000000000000000000e+00
0.000000000000000000e+00
0.000000000000000000e+00
5.623000000000000220e-01
0.000000000000000000e+00
0.000000000000000000e+00
0.000000000000000000e+00
0.000000000000000000e+00
8.347299999999999720e-01
0.000000000000000000e+00
0.000000000000000000e+00
5.557299999999999462e-01
0.000000000000000000e+00
0.000000000000000000e+00
0.000000000000000000e+00
0.000000000000000000e+00
0.000000000000000000e+00
1.215519999999999934e+00
0.000000000000000000e+00
0.000000000000000000e+00
5.384400000000000297e-01
0.000000000000000000e+00
0.000000000000000000e+00
5.571800000000000086e-01
0.000000000000000000e+00
6.794700000000000184e-01
0.000000000000000000e+00
5.756999999999999895e-01
0.000000000000000000e+00
0.000000000000000000e+00
0.000000000000000000e+00
7.412999999999999590e-01
0.000000000000000000e+00
0.000000000000000000e+00
0.000000000000000000e+00
0.000000000000000000e+00
0.000000000000000000e+00
0.000000000000000000e+00
0.000000000000000000e+00
9.433899999999999508e-01
0.000000000000000000e+00
0.000000000000000000e+00
5.936200000000000365e-01
0.000000000000000000e+00
7.419799999999999729e-01
0.000000000000000000e+00
8.100800000000000223e-01
0.000000000000000000e+00
0.000000000000000000e+00
5.441799999999999971e-01
0.000000000000000000e+00
8.443399999999999794e-01
0.000000000000000000e+00
0.000000000000000000e+00
0.000000000000000000e+00
0.000000000000000000e+00
0.000000000000000000e+00
0.000000000000000000e+00
0.000000000000000000e+00
0.000000000000000000e+00
0.000000000000000000e+00
0.000000000000000000e+00
0.000000000000000000e+00
0.000000000000000000e+00
0.000000000000000000e+00
0.000000000000000000e+00
0.000000000000000000e+00
0.000000000000000000e+00
0.000000000000000000e+00
0.000000000000000000e+00
0.000000000000000000e+00
0.000000000000000000e+00
0.000000000000000000e+00
0.000000000000000000e+00
0.000000000000000000e+00
0.000000000000000000e+00
5.953000000000000513e-01
0.000000000000000000e+00
7.455100000000000060e-01
0.000000000000000000e+00
0.000000000000000000e+00
0.000000000000000000e+00
5.581700000000000550e-01
0.000000000000000000e+00
0.000000000000000000e+00
0.000000000000000000e+00
0.000000000000000000e+00
6.535499999999999643e-01
0.000000000000000000e+00
0.000000000000000000e+00
6.069499999999999895e-01
0.000000000000000000e+00
0.000000000000000000e+00
0.000000000000000000e+00
0.000000000000000000e+00
5.044100000000000250e-01
0.000000000000000000e+00
5.188500000000000334e-01
0.000000000000000000e+00
8.390300000000000535e-01
0.000000000000000000e+00
0.000000000000000000e+00
1.034799999999999942e+00
0.000000000000000000e+00
4.919700000000000184e-01
0.000000000000000000e+00
0.000000000000000000e+00
5.569399999999999906e-01
0.000000000000000000e+00
6.242499999999999716e-01
0.000000000000000000e+00
0.000000000000000000e+00
5.881399999999999961e-01
0.000000000000000000e+00
0.000000000000000000e+00
5.853800000000000114e-01
0.000000000000000000e+00
0.000000000000000000e+00
0.000000000000000000e+00
0.000000000000000000e+00
6.246099999999999985e-01
0.000000000000000000e+00
0.000000000000000000e+00
7.590299999999999825e-01
0.000000000000000000e+00
0.000000000000000000e+00
0.000000000000000000e+00
6.597699999999999676e-01
0.000000000000000000e+00
0.000000000000000000e+00
6.247500000000000275e-01
0.000000000000000000e+00
5.755299999999999860e-01
0.000000000000000000e+00
0.000000000000000000e+00
0.000000000000000000e+00
5.917099999999999582e-01
0.000000000000000000e+00
0.000000000000000000e+00
0.000000000000000000e+00
6.311799999999999633e-01
0.000000000000000000e+00
9.392099999999999893e-01
0.000000000000000000e+00
0.000000000000000000e+00
7.912700000000000289e-01
0.000000000000000000e+00
0.000000000000000000e+00
0.000000000000000000e+00
8.760200000000000209e-01
0.000000000000000000e+00
0.000000000000000000e+00
5.537600000000000300e-01
0.000000000000000000e+00
5.719999999999999529e-01
0.000000000000000000e+00
0.000000000000000000e+00
0.000000000000000000e+00
0.000000000000000000e+00
0.000000000000000000e+00
5.501399999999999624e-01
0.000000000000000000e+00
0.000000000000000000e+00
0.000000000000000000e+00
0.000000000000000000e+00
5.653200000000000447e-01
0.000000000000000000e+00
0.000000000000000000e+00
7.541900000000000270e-01
0.000000000000000000e+00
0.000000000000000000e+00
5.299700000000000522e-01
0.000000000000000000e+00
0.000000000000000000e+00
0.000000000000000000e+00
4.237199999999999855e-01
0.000000000000000000e+00
7.279400000000000315e-01
0.000000000000000000e+00
0.000000000000000000e+00
6.429099999999999815e-01
0.000000000000000000e+00
0.000000000000000000e+00
0.000000000000000000e+00
6.522099999999999564e-01
0.000000000000000000e+00
1.600000000000000131e-04
0.000000000000000000e+00
7.434199999999999697e-01
0.000000000000000000e+00
5.750199999999999756e-01
0.000000000000000000e+00
0.000000000000000000e+00
0.000000000000000000e+00
0.000000000000000000e+00
0.000000000000000000e+00
1.095020000000000104e+00
0.000000000000000000e+00
0.000000000000000000e+00
0.000000000000000000e+00
5.146300000000000319e-01
0.000000000000000000e+00
0.000000000000000000e+00
0.000000000000000000e+00
0.000000000000000000e+00
6.989800000000000457e-01
0.000000000000000000e+00
0.000000000000000000e+00
0.000000000000000000e+00
6.533099999999999463e-01
0.000000000000000000e+00
0.000000000000000000e+00
8.852299999999999613e-01
0.000000000000000000e+00
5.257199999999999651e-01
0.000000000000000000e+00
0.000000000000000000e+00
7.918800000000000283e-01
0.000000000000000000e+00
4.767799999999999816e-01
0.000000000000000000e+00
0.000000000000000000e+00
0.000000000000000000e+00
7.246299999999999963e-01
0.000000000000000000e+00
0.000000000000000000e+00
0.000000000000000000e+00
0.000000000000000000e+00
6.453999999999999737e-01
0.000000000000000000e+00
0.000000000000000000e+00
0.000000000000000000e+00
0.000000000000000000e+00
6.747800000000000464e-01
0.000000000000000000e+00
0.000000000000000000e+00
0.000000000000000000e+00
0.000000000000000000e+00
0.000000000000000000e+00
6.317099999999999937e-01
0.000000000000000000e+00
5.091400000000000370e-01
0.000000000000000000e+00
6.049200000000000133e-01
0.000000000000000000e+00
0.000000000000000000e+00
5.568999999999999506e-01
0.000000000000000000e+00
0.000000000000000000e+00
0.000000000000000000e+00
7.198099999999999499e-01
0.000000000000000000e+00
5.781800000000000272e-01
0.000000000000000000e+00
0.000000000000000000e+00
0.000000000000000000e+00
6.447000000000000508e-01
0.000000000000000000e+00
0.000000000000000000e+00
9.314099999999999602e-01
0.000000000000000000e+00
0.000000000000000000e+00
0.000000000000000000e+00
5.352200000000000291e-01
0.000000000000000000e+00
1.040129999999999999e+00
0.000000000000000000e+00
5.957700000000000218e-01
0.000000000000000000e+00
7.267799999999999816e-01
0.000000000000000000e+00
0.000000000000000000e+00
0.000000000000000000e+00
0.000000000000000000e+00
8.902700000000000058e-01
0.000000000000000000e+00
6.945099999999999607e-01
0.000000000000000000e+00
6.118999999999999995e-01
0.000000000000000000e+00
0.000000000000000000e+00
0.000000000000000000e+00
6.199000000000000066e-01
0.000000000000000000e+00
0.000000000000000000e+00
0.000000000000000000e+00
0.000000000000000000e+00
0.000000000000000000e+00
5.935899999999999510e-01
0.000000000000000000e+00
0.000000000000000000e+00
0.000000000000000000e+00
0.000000000000000000e+00
7.235300000000000065e-01
0.000000000000000000e+00
0.000000000000000000e+00
6.203899999999999970e-01
0.000000000000000000e+00
5.737100000000000533e-01
0.000000000000000000e+00
0.000000000000000000e+00
0.000000000000000000e+00
6.687400000000000011e-01
0.000000000000000000e+00
1.088000000000000078e+00
0.000000000000000000e+00
0.000000000000000000e+00
6.556999999999999496e-01
0.000000000000000000e+00
0.000000000000000000e+00
0.000000000000000000e+00
0.000000000000000000e+00
0.000000000000000000e+00
0.000000000000000000e+00
5.969999999999999751e-01
0.000000000000000000e+00
0.000000000000000000e+00
5.437899999999999956e-01
0.000000000000000000e+00
5.820999999999999508e-01
0.000000000000000000e+00
0.000000000000000000e+00
0.000000000000000000e+00
8.085999999999999854e-01
0.000000000000000000e+00
6.926400000000000334e-01
0.000000000000000000e+00
5.521800000000000042e-01
0.000000000000000000e+00
0.000000000000000000e+00
0.000000000000000000e+00
1.489670000000000050e+00
0.000000000000000000e+00
0.000000000000000000e+00
0.000000000000000000e+00
0.000000000000000000e+00
7.810500000000000220e-01
0.000000000000000000e+00
8.580699999999999994e-01
0.000000000000000000e+00
0.000000000000000000e+00
0.000000000000000000e+00
0.000000000000000000e+00
0.000000000000000000e+00
0.000000000000000000e+00
0.000000000000000000e+00
0.000000000000000000e+00
0.000000000000000000e+00
0.000000000000000000e+00
0.000000000000000000e+00
0.000000000000000000e+00
0.000000000000000000e+00
0.000000000000000000e+00
0.000000000000000000e+00
0.000000000000000000e+00
0.000000000000000000e+00
0.000000000000000000e+00
0.000000000000000000e+00
0.000000000000000000e+00
0.000000000000000000e+00
0.000000000000000000e+00
6.241299999999999626e-01
0.000000000000000000e+00
0.000000000000000000e+00
0.000000000000000000e+00
6.739000000000000545e-01
0.000000000000000000e+00
0.000000000000000000e+00
0.000000000000000000e+00
1.299390000000000045e+00
0.000000000000000000e+00
0.000000000000000000e+00
0.000000000000000000e+00
0.000000000000000000e+00
7.437099999999999822e-01
0.000000000000000000e+00
0.000000000000000000e+00
0.000000000000000000e+00
5.040299999999999780e-01
0.000000000000000000e+00
7.453400000000000025e-01
0.000000000000000000e+00
0.000000000000000000e+00
0.000000000000000000e+00
5.570199999999999596e-01
0.000000000000000000e+00
0.000000000000000000e+00
4.594199999999999950e-01
0.000000000000000000e+00
6.858499999999999597e-01
0.000000000000000000e+00
0.000000000000000000e+00
5.504099999999999548e-01
0.000000000000000000e+00
0.000000000000000000e+00
0.000000000000000000e+00
4.605299999999999949e-01
0.000000000000000000e+00
1.009889999999999954e+00
0.000000000000000000e+00
8.942600000000000549e-01
0.000000000000000000e+00
9.516900000000000359e-01
0.000000000000000000e+00
0.000000000000000000e+00
6.927999999999999714e-01
0.000000000000000000e+00
0.000000000000000000e+00
8.852700000000000014e-01
0.000000000000000000e+00
0.000000000000000000e+00
5.700199999999999712e-01
0.000000000000000000e+00
0.000000000000000000e+00
0.000000000000000000e+00
5.776999999999999913e-01
0.000000000000000000e+00
5.732300000000000173e-01
0.000000000000000000e+00
0.000000000000000000e+00
0.000000000000000000e+00
1.047709999999999919e+00
0.000000000000000000e+00
0.000000000000000000e+00
0.000000000000000000e+00
0.000000000000000000e+00
6.250099999999999545e-01
0.000000000000000000e+00
7.291199999999999903e-01
0.000000000000000000e+00
0.000000000000000000e+00
0.000000000000000000e+00
5.618100000000000316e-01
0.000000000000000000e+00
0.000000000000000000e+00
6.546999999999999487e-01
0.000000000000000000e+00
0.000000000000000000e+00
0.000000000000000000e+00
0.000000000000000000e+00
0.000000000000000000e+00
5.115499999999999492e-01
0.000000000000000000e+00
7.447300000000000031e-01
0.000000000000000000e+00
0.000000000000000000e+00
0.000000000000000000e+00
6.373100000000000431e-01
0.000000000000000000e+00
0.000000000000000000e+00
0.000000000000000000e+00
0.000000000000000000e+00
9.369899999999999896e-01
0.000000000000000000e+00
0.000000000000000000e+00
8.188400000000000123e-01
0.000000000000000000e+00
0.000000000000000000e+00
4.882500000000000173e-01
0.000000000000000000e+00
0.000000000000000000e+00
0.000000000000000000e+00
5.319099999999999939e-01
0.000000000000000000e+00
0.000000000000000000e+00
8.708299999999999930e-01
0.000000000000000000e+00
0.000000000000000000e+00
7.130499999999999616e-01
0.000000000000000000e+00
0.000000000000000000e+00
0.000000000000000000e+00
6.777800000000000491e-01
0.000000000000000000e+00
6.843900000000000539e-01
0.000000000000000000e+00
9.047800000000000287e-01
0.000000000000000000e+00
0.000000000000000000e+00
0.000000000000000000e+00
0.000000000000000000e+00
8.722600000000000353e-01
0.000000000000000000e+00
0.000000000000000000e+00
6.832000000000000295e-01
0.000000000000000000e+00
0.000000000000000000e+00
0.000000000000000000e+00
4.761900000000000022e-01
0.000000000000000000e+00
0.000000000000000000e+00
0.000000000000000000e+00
6.526999999999999469e-01
0.000000000000000000e+00
7.902599999999999625e-01
0.000000000000000000e+00
0.000000000000000000e+00
0.000000000000000000e+00
0.000000000000000000e+00
5.486900000000000110e-01
0.000000000000000000e+00
0.000000000000000000e+00
5.387699999999999712e-01
0.000000000000000000e+00
0.000000000000000000e+00
1.112849999999999895e+00
0.000000000000000000e+00
0.000000000000000000e+00
0.000000000000000000e+00
5.229399999999999604e-01
0.000000000000000000e+00
0.000000000000000000e+00
7.211400000000000032e-01
0.000000000000000000e+00
8.210300000000000376e-01
0.000000000000000000e+00
0.000000000000000000e+00
0.000000000000000000e+00
8.789000000000000146e-01
0.000000000000000000e+00
0.000000000000000000e+00
1.290729999999999933e+00
0.000000000000000000e+00
0.000000000000000000e+00
0.000000000000000000e+00
5.206600000000000117e-01
0.000000000000000000e+00
0.000000000000000000e+00
0.000000000000000000e+00
5.810899999999999954e-01
0.000000000000000000e+00
0.000000000000000000e+00
8.051500000000000323e-01
0.000000000000000000e+00
0.000000000000000000e+00
0.000000000000000000e+00
0.000000000000000000e+00
0.000000000000000000e+00
0.000000000000000000e+00
0.000000000000000000e+00
1.047039999999999971e+00
0.000000000000000000e+00
0.000000000000000000e+00
0.000000000000000000e+00
6.105199999999999516e-01
0.000000000000000000e+00
0.000000000000000000e+00
0.000000000000000000e+00
0.000000000000000000e+00
0.000000000000000000e+00
9.918299999999999894e-01
0.000000000000000000e+00
0.000000000000000000e+00
5.792100000000000026e-01
0.000000000000000000e+00
7.763799999999999590e-01
0.000000000000000000e+00
0.000000000000000000e+00
9.981999999999999762e-01
0.000000000000000000e+00
0.000000000000000000e+00
0.000000000000000000e+00
0.000000000000000000e+00
0.000000000000000000e+00
7.539700000000000291e-01
0.000000000000000000e+00
0.000000000000000000e+00
0.000000000000000000e+00
0.000000000000000000e+00
5.916099999999999692e-01
0.000000000000000000e+00
5.649100000000000232e-01
0.000000000000000000e+00
0.000000000000000000e+00
0.000000000000000000e+00
0.000000000000000000e+00
5.259599999999999831e-01
0.000000000000000000e+00
0.000000000000000000e+00
0.000000000000000000e+00
0.000000000000000000e+00
0.000000000000000000e+00
4.521399999999999864e-01
0.000000000000000000e+00
0.000000000000000000e+00
6.217700000000000449e-01
0.000000000000000000e+00
0.000000000000000000e+00
6.418300000000000116e-01
0.000000000000000000e+00
0.000000000000000000e+00
5.739499999999999602e-01
0.000000000000000000e+00
0.000000000000000000e+00
6.683099999999999596e-01
0.000000000000000000e+00
0.000000000000000000e+00
0.000000000000000000e+00
5.143400000000000194e-01
0.000000000000000000e+00
0.000000000000000000e+00
5.903399999999999759e-01
0.000000000000000000e+00
5.253799999999999581e-01
0.000000000000000000e+00
0.000000000000000000e+00
6.483799999999999564e-01
0.000000000000000000e+00
0.000000000000000000e+00
6.113199999999999745e-01
0.000000000000000000e+00
0.000000000000000000e+00
5.144499999999999629e-01
0.000000000000000000e+00
0.000000000000000000e+00
0.000000000000000000e+00
6.915099999999999580e-01
0.000000000000000000e+00
0.000000000000000000e+00
0.000000000000000000e+00
5.194900000000000073e-01
0.000000000000000000e+00
5.756499999999999950e-01
0.000000000000000000e+00
0.000000000000000000e+00
5.272499999999999964e-01
0.000000000000000000e+00
0.000000000000000000e+00
5.604700000000000237e-01
0.000000000000000000e+00
0.000000000000000000e+00
0.000000000000000000e+00
0.000000000000000000e+00
0.000000000000000000e+00
6.236500000000000377e-01
0.000000000000000000e+00
0.000000000000000000e+00
6.482400000000000384e-01
0.000000000000000000e+00
0.000000000000000000e+00
0.000000000000000000e+00
0.000000000000000000e+00
0.000000000000000000e+00
0.000000000000000000e+00
0.000000000000000000e+00
0.000000000000000000e+00
0.000000000000000000e+00
0.000000000000000000e+00
0.000000000000000000e+00
0.000000000000000000e+00
0.000000000000000000e+00
0.000000000000000000e+00
0.000000000000000000e+00
0.000000000000000000e+00
0.000000000000000000e+00
0.000000000000000000e+00
0.000000000000000000e+00
0.000000000000000000e+00
0.000000000000000000e+00
0.000000000000000000e+00
5.988700000000000134e-01
0.000000000000000000e+00
0.000000000000000000e+00
4.476299999999999724e-01
0.000000000000000000e+00
0.000000000000000000e+00
4.478500000000000258e-01
0.000000000000000000e+00
0.000000000000000000e+00
5.624000000000000110e-01
0.000000000000000000e+00
6.677100000000000257e-01
0.000000000000000000e+00
5.311200000000000365e-01
0.000000000000000000e+00
0.000000000000000000e+00
5.539300000000000335e-01
0.000000000000000000e+00
8.562699999999999756e-01
0.000000000000000000e+00
0.000000000000000000e+00
8.701999999999999735e-01
0.000000000000000000e+00
0.000000000000000000e+00
5.712800000000000100e-01
0.000000000000000000e+00
0.000000000000000000e+00
9.025300000000000544e-01
0.000000000000000000e+00
0.000000000000000000e+00
0.000000000000000000e+00
0.000000000000000000e+00
6.702700000000000324e-01
0.000000000000000000e+00
0.000000000000000000e+00
0.000000000000000000e+00
7.790700000000000403e-01
0.000000000000000000e+00
6.240999999999999881e-01
0.000000000000000000e+00
0.000000000000000000e+00
8.133399999999999519e-01
0.000000000000000000e+00
5.742899999999999672e-01
0.000000000000000000e+00
0.000000000000000000e+00
8.509499999999999842e-01
0.000000000000000000e+00
0.000000000000000000e+00
0.000000000000000000e+00
6.281499999999999861e-01
0.000000000000000000e+00
0.000000000000000000e+00
1.626039999999999930e+00
0.000000000000000000e+00
7.200900000000000079e-01
0.000000000000000000e+00
9.254000000000000004e-01
0.000000000000000000e+00
0.000000000000000000e+00
0.000000000000000000e+00
5.460000000000000409e-01
0.000000000000000000e+00
0.000000000000000000e+00
0.000000000000000000e+00
6.378099999999999881e-01
0.000000000000000000e+00
5.279199999999999449e-01
0.000000000000000000e+00
0.000000000000000000e+00
0.000000000000000000e+00
0.000000000000000000e+00
0.000000000000000000e+00
8.145799999999999708e-01
0.000000000000000000e+00
0.000000000000000000e+00
9.134999999999999787e-01
0.000000000000000000e+00
0.000000000000000000e+00
0.000000000000000000e+00
0.000000000000000000e+00
0.000000000000000000e+00
4.834200000000000164e-01
0.000000000000000000e+00
0.000000000000000000e+00
7.144599999999999840e-01
0.000000000000000000e+00
0.000000000000000000e+00
5.000200000000000200e-01
0.000000000000000000e+00
0.000000000000000000e+00
0.000000000000000000e+00
0.000000000000000000e+00
0.000000000000000000e+00
7.770399999999999530e-01
0.000000000000000000e+00
0.000000000000000000e+00
9.668700000000000072e-01
0.000000000000000000e+00
0.000000000000000000e+00
7.670500000000000096e-01
0.000000000000000000e+00
0.000000000000000000e+00
0.000000000000000000e+00
0.000000000000000000e+00
4.964799999999999769e-01
0.000000000000000000e+00
0.000000000000000000e+00
1.019470000000000098e+00
0.000000000000000000e+00
0.000000000000000000e+00
6.021199999999999886e-01
0.000000000000000000e+00
0.000000000000000000e+00
1.048999999999999932e+00
0.000000000000000000e+00
0.000000000000000000e+00
0.000000000000000000e+00
0.000000000000000000e+00
0.000000000000000000e+00
0.000000000000000000e+00
0.000000000000000000e+00
6.503299999999999637e-01
0.000000000000000000e+00
0.000000000000000000e+00
6.540200000000000458e-01
0.000000000000000000e+00
8.566500000000000226e-01
0.000000000000000000e+00
0.000000000000000000e+00
9.544500000000000206e-01
0.000000000000000000e+00
0.000000000000000000e+00
0.000000000000000000e+00
0.000000000000000000e+00
4.753399999999999848e-01
0.000000000000000000e+00
0.000000000000000000e+00
0.000000000000000000e+00
6.448000000000000398e-01
0.000000000000000000e+00
5.975599999999999801e-01
0.000000000000000000e+00
0.000000000000000000e+00
7.622700000000000031e-01
0.000000000000000000e+00
0.000000000000000000e+00
9.564399999999999569e-01
0.000000000000000000e+00
0.000000000000000000e+00
0.000000000000000000e+00
6.933399999999999563e-01
0.000000000000000000e+00
6.189400000000000457e-01
0.000000000000000000e+00
5.754000000000000226e-01
0.000000000000000000e+00
0.000000000000000000e+00
0.000000000000000000e+00
5.837799999999999656e-01
0.000000000000000000e+00
6.960100000000000176e-01
0.000000000000000000e+00
5.894200000000000550e-01
0.000000000000000000e+00
0.000000000000000000e+00
5.533099999999999685e-01
0.000000000000000000e+00
0.000000000000000000e+00
0.000000000000000000e+00
6.772599999999999731e-01
0.000000000000000000e+00
0.000000000000000000e+00
0.000000000000000000e+00
5.093999999999999639e-01
0.000000000000000000e+00
0.000000000000000000e+00
5.383799999999999697e-01
0.000000000000000000e+00
0.000000000000000000e+00
8.764999999999999458e-01
0.000000000000000000e+00
0.000000000000000000e+00
5.904700000000000504e-01
0.000000000000000000e+00
7.767899999999999805e-01
0.000000000000000000e+00
0.000000000000000000e+00
5.527100000000000346e-01
0.000000000000000000e+00
0.000000000000000000e+00
0.000000000000000000e+00
5.406699999999999839e-01
0.000000000000000000e+00
0.000000000000000000e+00
7.719000000000000306e-01
0.000000000000000000e+00
0.000000000000000000e+00
0.000000000000000000e+00
5.746299999999999741e-01
0.000000000000000000e+00
6.357300000000000173e-01
0.000000000000000000e+00
0.000000000000000000e+00
0.000000000000000000e+00
0.000000000000000000e+00
0.000000000000000000e+00
7.958100000000000174e-01
0.000000000000000000e+00
0.000000000000000000e+00
0.000000000000000000e+00
6.833900000000000530e-01
0.000000000000000000e+00
0.000000000000000000e+00
6.930800000000000294e-01
0.000000000000000000e+00
0.000000000000000000e+00
0.000000000000000000e+00
0.000000000000000000e+00
4.963199999999999834e-01
0.000000000000000000e+00
6.937699999999999978e-01
0.000000000000000000e+00
0.000000000000000000e+00
0.000000000000000000e+00
0.000000000000000000e+00
5.671500000000000430e-01
0.000000000000000000e+00
0.000000000000000000e+00
0.000000000000000000e+00
5.516100000000000447e-01
0.000000000000000000e+00
7.252999999999999448e-01
0.000000000000000000e+00
0.000000000000000000e+00
0.000000000000000000e+00
5.012799999999999478e-01
0.000000000000000000e+00
0.000000000000000000e+00
0.000000000000000000e+00
0.000000000000000000e+00
0.000000000000000000e+00
0.000000000000000000e+00
5.904700000000000504e-01
0.000000000000000000e+00
0.000000000000000000e+00
0.000000000000000000e+00
7.363800000000000345e-01
0.000000000000000000e+00
0.000000000000000000e+00
0.000000000000000000e+00
4.648900000000000254e-01
0.000000000000000000e+00
0.000000000000000000e+00
5.382500000000000062e-01
0.000000000000000000e+00
9.658999999999999808e-01
0.000000000000000000e+00
0.000000000000000000e+00
0.000000000000000000e+00
0.000000000000000000e+00
0.000000000000000000e+00
0.000000000000000000e+00
5.304999999999999716e-01
0.000000000000000000e+00
0.000000000000000000e+00
0.000000000000000000e+00
0.000000000000000000e+00
0.000000000000000000e+00
6.566100000000000270e-01
0.000000000000000000e+00
0.000000000000000000e+00
0.000000000000000000e+00
0.000000000000000000e+00
0.000000000000000000e+00
4.151799999999999935e-01
0.000000000000000000e+00
0.000000000000000000e+00
0.000000000000000000e+00
0.000000000000000000e+00
0.000000000000000000e+00
0.000000000000000000e+00
0.000000000000000000e+00
0.000000000000000000e+00
0.000000000000000000e+00
0.000000000000000000e+00
0.000000000000000000e+00
