0.000000000000000000e+00
0.000000000000000000e+00
0.000000000000000000e+00
0.000000000000000000e+00
0.000000000000000000e+00
0.000000000000000000e+00
0.000000000000000000e+00
0.000000000000000000e+00
0.000000000000000000e+00
0.000000000000000000e+00
7.620400000000000507e-01
0.000000000000000000e+00
1.224460000000000104e+00
0.000000000000000000e+00
0.000000000000000000e+00
1.039490000000000025e+00
0.000000000000000000e+00
0.000000000000000000e+00
9.484799999999999898e-01
0.000000000000000000e+00
1.448209999999999997e+00
0.000000000000000000e+00
0.000000000000000000e+00
0.000000000000000000e+00
9.461199999999999610e-01
0.000000000000000000e+00
0.000000000000000000e+00
0.000000000000000000e+00
8.936500000000000554e-01
0.000000000000000000e+00
0.000000000000000000e+00
1.616910000000000069e+00
0.000000000000000000e+00
0.000000000000000000e+00
0.000000000000000000e+00
8.154000000000000137e-01
0.000000000000000000e+00
6.360900000000000443e-01
0.000000000000000000e+00
0.000000000000000000e+00
6.861300000000000177e-01
0.000000000000000000e+00
1.163820000000000077e+00
0.000000000000000000e+00
9.487999999999999767e-01
0.000000000000000000e+00
0.000000000000000000e+00
0.000000000000000000e+00
0.000000000000000000e+00
6.686699999999999866e-01
0.000000000000000000e+00
0.000000000000000000e+00
0.000000000000000000e+00
6.254499999999999504e-01
0.000000000000000000e+00
1.374190000000000023e+00
0.000000000000000000e+00
0.000000000000000000e+00
1.582270000000000065e+00
0.000000000000000000e+00
0.000000000000000000e+00
0.000000000000000000e+00
1.389380000000000059e+00
0.000000000000000000e+00
0.000000000000000000e+00
0.000000000000000000e+00
8.781200000000000117e-01
0.000000000000000000e+00
0.000000000000000000e+00
0.000000000000000000e+00
0.000000000000000000e+00
0.000000000000000000e+00
0.000000000000000000e+00
6.071600000000000330e-01
0.000000000000000000e+00
0.000000000000000000e+00
0.000000000000000000e+00
9.672199999999999687e-01
0.000000000000000000e+00
0.000000000000000000e+00
0.000000000000000000e+00
7.931099999999999817e-01
0.000000000000000000e+00
0.000000000000000000e+00
6.476399999999999935e-01
0.000000000000000000e+00
1.045789999999999997e+00
0.000000000000000000e+00
0.000000000000000000e+00
0.000000000000000000e+00
1.276629999999999932e+00
0.000000000000000000e+00
0.000000000000000000e+00
0.000000000000000000e+00
0.000000000000000000e+00
8.388999999999999790e-01
0.000000000000000000e+00
0.000000000000000000e+00
0.000000000000000000e+00
0.000000000000000000e+00
0.000000000000000000e+00
1.927929999999999922e+00
0.000000000000000000e+00
0.000000000000000000e+00
0.000000000000000000e+00
0.000000000000000000e+00
1.215710000000000068e+00
0.000000000000000000e+00
0.000000000000000000e+00
0.000000000000000000e+00
0.000000000000000000e+00
6.791000000000000369e-01
0.000000000000000000e+00
5.754599999999999715e-01
0.000000000000000000e+00
8.852999999999999758e-01
0.000000000000000000e+00
0.000000000000000000e+00
0.000000000000000000e+00
5.827299999999999702e-01
0.000000000000000000e+00
0.000000000000000000e+00
7.863999999999999879e-01
0.000000000000000000e+00
0.000000000000000000e+00
0.000000000000000000e+00
9.117800000000000349e-01
0.000000000000000000e+00
0.000000000000000000e+00
7.350999999999999757e-01
0.000000000000000000e+00
0.000000000000000000e+00
0.000000000000000000e+00
1.384269999999999889e+00
0.000000000000000000e+00
0.000000000000000000e+00
1.561360000000000081e+00
0.000000000000000000e+00
0.000000000000000000e+00
0.000000000000000000e+00
9.676200000000000356e-01
0.000000000000000000e+00
0.000000000000000000e+00
0.000000000000000000e+00
0.000000000000000000e+00
9.077199999999999713e-01
0.000000000000000000e+00
0.000000000000000000e+00
0.000000000000000000e+00
7.364800000000000235e-01
0.000000000000000000e+00
0.000000000000000000e+00
0.000000000000000000e+00
1.031190000000000051e+00
0.000000000000000000e+00
0.000000000000000000e+00
0.000000000000000000e+00
0.000000000000000000e+00
9.962600000000000344e-01
0.000000000000000000e+00
0.000000000000000000e+00
6.033699999999999619e-01
0.000000000000000000e+00
0.000000000000000000e+00
0.000000000000000000e+00
0.000000000000000000e+00
6.151100000000000456e-01
0.000000000000000000e+00
0.000000000000000000e+00
0.000000000000000000e+00
9.228499999999999481e-01
0.000000000000000000e+00
8.203000000000000291e-01
0.000000000000000000e+00
0.000000000000000000e+00
0.000000000000000000e+00
9.986199999999999521e-01
0.000000000000000000e+00
0.000000000000000000e+00
5.978099999999999525e-01
0.000000000000000000e+00
0.000000000000000000e+00
1.926770000000000094e+00
0.000000000000000000e+00
0.000000000000000000e+00
7.803600000000000536e-01
0.000000000000000000e+00
0.000000000000000000e+00
0.000000000000000000e+00
1.091129999999999933e+00
0.000000000000000000e+00
0.000000000000000000e+00
0.000000000000000000e+00
6.936900000000000288e-01
0.000000000000000000e+00
0.000000000000000000e+00
0.000000000000000000e+00
0.000000000000000000e+00
1.143769999999999953e+00
0.000000000000000000e+00
8.168299999999999450e-01
0.000000000000000000e+00
0.000000000000000000e+00
8.932099999999999485e-01
0.000000000000000000e+00
1.019349999999999978e+00
0.000000000000000000e+00
0.000000000000000000e+00
0.000000000000000000e+00
0.000000000000000000e+00
0.000000000000000000e+00
0.000000000000000000e+00
6.394300000000000539e-01
0.000000000000000000e+00
0.000000000000000000e+00
0.000000000000000000e+00
0.000000000000000000e+00
9.950400000000000356e-01
0.000000000000000000e+00
0.000000000000000000e+00
0.000000000000000000e+00
0.000000000000000000e+00
6.609000000000000430e-01
0.000000000000000000e+00
0.000000000000000000e+00
0.000000000000000000e+00
9.137800000000000367e-01
0.000000000000000000e+00
0.000000000000000000e+00
9.311899999999999622e-01
0.000000000000000000e+00
7.765100000000000335e-01
0.000000000000000000e+00
0.000000000000000000e+00
0.000000000000000000e+00
0.000000000000000000e+00
0.000000000000000000e+00
0.000000000000000000e+00
0.000000000000000000e+00
7.541600000000000525e-01
0.000000000000000000e+00
0.000000000000000000e+00
6.156599999999999850e-01
0.000000000000000000e+00
0.000000000000000000e+00
5.828200000000000047e-01
0.000000000000000000e+00
0.000000000000000000e+00
6.185000000000000497e-01
0.000000000000000000e+00
1.705330000000000013e+00
0.000000000000000000e+00
0.000000000000000000e+00
0.000000000000000000e+00
6.637499999999999512e-01
0.000000000000000000e+00
0.000000000000000000e+00
0.000000000000000000e+00
0.000000000000000000e+00
9.132799999999999807e-01
0.000000000000000000e+00
0.000000000000000000e+00
0.000000000000000000e+00
7.596699999999999564e-01
0.000000000000000000e+00
0.000000000000000000e+00
9.751300000000000523e-01
0.000000000000000000e+00
0.000000000000000000e+00
7.142300000000000315e-01
0.000000000000000000e+00
0.000000000000000000e+00
7.442600000000000326e-01
0.000000000000000000e+00
0.000000000000000000e+00
0.000000000000000000e+00
0.000000000000000000e+00
6.545199999999999907e-01
0.000000000000000000e+00
0.000000000000000000e+00
7.440900000000000292e-01
0.000000000000000000e+00
0.000000000000000000e+00
0.000000000000000000e+00
6.122600000000000264e-01
0.000000000000000000e+00
0.000000000000000000e+00
6.032600000000000184e-01
0.000000000000000000e+00
0.000000000000000000e+00
0.000000000000000000e+00
0.000000000000000000e+00
6.370700000000000252e-01
0.000000000000000000e+00
0.000000000000000000e+00
0.000000000000000000e+00
0.000000000000000000e+00
0.000000000000000000e+00
1.124989999999999934e+00
0.000000000000000000e+00
5.691300000000000248e-01
0.000000000000000000e+00
0.000000000000000000e+00
0.000000000000000000e+00
0.000000000000000000e+00
0.000000000000000000e+00
0.000000000000000000e+00
0.000000000000000000e+00
0.000000000000000000e+00
0.000000000000000000e+00
0.000000000000000000e+00
0.000000000000000000e+00
0.000000000000000000e+00
0.000000000000000000e+00
0.000000000000000000e+00
0.000000000000000000e+00
0.000000000000000000e+00
0.000000000000000000e+00
0.000000000000000000e+00
0.000000000000000000e+00
0.000000000000000000e+00
0.000000000000000000e+00
0.000000000000000000e+00
0.000000000000000000e+00
0.000000000000000000e+00
0.000000000000000000e+00
0.000000000000000000e+00
9.225100000000000522e-01
0.000000000000000000e+00
0.000000000000000000e+00
8.831999999999999851e-01
0.000000000000000000e+00
6.663200000000000234e-01
0.000000000000000000e+00
0.000000000000000000e+00
0.000000000000000000e+00
0.000000000000000000e+00
5.284299999999999553e-01
0.000000000000000000e+00
7.115599999999999703e-01
0.000000000000000000e+00
0.000000000000000000e+00
8.017699999999999827e-01
0.000000000000000000e+00
0.000000000000000000e+00
0.000000000000000000e+00
8.872200000000000086e-01
0.000000000000000000e+00
0.000000000000000000e+00
7.532799999999999496e-01
0.000000000000000000e+00
0.000000000000000000e+00
0.000000000000000000e+00
8.748799999999999910e-01
0.000000000000000000e+00
9.286299999999999555e-01
0.000000000000000000e+00
0.000000000000000000e+00
0.000000000000000000e+00
1.015589999999999993e+00
0.000000000000000000e+00
1.378880000000000106e+00
0.000000000000000000e+00
7.450799999999999645e-01
0.000000000000000000e+00
0.000000000000000000e+00
0.000000000000000000e+00
0.000000000000000000e+00
6.420400000000000551e-01
0.000000000000000000e+00
0.000000000000000000e+00
0.000000000000000000e+00
0.000000000000000000e+00
9.675399999999999556e-01
0.000000000000000000e+00
1.485549999999999926e+00
0.000000000000000000e+00
8.507299999999999862e-01
0.000000000000000000e+00
8.042399999999999549e-01
0.000000000000000000e+00
0.000000000000000000e+00
0.000000000000000000e+00
6.498500000000000387e-01
0.000000000000000000e+00
1.011360000000000037e+00
0.000000000000000000e+00
0.000000000000000000e+00
0.000000000000000000e+00
6.340000000000000080e-01
0.000000000000000000e+00
0.000000000000000000e+00
8.836699999999999555e-01
0.000000000000000000e+00
6.402499999999999858e-01
0.000000000000000000e+00
0.000000000000000000e+00
7.072199999999999598e-01
0.000000000000000000e+00
0.000000000000000000e+00
8.040000000000000480e-01
0.000000000000000000e+00
0.000000000000000000e+00
6.196800000000000086e-01
0.000000000000000000e+00
0.000000000000000000e+00
0.000000000000000000e+00
0.000000000000000000e+00
0.000000000000000000e+00
0.000000000000000000e+00
1.058459999999999956e+00
0.000000000000000000e+00
0.000000000000000000e+00
7.451299999999999590e-01
0.000000000000000000e+00
7.295599999999999863e-01
0.000000000000000000e+00
6.558899999999999730e-01
0.000000000000000000e+00
6.319099999999999717e-01
0.000000000000000000e+00
0.000000000000000000e+00
0.000000000000000000e+00
0.000000000000000000e+00
1.466339999999999977e+00
0.000000000000000000e+00
0.000000000000000000e+00
1.046210000000000084e+00
0.000000000000000000e+00
0.000000000000000000e+00
1.005330000000000057e+00
0.000000000000000000e+00
0.000000000000000000e+00
0.000000000000000000e+00
0.000000000000000000e+00
0.000000000000000000e+00
7.215300000000000047e-01
0.000000000000000000e+00
7.039600000000000302e-01
0.000000000000000000e+00
8.140800000000000258e-01
0.000000000000000000e+00
7.749300000000000077e-01
0.000000000000000000e+00
1.253009999999999957e+00
0.000000000000000000e+00
0.000000000000000000e+00
7.668000000000000371e-01
0.000000000000000000e+00
0.000000000000000000e+00
0.000000000000000000e+00
8.067400000000000126e-01
0.000000000000000000e+00
0.000000000000000000e+00
0.000000000000000000e+00
0.000000000000000000e+00
9.029099999999999904e-01
0.000000000000000000e+00
0.000000000000000000e+00
6.911199999999999566e-01
0.000000000000000000e+00
0.000000000000000000e+00
0.000000000000000000e+00
8.344000000000000306e-01
0.000000000000000000e+00
0.000000000000000000e+00
0.000000000000000000e+00
0.000000000000000000e+00
0.000000000000000000e+00
5.960999999999999632e-01
0.000000000000000000e+00
8.354200000000000514e-01
0.000000000000000000e+00
0.000000000000000000e+00
0.000000000000000000e+00
6.286100000000000021e-01
0.000000000000000000e+00
0.000000000000000000e+00
5.841899999999999871e-01
0.000000000000000000e+00
8.360999999999999543e-01
0.000000000000000000e+00
0.000000000000000000e+00
9.919900000000000384e-01
0.000000000000000000e+00
0.000000000000000000e+00
6.160400000000000320e-01
0.000000000000000000e+00
8.452199999999999713e-01
0.000000000000000000e+00
0.000000000000000000e+00
0.000000000000000000e+00
7.561600000000000543e-01
0.000000000000000000e+00
0.000000000000000000e+00
0.000000000000000000e+00
7.387799999999999923e-01
0.000000000000000000e+00
0.000000000000000000e+00
0.000000000000000000e+00
7.401499999999999746e-01
0.000000000000000000e+00
0.000000000000000000e+00
0.000000000000000000e+00
0.000000000000000000e+00
0.000000000000000000e+00
7.588599999999999790e-01
0.000000000000000000e+00
7.858100000000000085e-01
0.000000000000000000e+00
7.275800000000000045e-01
0.000000000000000000e+00
8.816800000000000193e-01
0.000000000000000000e+00
0.000000000000000000e+00
0.000000000000000000e+00
0.000000000000000000e+00
0.000000000000000000e+00
0.000000000000000000e+00
6.673299999999999788e-01
0.000000000000000000e+00
0.000000000000000000e+00
0.000000000000000000e+00
1.049400000000000110e+00
0.000000000000000000e+00
0.000000000000000000e+00
6.345899999999999874e-01
0.000000000000000000e+00
5.928099999999999481e-01
0.000000000000000000e+00
0.000000000000000000e+00
0.000000000000000000e+00
0.000000000000000000e+00
6.364300000000000512e-01
0.000000000000000000e+00
0.000000000000000000e+00
0.000000000000000000e+00
6.319599999999999662e-01
0.000000000000000000e+00
8.467200000000000282e-01
0.000000000000000000e+00
0.000000000000000000e+00
6.869499999999999496e-01
0.000000000000000000e+00
0.000000000000000000e+00
5.927700000000000191e-01
0.000000000000000000e+00
9.132400000000000517e-01
0.000000000000000000e+00
0.000000000000000000e+00
0.000000000000000000e+00
0.000000000000000000e+00
5.494099999999999540e-01
0.000000000000000000e+00
0.000000000000000000e+00
0.000000000000000000e+00
0.000000000000000000e+00
6.447800000000000198e-01
0.000000000000000000e+00
7.395800000000000152e-01
0.000000000000000000e+00
0.000000000000000000e+00
0.000000000000000000e+00
0.000000000000000000e+00
1.547230000000000105e+00
0.000000000000000000e+00
0.000000000000000000e+00
7.311400000000000121e-01
0.000000000000000000e+00
0.000000000000000000e+00
0.000000000000000000e+00
7.096900000000000430e-01
0.000000000000000000e+00
0.000000000000000000e+00
6.471299999999999830e-01
0.000000000000000000e+00
0.000000000000000000e+00
8.376400000000000512e-01
0.000000000000000000e+00
0.000000000000000000e+00
5.856000000000000094e-01
0.000000000000000000e+00
0.000000000000000000e+00
0.000000000000000000e+00
8.622900000000000009e-01
0.000000000000000000e+00
0.000000000000000000e+00
0.000000000000000000e+00
0.000000000000000000e+00
9.111299999999999955e-01
0.000000000000000000e+00
0.000000000000000000e+00
0.000000000000000000e+00
0.000000000000000000e+00
0.000000000000000000e+00
0.000000000000000000e+00
0.000000000000000000e+00
0.000000000000000000e+00
0.000000000000000000e+00
0.000000000000000000e+00
0.000000000000000000e+00
0.000000000000000000e+00
0.000000000000000000e+00
0.000000000000000000e+00
0.000000000000000000e+00
0.000000000000000000e+00
0.000000000000000000e+00
0.000000000000000000e+00
0.000000000000000000e+00
0.000000000000000000e+00
0.000000000000000000e+00
0.000000000000000000e+00
0.000000000000000000e+00
0.000000000000000000e+00
6.370099999999999651e-01
0.000000000000000000e+00
0.000000000000000000e+00
0.000000000000000000e+00
6.736299999999999510e-01
0.000000000000000000e+00
0.000000000000000000e+00
0.000000000000000000e+00
7.450700000000000101e-01
0.000000000000000000e+00
0.000000000000000000e+00
0.000000000000000000e+00
0.000000000000000000e+00
7.555399999999999894e-01
0.000000000000000000e+00
0.000000000000000000e+00
0.000000000000000000e+00
0.000000000000000000e+00
7.744100000000000428e-01
0.000000000000000000e+00
0.000000000000000000e+00
7.161600000000000188e-01
0.000000000000000000e+00
0.000000000000000000e+00
7.300900000000000167e-01
0.000000000000000000e+00
0.000000000000000000e+00
0.000000000000000000e+00
0.000000000000000000e+00
0.000000000000000000e+00
0.000000000000000000e+00
7.009900000000000020e-01
0.000000000000000000e+00
7.496300000000000185e-01
0.000000000000000000e+00
0.000000000000000000e+00
8.032500000000000195e-01
0.000000000000000000e+00
0.000000000000000000e+00
5.947000000000000064e-01
0.000000000000000000e+00
0.000000000000000000e+00
6.381700000000000150e-01
0.000000000000000000e+00
0.000000000000000000e+00
0.000000000000000000e+00
7.129900000000000126e-01
0.000000000000000000e+00
0.000000000000000000e+00
0.000000000000000000e+00
0.000000000000000000e+00
6.977400000000000269e-01
0.000000000000000000e+00
0.000000000000000000e+00
5.385999999999999677e-01
0.000000000000000000e+00
8.018999999999999462e-01
0.000000000000000000e+00
0.000000000000000000e+00
0.000000000000000000e+00
6.231799999999999562e-01
0.000000000000000000e+00
0.000000000000000000e+00
6.784200000000000230e-01
0.000000000000000000e+00
6.730300000000000171e-01
0.000000000000000000e+00
5.939100000000000490e-01
0.000000000000000000e+00
0.000000000000000000e+00
5.748499999999999721e-01
0.000000000000000000e+00
0.000000000000000000e+00
0.000000000000000000e+00
0.000000000000000000e+00
6.360999999999999988e-01
0.000000000000000000e+00
0.000000000000000000e+00
8.548200000000000243e-01
0.000000000000000000e+00
0.000000000000000000e+00
0.000000000000000000e+00
0.000000000000000000e+00
6.301600000000000534e-01
0.000000000000000000e+00
0.000000000000000000e+00
0.000000000000000000e+00
6.887799999999999478e-01
0.000000000000000000e+00
0.000000000000000000e+00
0.000000000000000000e+00
1.054170000000000051e+00
0.000000000000000000e+00
5.794599999999999751e-01
0.000000000000000000e+00
0.000000000000000000e+00
0.000000000000000000e+00
0.000000000000000000e+00
7.409499999999999975e-01
0.000000000000000000e+00
6.569599999999999884e-01
0.000000000000000000e+00
0.000000000000000000e+00
0.000000000000000000e+00
0.000000000000000000e+00
0.000000000000000000e+00
8.373000000000000442e-01
0.000000000000000000e+00
0.000000000000000000e+00
0.000000000000000000e+00
6.583400000000000363e-01
0.000000000000000000e+00
4.937599999999999767e-01
0.000000000000000000e+00
0.000000000000000000e+00
5.608999999999999542e-01
0.000000000000000000e+00
6.884700000000000264e-01
0.000000000000000000e+00
6.830100000000000060e-01
0.000000000000000000e+00
0.000000000000000000e+00
7.431200000000000028e-01
0.000000000000000000e+00
0.000000000000000000e+00
0.000000000000000000e+00
0.000000000000000000e+00
6.432299999999999685e-01
0.000000000000000000e+00
7.264300000000000201e-01
0.000000000000000000e+00
0.000000000000000000e+00
0.000000000000000000e+00
5.837700000000000111e-01
0.000000000000000000e+00
0.000000000000000000e+00
0.000000000000000000e+00
0.000000000000000000e+00
6.736699999999999910e-01
0.000000000000000000e+00
0.000000000000000000e+00
5.887700000000000156e-01
0.000000000000000000e+00
0.000000000000000000e+00
1.286569999999999991e+00
0.000000000000000000e+00
0.000000000000000000e+00
0.000000000000000000e+00
0.000000000000000000e+00
1.277570000000000094e+00
0.000000000000000000e+00
0.000000000000000000e+00
0.000000000000000000e+00
6.621599999999999708e-01
0.000000000000000000e+00
0.000000000000000000e+00
0.000000000000000000e+00
0.000000000000000000e+00
8.043799999999999839e-01
0.000000000000000000e+00
0.000000000000000000e+00
0.000000000000000000e+00
0.000000000000000000e+00
5.075199999999999712e-01
0.000000000000000000e+00
6.005399999999999627e-01
0.000000000000000000e+00
0.000000000000000000e+00
0.000000000000000000e+00
7.142399999999999860e-01
0.000000000000000000e+00
0.000000000000000000e+00
0.000000000000000000e+00
5.566400000000000237e-01
0.000000000000000000e+00
0.000000000000000000e+00
0.000000000000000000e+00
0.000000000000000000e+00
6.557199999999999696e-01
0.000000000000000000e+00
1.916120000000000045e+00
0.000000000000000000e+00
0.000000000000000000e+00
9.007399999999999851e-01
0.000000000000000000e+00
0.000000000000000000e+00
0.000000000000000000e+00
8.078800000000000425e-01
0.000000000000000000e+00
0.000000000000000000e+00
0.000000000000000000e+00
0.000000000000000000e+00
0.000000000000000000e+00
7.701900000000000412e-01
0.000000000000000000e+00
0.000000000000000000e+00
0.000000000000000000e+00
0.000000000000000000e+00
6.147899999999999476e-01
0.000000000000000000e+00
0.000000000000000000e+00
5.482399999999999496e-01
0.000000000000000000e+00
0.000000000000000000e+00
0.000000000000000000e+00
8.544000000000000483e-01
0.000000000000000000e+00
8.691999999999999726e-01
0.000000000000000000e+00
4.589199999999999946e-01
0.000000000000000000e+00
0.000000000000000000e+00
0.000000000000000000e+00
5.946700000000000319e-01
0.000000000000000000e+00
0.000000000000000000e+00
9.401399999999999757e-01
0.000000000000000000e+00
0.000000000000000000e+00
0.000000000000000000e+00
6.769500000000000517e-01
0.000000000000000000e+00
0.000000000000000000e+00
0.000000000000000000e+00
7.006700000000000150e-01
0.000000000000000000e+00
1.092680000000000096e+00
0.000000000000000000e+00
6.646100000000000341e-01
0.000000000000000000e+00
1.402479999999999949e+00
0.000000000000000000e+00
0.000000000000000000e+00
7.323399999999999910e-01
0.000000000000000000e+00
0.000000000000000000e+00
9.265099999999999447e-01
0.000000000000000000e+00
0.000000000000000000e+00
0.000000000000000000e+00
0.000000000000000000e+00
6.904400000000000537e-01
0.000000000000000000e+00
0.000000000000000000e+00
0.000000000000000000e+00
8.398499999999999854e-01
0.000000000000000000e+00
0.000000000000000000e+00
8.381300000000000416e-01
0.000000000000000000e+00
7.391900000000000137e-01
0.000000000000000000e+00
0.000000000000000000e+00
0.000000000000000000e+00
0.000000000000000000e+00
7.616100000000000092e-01
0.000000000000000000e+00
0.000000000000000000e+00
7.595199999999999729e-01
0.000000000000000000e+00
0.000000000000000000e+00
0.000000000000000000e+00
7.629299999999999971e-01
0.000000000000000000e+00
0.000000000000000000e+00
8.927300000000000235e-01
0.000000000000000000e+00
0.000000000000000000e+00
7.539500000000000091e-01
0.000000000000000000e+00
0.000000000000000000e+00
0.000000000000000000e+00
7.765300000000000535e-01
0.000000000000000000e+00
0.000000000000000000e+00
6.705299999999999594e-01
0.000000000000000000e+00
0.000000000000000000e+00
0.000000000000000000e+00
1.876160000000000050e+00
0.000000000000000000e+00
0.000000000000000000e+00
0.000000000000000000e+00
0.000000000000000000e+00
0.000000000000000000e+00
0.000000000000000000e+00
0.000000000000000000e+00
0.000000000000000000e+00
0.000000000000000000e+00
0.000000000000000000e+00
0.000000000000000000e+00
0.000000000000000000e+00
0.000000000000000000e+00
0.000000000000000000e+00
0.000000000000000000e+00
0.000000000000000000e+00
0.000000000000000000e+00
0.000000000000000000e+00
0.000000000000000000e+00
0.000000000000000000e+00
0.000000000000000000e+00
7.283100000000000129e-01
0.000000000000000000e+00
0.000000000000000000e+00
0.000000000000000000e+00
5.997900000000000453e-01
0.000000000000000000e+00
5.531399999999999650e-01
0.000000000000000000e+00
0.000000000000000000e+00
5.345699999999999896e-01
0.000000000000000000e+00
0.000000000000000000e+00
0.000000000000000000e+00
7.429000000000000048e-01
0.000000000000000000e+00
0.000000000000000000e+00
8.047299999999999454e-01
0.000000000000000000e+00
0.000000000000000000e+00
8.856600000000000028e-01
0.000000000000000000e+00
0.000000000000000000e+00
1.165159999999999973e+00
0.000000000000000000e+00
0.000000000000000000e+00
0.000000000000000000e+00
7.198999999999999844e-01
0.000000000000000000e+00
0.000000000000000000e+00
1.115029999999999966e+00
0.000000000000000000e+00
1.057029999999999914e+00
0.000000000000000000e+00
0.000000000000000000e+00
0.000000000000000000e+00
7.286500000000000199e-01
0.000000000000000000e+00
0.000000000000000000e+00
1.016610000000000014e+00
0.000000000000000000e+00
0.000000000000000000e+00
0.000000000000000000e+00
1.017169999999999908e+00
0.000000000000000000e+00
1.309900000000000064e+00
0.000000000000000000e+00
0.000000000000000000e+00
0.000000000000000000e+00
1.357150000000000079e+00
0.000000000000000000e+00
0.000000000000000000e+00
0.000000000000000000e+00
0.000000000000000000e+00
7.077499999999999902e-01
0.000000000000000000e+00
0.000000000000000000e+00
6.631700000000000372e-01
0.000000000000000000e+00
0.000000000000000000e+00
0.000000000000000000e+00
7.408799999999999830e-01
0.000000000000000000e+00
0.000000000000000000e+00
0.000000000000000000e+00
5.593900000000000539e-01
0.000000000000000000e+00
7.025599999999999623e-01
0.000000000000000000e+00
7.308099999999999596e-01
0.000000000000000000e+00
5.882100000000000106e-01
0.000000000000000000e+00
0.000000000000000000e+00
0.000000000000000000e+00
6.743099999999999650e-01
0.000000000000000000e+00
0.000000000000000000e+00
0.000000000000000000e+00
6.766199999999999992e-01
0.000000000000000000e+00
0.000000000000000000e+00
0.000000000000000000e+00
8.762499999999999734e-01
0.000000000000000000e+00
7.809300000000000130e-01
0.000000000000000000e+00
0.000000000000000000e+00
0.000000000000000000e+00
4.729400000000000270e-01
0.000000000000000000e+00
0.000000000000000000e+00
0.000000000000000000e+00
0.000000000000000000e+00
0.000000000000000000e+00
0.000000000000000000e+00
6.824799999999999756e-01
0.000000000000000000e+00
8.213899999999999535e-01
0.000000000000000000e+00
6.447500000000000453e-01
0.000000000000000000e+00
8.267400000000000304e-01
0.000000000000000000e+00
0.000000000000000000e+00
0.000000000000000000e+00
0.000000000000000000e+00
6.743999999999999995e-01
0.000000000000000000e+00
0.000000000000000000e+00
5.823099999999999943e-01
0.000000000000000000e+00
8.875800000000000356e-01
0.000000000000000000e+00
6.463600000000000456e-01
0.000000000000000000e+00
0.000000000000000000e+00
0.000000000000000000e+00
7.043199999999999461e-01
0.000000000000000000e+00
0.000000000000000000e+00
5.943399999999999794e-01
0.000000000000000000e+00
0.000000000000000000e+00
8.416000000000000147e-01
0.000000000000000000e+00
0.000000000000000000e+00
6.240499999999999936e-01
0.000000000000000000e+00
6.784200000000000230e-01
0.000000000000000000e+00
0.000000000000000000e+00
7.034200000000000452e-01
0.000000000000000000e+00
0.000000000000000000e+00
0.000000000000000000e+00
5.854399999999999604e-01
0.000000000000000000e+00
6.541000000000000147e-01
0.000000000000000000e+00
0.000000000000000000e+00
6.183899999999999952e-01
0.000000000000000000e+00
0.000000000000000000e+00
5.945000000000000284e-01
0.000000000000000000e+00
0.000000000000000000e+00
5.628400000000000070e-01
0.000000000000000000e+00
7.067600000000000549e-01
0.000000000000000000e+00
0.000000000000000000e+00
0.000000000000000000e+00
0.000000000000000000e+00
6.236300000000000177e-01
0.000000000000000000e+00
0.000000000000000000e+00
0.000000000000000000e+00
0.000000000000000000e+00
0.000000000000000000e+00
6.062699999999999756e-01
0.000000000000000000e+00
0.000000000000000000e+00
0.000000000000000000e+00
7.739599999999999813e-01
0.000000000000000000e+00
0.000000000000000000e+00
0.000000000000000000e+00
0.000000000000000000e+00
0.000000000000000000e+00
6.866400000000000281e-01
0.000000000000000000e+00
0.000000000000000000e+00
1.041630000000000056e+00
0.000000000000000000e+00
7.890099999999999891e-01
0.000000000000000000e+00
0.000000000000000000e+00
0.000000000000000000e+00
0.000000000000000000e+00
7.017099999999999449e-01
0.000000000000000000e+00
0.000000000000000000e+00
5.800800000000000400e-01
0.000000000000000000e+00
5.765400000000000524e-01
0.000000000000000000e+00
7.933700000000000196e-01
0.000000000000000000e+00
0.000000000000000000e+00
6.285600000000000076e-01
0.000000000000000000e+00
0.000000000000000000e+00
7.074700000000000433e-01
0.000000000000000000e+00
0.000000000000000000e+00
0.000000000000000000e+00
9.264999999999999902e-01
0.000000000000000000e+00
6.378899999999999570e-01
0.000000000000000000e+00
0.000000000000000000e+00
7.192199999999999704e-01
0.000000000000000000e+00
0.000000000000000000e+00
0.000000000000000000e+00
6.786600000000000410e-01
0.000000000000000000e+00
0.000000000000000000e+00
0.000000000000000000e+00
0.000000000000000000e+00
6.789100000000000135e-01
0.000000000000000000e+00
6.224800000000000333e-01
0.000000000000000000e+00
0.000000000000000000e+00
0.000000000000000000e+00
6.058999999999999941e-01
0.000000000000000000e+00
0.000000000000000000e+00
1.913410000000000055e+00
0.000000000000000000e+00
0.000000000000000000e+00
0.000000000000000000e+00
6.500700000000000367e-01
0.000000000000000000e+00
0.000000000000000000e+00
0.000000000000000000e+00
5.597999999999999643e-01
0.000000000000000000e+00
6.062499999999999556e-01
0.000000000000000000e+00
0.000000000000000000e+00
8.070500000000000451e-01
0.000000000000000000e+00
0.000000000000000000e+00
0.000000000000000000e+00
7.566399999999999793e-01
0.000000000000000000e+00
0.000000000000000000e+00
0.000000000000000000e+00
0.000000000000000000e+00
6.199999999999999956e-01
0.000000000000000000e+00
5.322000000000000064e-01
0.000000000000000000e+00
7.331400000000000139e-01
0.000000000000000000e+00
9.941999999999999726e-01
0.000000000000000000e+00
0.000000000000000000e+00
6.438000000000000389e-01
0.000000000000000000e+00
0.000000000000000000e+00
0.000000000000000000e+00
5.891899999999999915e-01
0.000000000000000000e+00
0.000000000000000000e+00
7.732799999999999674e-01
0.000000000000000000e+00
0.000000000000000000e+00
0.000000000000000000e+00
0.000000000000000000e+00
0.000000000000000000e+00
0.000000000000000000e+00
0.000000000000000000e+00
0.000000000000000000e+00
0.000000000000000000e+00
0.000000000000000000e+00
0.000000000000000000e+00
0.000000000000000000e+00
0.000000000000000000e+00
0.000000000000000000e+00
0.000000000000000000e+00
0.000000000000000000e+00
0.000000000000000000e+00
0.000000000000000000e+00
0.000000000000000000e+00
0.000000000000000000e+00
0.000000000000000000e+00
7.300299999999999567e-01
0.000000000000000000e+00
0.000000000000000000e+00
0.000000000000000000e+00
0.000000000000000000e+00
7.902700000000000280e-01
0.000000000000000000e+00
7.342300000000000493e-01
0.000000000000000000e+00
0.000000000000000000e+00
0.000000000000000000e+00
0.000000000000000000e+00
6.564900000000000180e-01
0.000000000000000000e+00
5.543700000000000294e-01
0.000000000000000000e+00
0.000000000000000000e+00
0.000000000000000000e+00
5.555099999999999483e-01
0.000000000000000000e+00
0.000000000000000000e+00
0.000000000000000000e+00
7.470200000000000173e-01
0.000000000000000000e+00
0.000000000000000000e+00
0.000000000000000000e+00
0.000000000000000000e+00
0.000000000000000000e+00
6.467600000000000016e-01
0.000000000000000000e+00
0.000000000000000000e+00
5.667200000000000015e-01
0.000000000000000000e+00
0.000000000000000000e+00
0.000000000000000000e+00
0.000000000000000000e+00
6.830300000000000260e-01
0.000000000000000000e+00
0.000000000000000000e+00
0.000000000000000000e+00
5.607100000000000417e-01
0.000000000000000000e+00
0.000000000000000000e+00
4.455100000000000171e-01
0.000000000000000000e+00
6.638100000000000112e-01
0.000000000000000000e+00
0.000000000000000000e+00
0.000000000000000000e+00
0.000000000000000000e+00
5.918299999999999672e-01
0.000000000000000000e+00
0.000000000000000000e+00
0.000000000000000000e+00
0.000000000000000000e+00
0.000000000000000000e+00
0.000000000000000000e+00
8.734800000000000342e-01
0.000000000000000000e+00
0.000000000000000000e+00
0.000000000000000000e+00
6.509000000000000341e-01
0.000000000000000000e+00
0.000000000000000000e+00
7.760700000000000376e-01
0.000000000000000000e+00
0.000000000000000000e+00
6.136200000000000543e-01
0.000000000000000000e+00
0.000000000000000000e+00
0.000000000000000000e+00
0.000000000000000000e+00
0.000000000000000000e+00
9.528999999999999693e-01
0.000000000000000000e+00
0.000000000000000000e+00
6.723200000000000287e-01
0.000000000000000000e+00
0.000000000000000000e+00
8.626899999999999569e-01
0.000000000000000000e+00
0.000000000000000000e+00
0.000000000000000000e+00
6.947299999999999587e-01
0.000000000000000000e+00
6.840600000000000014e-01
0.000000000000000000e+00
7.106200000000000294e-01
0.000000000000000000e+00
6.509700000000000486e-01
0.000000000000000000e+00
0.000000000000000000e+00
0.000000000000000000e+00
0.000000000000000000e+00
6.771300000000000097e-01
0.000000000000000000e+00
1.296280000000000099e+00
0.000000000000000000e+00
0.000000000000000000e+00
0.000000000000000000e+00
6.481000000000000094e-01
0.000000000000000000e+00
0.000000000000000000e+00
7.269600000000000506e-01
0.000000000000000000e+00
0.000000000000000000e+00
5.817799999999999638e-01
0.000000000000000000e+00
0.000000000000000000e+00
0.000000000000000000e+00
4.085300000000000042e-01
0.000000000000000000e+00
0.000000000000000000e+00
0.000000000000000000e+00
0.000000000000000000e+00
0.000000000000000000e+00
6.192600000000000326e-01
0.000000000000000000e+00
0.000000000000000000e+00
0.000000000000000000e+00
9.299100000000000144e-01
0.000000000000000000e+00
8.338200000000000056e-01
0.000000000000000000e+00
0.000000000000000000e+00
6.022600000000000176e-01
0.000000000000000000e+00
0.000000000000000000e+00
0.000000000000000000e+00
0.000000000000000000e+00
0.000000000000000000e+00
6.388500000000000290e-01
0.000000000000000000e+00
0.000000000000000000e+00
5.800699999999999745e-01
0.000000000000000000e+00
0.000000000000000000e+00
0.000000000000000000e+00
7.294399999999999773e-01
0.000000000000000000e+00
0.000000000000000000e+00
0.000000000000000000e+00
0.000000000000000000e+00
6.428300000000000125e-01
0.000000000000000000e+00
7.238599999999999479e-01
0.000000000000000000e+00
0.000000000000000000e+00
6.579199999999999493e-01
0.000000000000000000e+00
0.000000000000000000e+00
0.000000000000000000e+00
0.000000000000000000e+00
5.311000000000000165e-01
0.000000000000000000e+00
0.000000000000000000e+00
0.000000000000000000e+00
0.000000000000000000e+00
0.000000000000000000e+00
0.000000000000000000e+00
0.000000000000000000e+00
8.471499999999999586e-01
0.000000000000000000e+00
9.391000000000000458e-01
0.000000000000000000e+00
8.264099999999999779e-01
0.000000000000000000e+00
8.718599999999999683e-01
0.000000000000000000e+00
8.273300000000000098e-01
0.000000000000000000e+00
0.000000000000000000e+00
7.663100000000000467e-01
0.000000000000000000e+00
0.000000000000000000e+00
0.000000000000000000e+00
0.000000000000000000e+00
0.000000000000000000e+00
7.513100000000000334e-01
0.000000000000000000e+00
7.294399999999999773e-01
0.000000000000000000e+00
7.826499999999999568e-01
0.000000000000000000e+00
0.000000000000000000e+00
0.000000000000000000e+00
5.792699999999999516e-01
0.000000000000000000e+00
5.485499999999999821e-01
0.000000000000000000e+00
0.000000000000000000e+00
0.000000000000000000e+00
6.310499999999999998e-01
0.000000000000000000e+00
5.852000000000000535e-01
0.000000000000000000e+00
0.000000000000000000e+00
0.000000000000000000e+00
0.000000000000000000e+00
5.887799999999999701e-01
0.000000000000000000e+00
0.000000000000000000e+00
0.000000000000000000e+00
0.000000000000000000e+00
0.000000000000000000e+00
0.000000000000000000e+00
1.123820000000000041e+00
0.000000000000000000e+00
0.000000000000000000e+00
0.000000000000000000e+00
6.305899999999999839e-01
0.000000000000000000e+00
0.000000000000000000e+00
5.946799999999999864e-01
0.000000000000000000e+00
0.000000000000000000e+00
0.000000000000000000e+00
6.982199999999999518e-01
0.000000000000000000e+00
0.000000000000000000e+00
6.639599999999999946e-01
0.000000000000000000e+00
0.000000000000000000e+00
0.000000000000000000e+00
0.000000000000000000e+00
0.000000000000000000e+00
8.110800000000000232e-01
0.000000000000000000e+00
1.074410000000000087e+00
0.000000000000000000e+00
0.000000000000000000e+00
1.822969999999999979e+00
0.000000000000000000e+00
0.000000000000000000e+00
0.000000000000000000e+00
0.000000000000000000e+00
5.875299999999999967e-01
0.000000000000000000e+00
0.000000000000000000e+00
0.000000000000000000e+00
0.000000000000000000e+00
6.593900000000000317e-01
0.000000000000000000e+00
0.000000000000000000e+00
7.044700000000000406e-01
0.000000000000000000e+00
9.642800000000000260e-01
0.000000000000000000e+00
6.150200000000000111e-01
0.000000000000000000e+00
1.002040000000000042e+00
0.000000000000000000e+00
1.142530000000000046e+00
0.000000000000000000e+00
0.000000000000000000e+00
5.884399999999999631e-01
0.000000000000000000e+00
0.000000000000000000e+00
6.896099999999999453e-01
0.000000000000000000e+00
0.000000000000000000e+00
1.576189999999999980e+00
0.000000000000000000e+00
0.000000000000000000e+00
4.804300000000000237e-01
0.000000000000000000e+00
0.000000000000000000e+00
0.000000000000000000e+00
4.759200000000000097e-01
0.000000000000000000e+00
6.460799999999999876e-01
0.000000000000000000e+00
0.000000000000000000e+00
6.049099999999999477e-01
0.000000000000000000e+00
0.000000000000000000e+00
7.830700000000000438e-01
0.000000000000000000e+00
0.000000000000000000e+00
0.000000000000000000e+00
0.000000000000000000e+00
6.162199999999999900e-01
0.000000000000000000e+00
0.000000000000000000e+00
0.000000000000000000e+00
0.000000000000000000e+00
0.000000000000000000e+00
0.000000000000000000e+00
0.000000000000000000e+00
0.000000000000000000e+00
0.000000000000000000e+00
0.000000000000000000e+00
0.000000000000000000e+00
0.000000000000000000e+00
0.000000000000000000e+00
0.000000000000000000e+00
0.000000000000000000e+00
0.000000000000000000e+00
0.000000000000000000e+00
0.000000000000000000e+00
0.000000000000000000e+00
0.000000000000000000e+00
0.000000000000000000e+00
0.000000000000000000e+00
0.000000000000000000e+00
7.482400000000000162e-01
0.000000000000000000e+00
0.000000000000000000e+00
5.746499999999999941e-01
0.000000000000000000e+00
0.000000000000000000e+00
6.888900000000000023e-01
0.000000000000000000e+00
0.000000000000000000e+00
0.000000000000000000e+00
6.081900000000000084e-01
0.000000000000000000e+00
0.000000000000000000e+00
0.000000000000000000e+00
0.000000000000000000e+00
5.797200000000000131e-01
0.000000000000000000e+00
0.000000000000000000e+00
5.534499999999999975e-01
0.000000000000000000e+00
0.000000000000000000e+00
0.000000000000000000e+00
6.393100000000000449e-01
0.000000000000000000e+00
0.000000000000000000e+00
0.000000000000000000e+00
5.668299999999999450e-01
0.000000000000000000e+00
0.000000000000000000e+00
9.234400000000000386e-01
0.000000000000000000e+00
5.636799999999999589e-01
0.000000000000000000e+00
6.860500000000000487e-01
0.000000000000000000e+00
0.000000000000000000e+00
0.000000000000000000e+00
5.185100000000000264e-01
0.000000000000000000e+00
8.862200000000000077e-01
0.000000000000000000e+00
0.000000000000000000e+00
0.000000000000000000e+00
0.000000000000000000e+00
8.893199999999999994e-01
0.000000000000000000e+00
0.000000000000000000e+00
0.000000000000000000e+00
0.000000000000000000e+00
7.258499999999999952e-01
0.000000000000000000e+00
0.000000000000000000e+00
8.345000000000000195e-01
0.000000000000000000e+00
1.001619999999999955e+00
0.000000000000000000e+00
5.710499999999999465e-01
0.000000000000000000e+00
0.000000000000000000e+00
0.000000000000000000e+00
0.000000000000000000e+00
6.713599999999999568e-01
0.000000000000000000e+00
0.000000000000000000e+00
9.487799999999999567e-01
0.000000000000000000e+00
0.000000000000000000e+00
6.660399999999999654e-01
0.000000000000000000e+00
0.000000000000000000e+00
8.097999999999999643e-01
0.000000000000000000e+00
0.000000000000000000e+00
5.513799999999999812e-01
0.000000000000000000e+00
0.000000000000000000e+00
8.822799999999999532e-01
0.000000000000000000e+00
0.000000000000000000e+00
0.000000000000000000e+00
0.000000000000000000e+00
0.000000000000000000e+00
0.000000000000000000e+00
1.759069999999999911e+00
0.000000000000000000e+00
0.000000000000000000e+00
0.000000000000000000e+00
0.000000000000000000e+00
6.266500000000000403e-01
0.000000000000000000e+00
0.000000000000000000e+00
0.000000000000000000e+00
6.609699999999999465e-01
0.000000000000000000e+00
0.000000000000000000e+00
6.038599999999999524e-01
0.000000000000000000e+00
6.913300000000000001e-01
0.000000000000000000e+00
0.000000000000000000e+00
5.834700000000000442e-01
0.000000000000000000e+00
0.000000000000000000e+00
6.281999999999999806e-01
0.000000000000000000e+00
0.000000000000000000e+00
0.000000000000000000e+00
0.000000000000000000e+00
0.000000000000000000e+00
7.841599999999999682e-01
0.000000000000000000e+00
4.701099999999999723e-01
0.000000000000000000e+00
8.035200000000000120e-01
0.000000000000000000e+00
9.402500000000000302e-01
0.000000000000000000e+00
0.000000000000000000e+00
6.206399999999999695e-01
0.000000000000000000e+00
0.000000000000000000e+00
1.923629999999999951e+00
0.000000000000000000e+00
0.000000000000000000e+00
7.145299999999999985e-01
0.000000000000000000e+00
0.000000000000000000e+00
0.000000000000000000e+00
0.000000000000000000e+00
5.019099999999999673e-01
0.000000000000000000e+00
0.000000000000000000e+00
0.000000000000000000e+00
6.362700000000000022e-01
0.000000000000000000e+00
5.976399999999999491e-01
0.000000000000000000e+00
0.000000000000000000e+00
0.000000000000000000e+00
8.524800000000000155e-01
0.000000000000000000e+00
7.731799999999999784e-01
0.000000000000000000e+00
0.000000000000000000e+00
0.000000000000000000e+00
6.912300000000000111e-01
0.000000000000000000e+00
5.896700000000000275e-01
0.000000000000000000e+00
0.000000000000000000e+00
0.000000000000000000e+00
0.000000000000000000e+00
0.000000000000000000e+00
7.621099999999999541e-01
0.000000000000000000e+00
6.413400000000000212e-01
0.000000000000000000e+00
0.000000000000000000e+00
0.000000000000000000e+00
1.652840000000000087e+00
0.000000000000000000e+00
8.812799999999999523e-01
0.000000000000000000e+00
0.000000000000000000e+00
0.000000000000000000e+00
0.000000000000000000e+00
0.000000000000000000e+00
0.000000000000000000e+00
6.440500000000000114e-01
0.000000000000000000e+00
0.000000000000000000e+00
0.000000000000000000e+00
7.942299999999999915e-01
0.000000000000000000e+00
0.000000000000000000e+00
0.000000000000000000e+00
6.001800000000000468e-01
0.000000000000000000e+00
0.000000000000000000e+00
1.306110000000000104e+00
0.000000000000000000e+00
0.000000000000000000e+00
1.055870000000000086e+00
0.000000000000000000e+00
6.332900000000000196e-01
0.000000000000000000e+00
0.000000000000000000e+00
8.711799999999999544e-01
0.000000000000000000e+00
0.000000000000000000e+00
0.000000000000000000e+00
0.000000000000000000e+00
6.401700000000000168e-01
0.000000000000000000e+00
8.107100000000000417e-01
0.000000000000000000e+00
0.000000000000000000e+00
0.000000000000000000e+00
0.000000000000000000e+00
7.524399999999999977e-01
0.000000000000000000e+00
0.000000000000000000e+00
0.000000000000000000e+00
7.212899999999999867e-01
0.000000000000000000e+00
6.225500000000000478e-01
0.000000000000000000e+00
0.000000000000000000e+00
0.000000000000000000e+00
0.000000000000000000e+00
6.353699999999999903e-01
0.000000000000000000e+00
0.000000000000000000e+00
0.000000000000000000e+00
0.000000000000000000e+00
0.000000000000000000e+00
7.402600000000000291e-01
0.000000000000000000e+00
0.000000000000000000e+00
0.000000000000000000e+00
0.000000000000000000e+00
7.277599999999999625e-01
0.000000000000000000e+00
0.000000000000000000e+00
5.608300000000000507e-01
0.000000000000000000e+00
7.749599999999999822e-01
0.000000000000000000e+00
0.000000000000000000e+00
1.927990000000000093e+00
0.000000000000000000e+00
0.000000000000000000e+00
1.200000000000000030e-04
0.000000000000000000e+00
0.000000000000000000e+00
0.000000000000000000e+00
0.000000000000000000e+00
5.509899999999999798e-01
0.000000000000000000e+00
7.973099999999999632e-01
0.000000000000000000e+00
0.000000000000000000e+00
7.405800000000000161e-01
0.000000000000000000e+00
0.000000000000000000e+00
5.991199999999999859e-01
0.000000000000000000e+00
0.000000000000000000e+00
0.000000000000000000e+00
1.927170000000000050e+00
0.000000000000000000e+00
1.733170000000000099e+00
0.000000000000000000e+00
0.000000000000000000e+00
8.130500000000000504e-01
0.000000000000000000e+00
5.732300000000000173e-01
0.000000000000000000e+00
6.597199999999999731e-01
0.000000000000000000e+00
1.390759999999999996e+00
0.000000000000000000e+00
0.000000000000000000e+00
0.000000000000000000e+00
0.000000000000000000e+00
5.076800000000000201e-01
0.000000000000000000e+00
0.000000000000000000e+00
6.220799999999999663e-01
0.000000000000000000e+00
0.000000000000000000e+00
0.000000000000000000e+00
0.000000000000000000e+00
0.000000000000000000e+00
0.000000000000000000e+00
0.000000000000000000e+00
0.000000000000000000e+00
0.000000000000000000e+00
0.000000000000000000e+00
0.000000000000000000e+00
0.000000000000000000e+00
0.000000000000000000e+00
