0.000000000000000000e+00
0.000000000000000000e+00
0.000000000000000000e+00
0.000000000000000000e+00
0.000000000000000000e+00
0.000000000000000000e+00
0.000000000000000000e+00
0.000000000000000000e+00
0.000000000000000000e+00
0.000000000000000000e+00
8.461199999999999832e-01
0.000000000000000000e+00
0.000000000000000000e+00
5.320500000000000229e-01
0.000000000000000000e+00
0.000000000000000000e+00
0.000000000000000000e+00
9.341899999999999649e-01
0.000000000000000000e+00
5.576499999999999790e-01
0.000000000000000000e+00
0.000000000000000000e+00
0.000000000000000000e+00
6.023500000000000520e-01
0.000000000000000000e+00
5.428600000000000092e-01
0.000000000000000000e+00
0.000000000000000000e+00
5.192700000000000093e-01
0.000000000000000000e+00
4.927000000000000268e-01
0.000000000000000000e+00
0.000000000000000000e+00
0.000000000000000000e+00
5.276800000000000379e-01
0.000000000000000000e+00
0.000000000000000000e+00
0.000000000000000000e+00
1.101429999999999909e+00
0.000000000000000000e+00
0.000000000000000000e+00
0.000000000000000000e+00
6.484100000000000419e-01
0.000000000000000000e+00
0.000000000000000000e+00
6.571900000000000519e-01
0.000000000000000000e+00
1.713389999999999969e+00
0.000000000000000000e+00
0.000000000000000000e+00
5.465700000000000003e-01
0.000000000000000000e+00
0.000000000000000000e+00
4.919299999999999784e-01
0.000000000000000000e+00
0.000000000000000000e+00
0.000000000000000000e+00
0.000000000000000000e+00
0.000000000000000000e+00
1.744539999999999980e+00
0.000000000000000000e+00
0.000000000000000000e+00
6.783099999999999685e-01
0.000000000000000000e+00
0.000000000000000000e+00
0.000000000000000000e+00
0.000000000000000000e+00
0.000000000000000000e+00
0.000000000000000000e+00
5.666700000000000070e-01
0.000000000000000000e+00
0.000000000000000000e+00
5.184999999999999609e-01
0.000000000000000000e+00
0.000000000000000000e+00
6.320799999999999752e-01
0.000000000000000000e+00
0.000000000000000000e+00
0.000000000000000000e+00
1.934669999999999890e+00
0.000000000000000000e+00
1.023549999999999960e+00
0.000000000000000000e+00
0.000000000000000000e+00
5.062999999999999723e-01
0.000000000000000000e+00
0.000000000000000000e+00
0.000000000000000000e+00
5.858100000000000529e-01
0.000000000000000000e+00
0.000000000000000000e+00
0.000000000000000000e+00
4.645900000000000030e-01
0.000000000000000000e+00
0.000000000000000000e+00
5.743700000000000472e-01
0.000000000000000000e+00
0.000000000000000000e+00
1.174269999999999925e+00
0.000000000000000000e+00
0.000000000000000000e+00
0.000000000000000000e+00
5.257399999999999851e-01
0.000000000000000000e+00
0.000000000000000000e+00
0.000000000000000000e+00
0.000000000000000000e+00
0.000000000000000000e+00
0.000000000000000000e+00
0.000000000000000000e+00
7.739899999999999558e-01
0.000000000000000000e+00
9.984800000000000342e-01
0.000000000000000000e+00
5.595099999999999518e-01
0.000000000000000000e+00
6.726600000000000357e-01
0.000000000000000000e+00
0.000000000000000000e+00
4.884999999999999898e-01
0.000000000000000000e+00
0.000000000000000000e+00
5.191799999999999748e-01
0.000000000000000000e+00
0.000000000000000000e+00
0.000000000000000000e+00
0.000000000000000000e+00
0.000000000000000000e+00
4.913399999999999990e-01
0.000000000000000000e+00
0.000000000000000000e+00
5.332900000000000418e-01
0.000000000000000000e+00
4.577100000000000057e-01
0.000000000000000000e+00
8.726300000000000168e-01
0.000000000000000000e+00
0.000000000000000000e+00
0.000000000000000000e+00
0.000000000000000000e+00
5.609100000000000197e-01
0.000000000000000000e+00
0.000000000000000000e+00
1.941769999999999996e+00
0.000000000000000000e+00
0.000000000000000000e+00
0.000000000000000000e+00
0.000000000000000000e+00
1.021709999999999896e+00
0.000000000000000000e+00
0.000000000000000000e+00
6.714900000000000313e-01
0.000000000000000000e+00
0.000000000000000000e+00
4.654599999999999849e-01
0.000000000000000000e+00
5.910600000000000298e-01
0.000000000000000000e+00
0.000000000000000000e+00
0.000000000000000000e+00
5.187899999999999734e-01
0.000000000000000000e+00
0.000000000000000000e+00
0.000000000000000000e+00
4.306900000000000173e-01
0.000000000000000000e+00
0.000000000000000000e+00
1.128980000000000095e+00
0.000000000000000000e+00
5.797900000000000276e-01
0.000000000000000000e+00
0.000000000000000000e+00
0.000000000000000000e+00
5.315400000000000125e-01
0.000000000000000000e+00
0.000000000000000000e+00
0.000000000000000000e+00
6.649000000000000465e-01
0.000000000000000000e+00
0.000000000000000000e+00
1.157950000000000035e+00
0.000000000000000000e+00
0.000000000000000000e+00
0.000000000000000000e+00
5.714900000000000535e-01
0.000000000000000000e+00
9.080300000000000038e-01
0.000000000000000000e+00
0.000000000000000000e+00
5.967700000000000227e-01
0.000000000000000000e+00
9.583000000000000407e-01
0.000000000000000000e+00
0.000000000000000000e+00
4.863000000000000100e-01
0.000000000000000000e+00
0.000000000000000000e+00
4.719800000000000106e-01
0.000000000000000000e+00
5.831300000000000372e-01
0.000000000000000000e+00
5.707799999999999541e-01
0.000000000000000000e+00
0.000000000000000000e+00
4.879000000000000004e-01
0.000000000000000000e+00
0.000000000000000000e+00
0.000000000000000000e+00
6.069099999999999495e-01
0.000000000000000000e+00
0.000000000000000000e+00
7.577700000000000546e-01
0.000000000000000000e+00
0.000000000000000000e+00
4.210699999999999998e-01
0.000000000000000000e+00
0.000000000000000000e+00
0.000000000000000000e+00
0.000000000000000000e+00
4.749599999999999933e-01
0.000000000000000000e+00
0.000000000000000000e+00
1.933850000000000069e+00
0.000000000000000000e+00
0.000000000000000000e+00
0.000000000000000000e+00
0.000000000000000000e+00
1.046189999999999953e+00
0.000000000000000000e+00
6.307700000000000529e-01
0.000000000000000000e+00
0.000000000000000000e+00
4.681000000000000161e-01
0.000000000000000000e+00
0.000000000000000000e+00
5.937700000000000200e-01
0.000000000000000000e+00
5.554799999999999738e-01
0.000000000000000000e+00
6.509800000000000031e-01
0.000000000000000000e+00
0.000000000000000000e+00
6.007099999999999662e-01
0.000000000000000000e+00
0.000000000000000000e+00
0.000000000000000000e+00
7.582999999999999741e-01
0.000000000000000000e+00
0.000000000000000000e+00
0.000000000000000000e+00
0.000000000000000000e+00
6.375399999999999956e-01
0.000000000000000000e+00
0.000000000000000000e+00
1.257959999999999967e+00
0.000000000000000000e+00
0.000000000000000000e+00
0.000000000000000000e+00
9.225999999999999757e-01
0.000000000000000000e+00
5.492000000000000215e-01
0.000000000000000000e+00
0.000000000000000000e+00
1.284329999999999972e+00
0.000000000000000000e+00
0.000000000000000000e+00
0.000000000000000000e+00
0.000000000000000000e+00
0.000000000000000000e+00
5.410300000000000109e-01
0.000000000000000000e+00
5.246100000000000207e-01
0.000000000000000000e+00
0.000000000000000000e+00
0.000000000000000000e+00
0.000000000000000000e+00
0.000000000000000000e+00
0.000000000000000000e+00
0.000000000000000000e+00
0.000000000000000000e+00
0.000000000000000000e+00
0.000000000000000000e+00
0.000000000000000000e+00
0.000000000000000000e+00
0.000000000000000000e+00
0.000000000000000000e+00
0.000000000000000000e+00
0.000000000000000000e+00
0.000000000000000000e+00
0.000000000000000000e+00
0.000000000000000000e+00
0.000000000000000000e+00
0.000000000000000000e+00
0.000000000000000000e+00
0.000000000000000000e+00
5.203299999999999592e-01
0.000000000000000000e+00
0.000000000000000000e+00
0.000000000000000000e+00
0.000000000000000000e+00
4.322900000000000076e-01
0.000000000000000000e+00
0.000000000000000000e+00
0.000000000000000000e+00
0.000000000000000000e+00
1.366549999999999931e+00
0.000000000000000000e+00
0.000000000000000000e+00
0.000000000000000000e+00
6.611200000000000410e-01
0.000000000000000000e+00
6.156899999999999595e-01
0.000000000000000000e+00
6.058700000000000196e-01
0.000000000000000000e+00
1.301430000000000087e+00
0.000000000000000000e+00
1.094870000000000010e+00
0.000000000000000000e+00
0.000000000000000000e+00
0.000000000000000000e+00
0.000000000000000000e+00
0.000000000000000000e+00
7.096099999999999630e-01
0.000000000000000000e+00
5.560100000000000042e-01
0.000000000000000000e+00
5.016300000000000203e-01
0.000000000000000000e+00
0.000000000000000000e+00
0.000000000000000000e+00
1.270480000000000054e+00
0.000000000000000000e+00
0.000000000000000000e+00
5.370899999999999563e-01
0.000000000000000000e+00
0.000000000000000000e+00
0.000000000000000000e+00
5.165600000000000191e-01
0.000000000000000000e+00
0.000000000000000000e+00
6.270299999999999763e-01
0.000000000000000000e+00
8.745199999999999640e-01
0.000000000000000000e+00
1.073420000000000041e+00
0.000000000000000000e+00
0.000000000000000000e+00
0.000000000000000000e+00
9.204700000000000104e-01
0.000000000000000000e+00
0.000000000000000000e+00
0.000000000000000000e+00
0.000000000000000000e+00
0.000000000000000000e+00
0.000000000000000000e+00
8.349100000000000410e-01
0.000000000000000000e+00
0.000000000000000000e+00
0.000000000000000000e+00
0.000000000000000000e+00
5.863500000000000378e-01
0.000000000000000000e+00
0.000000000000000000e+00
0.000000000000000000e+00
0.000000000000000000e+00
1.202090000000000103e+00
0.000000000000000000e+00
0.000000000000000000e+00
0.000000000000000000e+00
6.279299999999999882e-01
0.000000000000000000e+00
0.000000000000000000e+00
0.000000000000000000e+00
5.813300000000000134e-01
0.000000000000000000e+00
0.000000000000000000e+00
7.537399999999999656e-01
0.000000000000000000e+00
0.000000000000000000e+00
0.000000000000000000e+00
5.096600000000000019e-01
0.000000000000000000e+00
1.153659999999999908e+00
0.000000000000000000e+00
0.000000000000000000e+00
7.905299999999999550e-01
0.000000000000000000e+00
0.000000000000000000e+00
7.055299999999999905e-01
0.000000000000000000e+00
0.000000000000000000e+00
6.190799999999999637e-01
0.000000000000000000e+00
4.816500000000000226e-01
0.000000000000000000e+00
1.936239999999999961e+00
0.000000000000000000e+00
0.000000000000000000e+00
0.000000000000000000e+00
0.000000000000000000e+00
8.862100000000000533e-01
0.000000000000000000e+00
0.000000000000000000e+00
0.000000000000000000e+00
0.000000000000000000e+00
0.000000000000000000e+00
8.987600000000000033e-01
0.000000000000000000e+00
0.000000000000000000e+00
0.000000000000000000e+00
1.573509999999999964e+00
0.000000000000000000e+00
0.000000000000000000e+00
7.741700000000000248e-01
0.000000000000000000e+00
0.000000000000000000e+00
5.494700000000000140e-01
0.000000000000000000e+00
0.000000000000000000e+00
5.497300000000000519e-01
0.000000000000000000e+00
9.846500000000000252e-01
0.000000000000000000e+00
1.931459999999999955e+00
0.000000000000000000e+00
0.000000000000000000e+00
0.000000000000000000e+00
0.000000000000000000e+00
0.000000000000000000e+00
5.235100000000000309e-01
0.000000000000000000e+00
0.000000000000000000e+00
1.380339999999999900e+00
0.000000000000000000e+00
0.000000000000000000e+00
0.000000000000000000e+00
9.543199999999999461e-01
0.000000000000000000e+00
0.000000000000000000e+00
0.000000000000000000e+00
0.000000000000000000e+00
1.930839999999999890e+00
0.000000000000000000e+00
0.000000000000000000e+00
0.000000000000000000e+00
0.000000000000000000e+00
0.000000000000000000e+00
8.009300000000000308e-01
0.000000000000000000e+00
0.000000000000000000e+00
0.000000000000000000e+00
6.254800000000000360e-01
0.000000000000000000e+00
0.000000000000000000e+00
6.507300000000000306e-01
0.000000000000000000e+00
0.000000000000000000e+00
5.830499999999999572e-01
0.000000000000000000e+00
1.931340000000000057e+00
0.000000000000000000e+00
0.000000000000000000e+00
5.774099999999999788e-01
0.000000000000000000e+00
0.000000000000000000e+00
0.000000000000000000e+00
0.000000000000000000e+00
1.936800000000000077e+00
0.000000000000000000e+00
0.000000000000000000e+00
0.000000000000000000e+00
6.963599999999999790e-01
0.000000000000000000e+00
0.000000000000000000e+00
0.000000000000000000e+00
7.154099999999999904e-01
0.000000000000000000e+00
0.000000000000000000e+00
0.000000000000000000e+00
9.712699999999999667e-01
0.000000000000000000e+00
0.000000000000000000e+00
0.000000000000000000e+00
0.000000000000000000e+00
1.935899999999999954e+00
0.000000000000000000e+00
0.000000000000000000e+00
5.243499999999999828e-01
0.000000000000000000e+00
0.000000000000000000e+00
0.000000000000000000e+00
0.000000000000000000e+00
0.000000000000000000e+00
0.000000000000000000e+00
4.480799999999999783e-01
0.000000000000000000e+00
0.000000000000000000e+00
6.345199999999999729e-01
0.000000000000000000e+00
0.000000000000000000e+00
0.000000000000000000e+00
6.271700000000000053e-01
0.000000000000000000e+00
0.000000000000000000e+00
0.000000000000000000e+00
1.264639999999999986e+00
0.000000000000000000e+00
7.861000000000000210e-01
0.000000000000000000e+00
0.000000000000000000e+00
4.664499999999999758e-01
0.000000000000000000e+00
0.000000000000000000e+00
0.000000000000000000e+00
4.941999999999999726e-01
0.000000000000000000e+00
0.000000000000000000e+00
0.000000000000000000e+00
1.029199999999999893e+00
0.000000000000000000e+00
1.069730000000000070e+00
0.000000000000000000e+00
0.000000000000000000e+00
0.000000000000000000e+00
8.894400000000000084e-01
0.000000000000000000e+00
0.000000000000000000e+00
0.000000000000000000e+00
0.000000000000000000e+00
0.000000000000000000e+00
0.000000000000000000e+00
7.658099999999999907e-01
0.000000000000000000e+00
0.000000000000000000e+00
0.000000000000000000e+00
0.000000000000000000e+00
7.345699999999999452e-01
0.000000000000000000e+00
0.000000000000000000e+00
9.073700000000000099e-01
0.000000000000000000e+00
0.000000000000000000e+00
0.000000000000000000e+00
8.165099999999999580e-01
0.000000000000000000e+00
0.000000000000000000e+00
0.000000000000000000e+00
7.565100000000000158e-01
0.000000000000000000e+00
1.412400000000000100e+00
0.000000000000000000e+00
1.551649999999999974e+00
0.000000000000000000e+00
0.000000000000000000e+00
0.000000000000000000e+00
0.000000000000000000e+00
0.000000000000000000e+00
1.391720000000000068e+00
0.000000000000000000e+00
0.000000000000000000e+00
0.000000000000000000e+00
5.473599999999999577e-01
0.000000000000000000e+00
3.768400000000000083e-01
0.000000000000000000e+00
1.943780000000000063e+00
0.000000000000000000e+00
0.000000000000000000e+00
0.000000000000000000e+00
0.000000000000000000e+00
7.748399999999999732e-01
0.000000000000000000e+00
0.000000000000000000e+00
0.000000000000000000e+00
1.936360000000000081e+00
0.000000000000000000e+00
0.000000000000000000e+00
7.487700000000000466e-01
0.000000000000000000e+00
0.000000000000000000e+00
0.000000000000000000e+00
8.712999999999999634e-01
0.000000000000000000e+00
0.000000000000000000e+00
0.000000000000000000e+00
0.000000000000000000e+00
0.000000000000000000e+00
0.000000000000000000e+00
0.000000000000000000e+00
0.000000000000000000e+00
0.000000000000000000e+00
0.000000000000000000e+00
0.000000000000000000e+00
0.000000000000000000e+00
0.000000000000000000e+00
0.000000000000000000e+00
0.000000000000000000e+00
0.000000000000000000e+00
0.000000000000000000e+00
0.000000000000000000e+00
0.000000000000000000e+00
0.000000000000000000e+00
0.000000000000000000e+00
0.000000000000000000e+00
0.000000000000000000e+00
0.000000000000000000e+00
5.435600000000000431e-01
0.000000000000000000e+00
0.000000000000000000e+00
0.000000000000000000e+00
0.000000000000000000e+00
0.000000000000000000e+00
5.811100000000000154e-01
0.000000000000000000e+00
0.000000000000000000e+00
1.372020000000000017e+00
0.000000000000000000e+00
0.000000000000000000e+00
0.000000000000000000e+00
0.000000000000000000e+00
0.000000000000000000e+00
7.367299999999999960e-01
0.000000000000000000e+00
8.037499999999999645e-01
0.000000000000000000e+00
1.277290000000000036e+00
0.000000000000000000e+00
0.000000000000000000e+00
1.535660000000000025e+00
0.000000000000000000e+00
0.000000000000000000e+00
0.000000000000000000e+00
6.456800000000000317e-01
0.000000000000000000e+00
0.000000000000000000e+00
1.938839999999999897e+00
0.000000000000000000e+00
1.412400000000000100e+00
0.000000000000000000e+00
0.000000000000000000e+00
0.000000000000000000e+00
9.202399999999999469e-01
0.000000000000000000e+00
0.000000000000000000e+00
5.885099999999999776e-01
0.000000000000000000e+00
0.000000000000000000e+00
1.934679999999999955e+00
0.000000000000000000e+00
7.473100000000000298e-01
0.000000000000000000e+00
0.000000000000000000e+00
0.000000000000000000e+00
0.000000000000000000e+00
0.000000000000000000e+00
5.417999999999999483e-01
0.000000000000000000e+00
0.000000000000000000e+00
0.000000000000000000e+00
1.930530000000000079e+00
0.000000000000000000e+00
0.000000000000000000e+00
6.198200000000000376e-01
0.000000000000000000e+00
1.934239999999999959e+00
0.000000000000000000e+00
0.000000000000000000e+00
0.000000000000000000e+00
5.363999999999999879e-01
0.000000000000000000e+00
0.000000000000000000e+00
5.252299999999999747e-01
0.000000000000000000e+00
1.941249999999999920e+00
0.000000000000000000e+00
0.000000000000000000e+00
0.000000000000000000e+00
1.376849999999999907e+00
0.000000000000000000e+00
0.000000000000000000e+00
5.012699999999999934e-01
0.000000000000000000e+00
0.000000000000000000e+00
7.374000000000000554e-01
0.000000000000000000e+00
4.796599999999999753e-01
0.000000000000000000e+00
0.000000000000000000e+00
5.059599999999999653e-01
0.000000000000000000e+00
0.000000000000000000e+00
0.000000000000000000e+00
1.941419999999999924e+00
0.000000000000000000e+00
0.000000000000000000e+00
1.943570000000000020e+00
0.000000000000000000e+00
0.000000000000000000e+00
6.601700000000000346e-01
0.000000000000000000e+00
5.790699999999999736e-01
0.000000000000000000e+00
0.000000000000000000e+00
0.000000000000000000e+00
7.747399999999999842e-01
0.000000000000000000e+00
0.000000000000000000e+00
0.000000000000000000e+00
6.475999999999999535e-01
0.000000000000000000e+00
0.000000000000000000e+00
0.000000000000000000e+00
0.000000000000000000e+00
0.000000000000000000e+00
1.930979999999999919e+00
0.000000000000000000e+00
0.000000000000000000e+00
6.910100000000000131e-01
0.000000000000000000e+00
0.000000000000000000e+00
0.000000000000000000e+00
0.000000000000000000e+00
1.936660000000000048e+00
0.000000000000000000e+00
0.000000000000000000e+00
0.000000000000000000e+00
5.891600000000000170e-01
0.000000000000000000e+00
0.000000000000000000e+00
4.555899999999999950e-01
0.000000000000000000e+00
0.000000000000000000e+00
1.484350000000000058e+00
0.000000000000000000e+00
0.000000000000000000e+00
0.000000000000000000e+00
0.000000000000000000e+00
0.000000000000000000e+00
6.133600000000000163e-01
0.000000000000000000e+00
0.000000000000000000e+00
5.966500000000000137e-01
0.000000000000000000e+00
0.000000000000000000e+00
0.000000000000000000e+00
0.000000000000000000e+00
1.941980000000000040e+00
0.000000000000000000e+00
0.000000000000000000e+00
0.000000000000000000e+00
1.291590000000000016e+00
0.000000000000000000e+00
5.303999999999999826e-01
0.000000000000000000e+00
0.000000000000000000e+00
0.000000000000000000e+00
5.927200000000000246e-01
0.000000000000000000e+00
0.000000000000000000e+00
0.000000000000000000e+00
0.000000000000000000e+00
5.201799999999999757e-01
0.000000000000000000e+00
1.545660000000000034e+00
0.000000000000000000e+00
6.527800000000000269e-01
0.000000000000000000e+00
4.918399999999999994e-01
0.000000000000000000e+00
1.931459999999999955e+00
0.000000000000000000e+00
0.000000000000000000e+00
7.606100000000000083e-01
0.000000000000000000e+00
0.000000000000000000e+00
0.000000000000000000e+00
0.000000000000000000e+00
0.000000000000000000e+00
5.976000000000000201e-01
0.000000000000000000e+00
1.939440000000000053e+00
0.000000000000000000e+00
0.000000000000000000e+00
0.000000000000000000e+00
5.102200000000000069e-01
0.000000000000000000e+00
0.000000000000000000e+00
8.298900000000000166e-01
0.000000000000000000e+00
0.000000000000000000e+00
0.000000000000000000e+00
1.259759999999999991e+00
0.000000000000000000e+00
0.000000000000000000e+00
0.000000000000000000e+00
8.428200000000000136e-01
0.000000000000000000e+00
0.000000000000000000e+00
7.996499999999999719e-01
0.000000000000000000e+00
0.000000000000000000e+00
0.000000000000000000e+00
0.000000000000000000e+00
5.687100000000000488e-01
0.000000000000000000e+00
0.000000000000000000e+00
0.000000000000000000e+00
0.000000000000000000e+00
0.000000000000000000e+00
0.000000000000000000e+00
1.948860000000000037e+00
0.000000000000000000e+00
0.000000000000000000e+00
0.000000000000000000e+00
6.319099999999999717e-01
0.000000000000000000e+00
0.000000000000000000e+00
0.000000000000000000e+00
5.730800000000000338e-01
0.000000000000000000e+00
0.000000000000000000e+00
0.000000000000000000e+00
0.000000000000000000e+00
0.000000000000000000e+00
4.883700000000000263e-01
0.000000000000000000e+00
0.000000000000000000e+00
0.000000000000000000e+00
0.000000000000000000e+00
5.029900000000000482e-01
0.000000000000000000e+00
0.000000000000000000e+00
0.000000000000000000e+00
5.247899999999999787e-01
0.000000000000000000e+00
0.000000000000000000e+00
0.000000000000000000e+00
0.000000000000000000e+00
0.000000000000000000e+00
0.000000000000000000e+00
6.202999999999999625e-01
0.000000000000000000e+00
0.000000000000000000e+00
0.000000000000000000e+00
5.616299999999999626e-01
0.000000000000000000e+00
0.000000000000000000e+00
0.000000000000000000e+00
0.000000000000000000e+00
1.938469999999999915e+00
0.000000000000000000e+00
0.000000000000000000e+00
5.958400000000000363e-01
0.000000000000000000e+00
0.000000000000000000e+00
0.000000000000000000e+00
0.000000000000000000e+00
0.000000000000000000e+00
3.916200000000000236e-01
0.000000000000000000e+00
0.000000000000000000e+00
7.235200000000000520e-01
0.000000000000000000e+00
0.000000000000000000e+00
1.935179999999999900e+00
0.000000000000000000e+00
1.937570000000000014e+00
0.000000000000000000e+00
7.571600000000000552e-01
0.000000000000000000e+00
0.000000000000000000e+00
0.000000000000000000e+00
1.941769999999999996e+00
0.000000000000000000e+00
0.000000000000000000e+00
0.000000000000000000e+00
0.000000000000000000e+00
0.000000000000000000e+00
0.000000000000000000e+00
0.000000000000000000e+00
5.534700000000000175e-01
0.000000000000000000e+00
0.000000000000000000e+00
1.936309999999999976e+00
0.000000000000000000e+00
8.414500000000000313e-01
0.000000000000000000e+00
1.939319999999999933e+00
0.000000000000000000e+00
0.000000000000000000e+00
7.270900000000000141e-01
0.000000000000000000e+00
5.528499999999999526e-01
0.000000000000000000e+00
0.000000000000000000e+00
0.000000000000000000e+00
0.000000000000000000e+00
0.000000000000000000e+00
0.000000000000000000e+00
0.000000000000000000e+00
0.000000000000000000e+00
0.000000000000000000e+00
0.000000000000000000e+00
0.000000000000000000e+00
0.000000000000000000e+00
0.000000000000000000e+00
0.000000000000000000e+00
0.000000000000000000e+00
0.000000000000000000e+00
0.000000000000000000e+00
0.000000000000000000e+00
0.000000000000000000e+00
0.000000000000000000e+00
0.000000000000000000e+00
0.000000000000000000e+00
0.000000000000000000e+00
0.000000000000000000e+00
6.255699999999999594e-01
0.000000000000000000e+00
5.561399999999999677e-01
0.000000000000000000e+00
0.000000000000000000e+00
0.000000000000000000e+00
5.603299999999999947e-01
0.000000000000000000e+00
0.000000000000000000e+00
0.000000000000000000e+00
0.000000000000000000e+00
8.651799999999999491e-01
0.000000000000000000e+00
0.000000000000000000e+00
6.119200000000000195e-01
0.000000000000000000e+00
0.000000000000000000e+00
0.000000000000000000e+00
0.000000000000000000e+00
1.320230000000000015e+00
0.000000000000000000e+00
7.104300000000000059e-01
0.000000000000000000e+00
6.067700000000000315e-01
0.000000000000000000e+00
0.000000000000000000e+00
6.931500000000000439e-01
0.000000000000000000e+00
7.746499999999999497e-01
0.000000000000000000e+00
0.000000000000000000e+00
5.661000000000000476e-01
0.000000000000000000e+00
5.374299999999999633e-01
0.000000000000000000e+00
0.000000000000000000e+00
1.930060000000000109e+00
0.000000000000000000e+00
0.000000000000000000e+00
4.822299999999999920e-01
0.000000000000000000e+00
0.000000000000000000e+00
0.000000000000000000e+00
0.000000000000000000e+00
5.299700000000000522e-01
0.000000000000000000e+00
0.000000000000000000e+00
6.167700000000000404e-01
0.000000000000000000e+00
0.000000000000000000e+00
0.000000000000000000e+00
6.378500000000000281e-01
0.000000000000000000e+00
0.000000000000000000e+00
1.693740000000000023e+00
0.000000000000000000e+00
5.603500000000000147e-01
0.000000000000000000e+00
0.000000000000000000e+00
0.000000000000000000e+00
6.473400000000000265e-01
0.000000000000000000e+00
0.000000000000000000e+00
0.000000000000000000e+00
1.937889999999999890e+00
0.000000000000000000e+00
6.400000000000000133e-01
0.000000000000000000e+00
0.000000000000000000e+00
6.222900000000000098e-01
0.000000000000000000e+00
0.000000000000000000e+00
0.000000000000000000e+00
4.722999999999999976e-01
0.000000000000000000e+00
0.000000000000000000e+00
9.712800000000000322e-01
0.000000000000000000e+00
1.936250000000000027e+00
0.000000000000000000e+00
0.000000000000000000e+00
0.000000000000000000e+00
0.000000000000000000e+00
0.000000000000000000e+00
4.939799999999999747e-01
0.000000000000000000e+00
0.000000000000000000e+00
0.000000000000000000e+00
0.000000000000000000e+00
5.943699999999999539e-01
0.000000000000000000e+00
0.000000000000000000e+00
1.885199999999999987e+00
0.000000000000000000e+00
0.000000000000000000e+00
5.188899999999999624e-01
0.000000000000000000e+00
0.000000000000000000e+00
0.000000000000000000e+00
1.936949999999999950e+00
0.000000000000000000e+00
6.974500000000000144e-01
0.000000000000000000e+00
0.000000000000000000e+00
1.941410000000000080e+00
0.000000000000000000e+00
0.000000000000000000e+00
0.000000000000000000e+00
1.179000000000000048e+00
0.000000000000000000e+00
1.932479999999999976e+00
0.000000000000000000e+00
1.933499999999999996e+00
0.000000000000000000e+00
5.904800000000000049e-01
0.000000000000000000e+00
0.000000000000000000e+00
0.000000000000000000e+00
0.000000000000000000e+00
0.000000000000000000e+00
7.416599999999999859e-01
0.000000000000000000e+00
0.000000000000000000e+00
0.000000000000000000e+00
1.942660000000000053e+00
0.000000000000000000e+00
0.000000000000000000e+00
0.000000000000000000e+00
0.000000000000000000e+00
1.201109999999999900e+00
0.000000000000000000e+00
0.000000000000000000e+00
0.000000000000000000e+00
5.130900000000000460e-01
0.000000000000000000e+00
0.000000000000000000e+00
1.484469999999999956e+00
0.000000000000000000e+00
1.938569999999999904e+00
0.000000000000000000e+00
0.000000000000000000e+00
8.727899999999999547e-01
0.000000000000000000e+00
1.929910000000000014e+00
0.000000000000000000e+00
0.000000000000000000e+00
0.000000000000000000e+00
1.010580000000000034e+00
0.000000000000000000e+00
0.000000000000000000e+00
0.000000000000000000e+00
0.000000000000000000e+00
1.734210000000000029e+00
0.000000000000000000e+00
0.000000000000000000e+00
0.000000000000000000e+00
0.000000000000000000e+00
1.940639999999999921e+00
0.000000000000000000e+00
0.000000000000000000e+00
0.000000000000000000e+00
0.000000000000000000e+00
0.000000000000000000e+00
4.845900000000000207e-01
0.000000000000000000e+00
1.933429999999999982e+00
0.000000000000000000e+00
1.665459999999999940e+00
0.000000000000000000e+00
0.000000000000000000e+00
1.475740000000000052e+00
0.000000000000000000e+00
0.000000000000000000e+00
0.000000000000000000e+00
1.939310000000000089e+00
0.000000000000000000e+00
1.878319999999999990e+00
0.000000000000000000e+00
0.000000000000000000e+00
0.000000000000000000e+00
1.944260000000000099e+00
0.000000000000000000e+00
0.000000000000000000e+00
1.388770000000000060e+00
0.000000000000000000e+00
0.000000000000000000e+00
0.000000000000000000e+00
1.936390000000000056e+00
0.000000000000000000e+00
7.093000000000000416e-01
0.000000000000000000e+00
1.939060000000000006e+00
0.000000000000000000e+00
1.940430000000000099e+00
0.000000000000000000e+00
0.000000000000000000e+00
0.000000000000000000e+00
0.000000000000000000e+00
1.929680000000000062e+00
0.000000000000000000e+00
1.931519999999999904e+00
0.000000000000000000e+00
6.169700000000000184e-01
0.000000000000000000e+00
0.000000000000000000e+00
0.000000000000000000e+00
1.936080000000000023e+00
0.000000000000000000e+00
0.000000000000000000e+00
0.000000000000000000e+00
0.000000000000000000e+00
0.000000000000000000e+00
1.942110000000000003e+00
0.000000000000000000e+00
0.000000000000000000e+00
0.000000000000000000e+00
0.000000000000000000e+00
7.115000000000000213e-01
0.000000000000000000e+00
0.000000000000000000e+00
1.933850000000000069e+00
0.000000000000000000e+00
7.028799999999999493e-01
0.000000000000000000e+00
0.000000000000000000e+00
0.000000000000000000e+00
1.937980000000000036e+00
0.000000000000000000e+00
1.939419999999999922e+00
0.000000000000000000e+00
0.000000000000000000e+00
1.464650000000000007e+00
0.000000000000000000e+00
0.000000000000000000e+00
0.000000000000000000e+00
0.000000000000000000e+00
0.000000000000000000e+00
0.000000000000000000e+00
1.934360000000000079e+00
0.000000000000000000e+00
0.000000000000000000e+00
1.935019999999999962e+00
0.000000000000000000e+00
1.937470000000000026e+00
0.000000000000000000e+00
0.000000000000000000e+00
0.000000000000000000e+00
9.170300000000000118e-01
0.000000000000000000e+00
7.161100000000000243e-01
0.000000000000000000e+00
1.930399999999999894e+00
0.000000000000000000e+00
0.000000000000000000e+00
0.000000000000000000e+00
1.932290000000000063e+00
0.000000000000000000e+00
0.000000000000000000e+00
0.000000000000000000e+00
0.000000000000000000e+00
1.936639999999999917e+00
0.000000000000000000e+00
1.937559999999999949e+00
0.000000000000000000e+00
0.000000000000000000e+00
0.000000000000000000e+00
0.000000000000000000e+00
0.000000000000000000e+00
0.000000000000000000e+00
0.000000000000000000e+00
0.000000000000000000e+00
0.000000000000000000e+00
0.000000000000000000e+00
0.000000000000000000e+00
0.000000000000000000e+00
0.000000000000000000e+00
0.000000000000000000e+00
0.000000000000000000e+00
0.000000000000000000e+00
0.000000000000000000e+00
0.000000000000000000e+00
0.000000000000000000e+00
0.000000000000000000e+00
0.000000000000000000e+00
0.000000000000000000e+00
1.032529999999999948e+00
0.000000000000000000e+00
0.000000000000000000e+00
0.000000000000000000e+00
1.936059999999999892e+00
0.000000000000000000e+00
0.000000000000000000e+00
0.000000000000000000e+00
9.538900000000000157e-01
0.000000000000000000e+00
0.000000000000000000e+00
0.000000000000000000e+00
0.000000000000000000e+00
4.788399999999999879e-01
0.000000000000000000e+00
0.000000000000000000e+00
0.000000000000000000e+00
1.931519999999999904e+00
0.000000000000000000e+00
5.337600000000000122e-01
0.000000000000000000e+00
0.000000000000000000e+00
0.000000000000000000e+00
1.936730000000000063e+00
0.000000000000000000e+00
0.000000000000000000e+00
5.914599999999999858e-01
0.000000000000000000e+00
1.939100000000000046e+00
0.000000000000000000e+00
0.000000000000000000e+00
7.867899999999999894e-01
0.000000000000000000e+00
0.000000000000000000e+00
0.000000000000000000e+00
1.931939999999999991e+00
0.000000000000000000e+00
8.981299999999999839e-01
0.000000000000000000e+00
6.179799999999999738e-01
0.000000000000000000e+00
1.630579999999999918e+00
0.000000000000000000e+00
0.000000000000000000e+00
1.939519999999999911e+00
0.000000000000000000e+00
0.000000000000000000e+00
6.895999999999999908e-01
0.000000000000000000e+00
0.000000000000000000e+00
1.802280000000000104e+00
0.000000000000000000e+00
0.000000000000000000e+00
0.000000000000000000e+00
6.008099999999999552e-01
0.000000000000000000e+00
1.325220000000000065e+00
0.000000000000000000e+00
0.000000000000000000e+00
0.000000000000000000e+00
8.073900000000000521e-01
0.000000000000000000e+00
0.000000000000000000e+00
0.000000000000000000e+00
0.000000000000000000e+00
1.940989999999999993e+00
0.000000000000000000e+00
1.942039999999999988e+00
0.000000000000000000e+00
0.000000000000000000e+00
0.000000000000000000e+00
1.931699999999999973e+00
0.000000000000000000e+00
0.000000000000000000e+00
1.934509999999999952e+00
0.000000000000000000e+00
0.000000000000000000e+00
0.000000000000000000e+00
0.000000000000000000e+00
0.000000000000000000e+00
7.269999999999999796e-01
0.000000000000000000e+00
7.102899999999999769e-01
0.000000000000000000e+00
0.000000000000000000e+00
0.000000000000000000e+00
1.929540000000000033e+00
0.000000000000000000e+00
0.000000000000000000e+00
0.000000000000000000e+00
0.000000000000000000e+00
5.316100000000000270e-01
0.000000000000000000e+00
0.000000000000000000e+00
8.989599999999999813e-01
0.000000000000000000e+00
0.000000000000000000e+00
5.067800000000000082e-01
0.000000000000000000e+00
0.000000000000000000e+00
0.000000000000000000e+00
1.940309999999999979e+00
0.000000000000000000e+00
0.000000000000000000e+00
6.191799999999999526e-01
0.000000000000000000e+00
0.000000000000000000e+00
1.931680000000000064e+00
0.000000000000000000e+00
0.000000000000000000e+00
0.000000000000000000e+00
7.246099999999999763e-01
0.000000000000000000e+00
1.936050000000000049e+00
0.000000000000000000e+00
6.637699999999999712e-01
0.000000000000000000e+00
0.000000000000000000e+00
0.000000000000000000e+00
0.000000000000000000e+00
1.941950000000000065e+00
0.000000000000000000e+00
0.000000000000000000e+00
1.542960000000000109e+00
0.000000000000000000e+00
0.000000000000000000e+00
0.000000000000000000e+00
1.932909999999999906e+00
0.000000000000000000e+00
0.000000000000000000e+00
0.000000000000000000e+00
8.411399999999999988e-01
0.000000000000000000e+00
1.937969999999999970e+00
0.000000000000000000e+00
0.000000000000000000e+00
0.000000000000000000e+00
0.000000000000000000e+00
1.942369999999999930e+00
0.000000000000000000e+00
0.000000000000000000e+00
1.929780000000000051e+00
0.000000000000000000e+00
0.000000000000000000e+00
1.933149999999999924e+00
0.000000000000000000e+00
0.000000000000000000e+00
0.000000000000000000e+00
1.111529999999999907e+00
0.000000000000000000e+00
0.000000000000000000e+00
1.938450000000000006e+00
0.000000000000000000e+00
1.939100000000000046e+00
0.000000000000000000e+00
0.000000000000000000e+00
0.000000000000000000e+00
1.942609999999999948e+00
0.000000000000000000e+00
0.000000000000000000e+00
1.931030000000000024e+00
0.000000000000000000e+00
0.000000000000000000e+00
0.000000000000000000e+00
1.934069999999999956e+00
0.000000000000000000e+00
0.000000000000000000e+00
0.000000000000000000e+00
1.949049999999999949e+00
0.000000000000000000e+00
0.000000000000000000e+00
4.913399999999999990e-01
0.000000000000000000e+00
0.000000000000000000e+00
0.000000000000000000e+00
0.000000000000000000e+00
0.000000000000000000e+00
0.000000000000000000e+00
0.000000000000000000e+00
4.876400000000000179e-01
0.000000000000000000e+00
0.000000000000000000e+00
0.000000000000000000e+00
5.592300000000000049e-01
0.000000000000000000e+00
0.000000000000000000e+00
0.000000000000000000e+00
0.000000000000000000e+00
0.000000000000000000e+00
3.992499999999999938e-01
0.000000000000000000e+00
0.000000000000000000e+00
5.762500000000000400e-01
0.000000000000000000e+00
7.525899999999999812e-01
0.000000000000000000e+00
0.000000000000000000e+00
5.879900000000000126e-01
0.000000000000000000e+00
0.000000000000000000e+00
0.000000000000000000e+00
0.000000000000000000e+00
0.000000000000000000e+00
5.435799999999999521e-01
0.000000000000000000e+00
0.000000000000000000e+00
0.000000000000000000e+00
0.000000000000000000e+00
5.788799999999999502e-01
0.000000000000000000e+00
6.113100000000000200e-01
0.000000000000000000e+00
0.000000000000000000e+00
0.000000000000000000e+00
0.000000000000000000e+00
5.132999999999999785e-01
0.000000000000000000e+00
0.000000000000000000e+00
0.000000000000000000e+00
0.000000000000000000e+00
0.000000000000000000e+00
7.298400000000000443e-01
0.000000000000000000e+00
0.000000000000000000e+00
6.026200000000000445e-01
0.000000000000000000e+00
0.000000000000000000e+00
5.779999999999999583e-01
0.000000000000000000e+00
0.000000000000000000e+00
7.134000000000000341e-01
0.000000000000000000e+00
0.000000000000000000e+00
5.923000000000000487e-01
0.000000000000000000e+00
0.000000000000000000e+00
0.000000000000000000e+00
4.482800000000000118e-01
0.000000000000000000e+00
0.000000000000000000e+00
5.195600000000000218e-01
0.000000000000000000e+00
5.292200000000000237e-01
0.000000000000000000e+00
0.000000000000000000e+00
8.294000000000000261e-01
0.000000000000000000e+00
0.000000000000000000e+00
9.993900000000000006e-01
0.000000000000000000e+00
0.000000000000000000e+00
4.692100000000000160e-01
0.000000000000000000e+00
0.000000000000000000e+00
0.000000000000000000e+00
7.148499999999999854e-01
0.000000000000000000e+00
0.000000000000000000e+00
0.000000000000000000e+00
8.072700000000000431e-01
0.000000000000000000e+00
6.402799999999999603e-01
0.000000000000000000e+00
0.000000000000000000e+00
1.204010000000000025e+00
0.000000000000000000e+00
0.000000000000000000e+00
6.745999999999999774e-01
0.000000000000000000e+00
0.000000000000000000e+00
0.000000000000000000e+00
0.000000000000000000e+00
0.000000000000000000e+00
4.940800000000000192e-01
0.000000000000000000e+00
0.000000000000000000e+00
5.172700000000000076e-01
0.000000000000000000e+00
0.000000000000000000e+00
0.000000000000000000e+00
0.000000000000000000e+00
0.000000000000000000e+00
0.000000000000000000e+00
0.000000000000000000e+00
0.000000000000000000e+00
0.000000000000000000e+00
0.000000000000000000e+00
0.000000000000000000e+00
0.000000000000000000e+00
0.000000000000000000e+00
0.000000000000000000e+00
0.000000000000000000e+00
0.000000000000000000e+00
0.000000000000000000e+00
0.000000000000000000e+00
0.000000000000000000e+00
0.000000000000000000e+00
0.000000000000000000e+00
0.000000000000000000e+00
3.793799999999999950e-01
0.000000000000000000e+00
0.000000000000000000e+00
5.816099999999999604e-01
0.000000000000000000e+00
0.000000000000000000e+00
7.394500000000000517e-01
0.000000000000000000e+00
0.000000000000000000e+00
5.528300000000000436e-01
0.000000000000000000e+00
6.013699999999999601e-01
0.000000000000000000e+00
6.994899999999999451e-01
0.000000000000000000e+00
0.000000000000000000e+00
9.639199999999999990e-01
0.000000000000000000e+00
6.628300000000000303e-01
0.000000000000000000e+00
0.000000000000000000e+00
6.054300000000000237e-01
0.000000000000000000e+00
0.000000000000000000e+00
1.055909999999999904e+00
0.000000000000000000e+00
0.000000000000000000e+00
6.215399999999999814e-01
0.000000000000000000e+00
0.000000000000000000e+00
0.000000000000000000e+00
0.000000000000000000e+00
1.556519999999999904e+00
0.000000000000000000e+00
0.000000000000000000e+00
0.000000000000000000e+00
5.897499999999999964e-01
0.000000000000000000e+00
6.331599999999999451e-01
0.000000000000000000e+00
0.000000000000000000e+00
6.034899999999999709e-01
0.000000000000000000e+00
4.964100000000000179e-01
0.000000000000000000e+00
0.000000000000000000e+00
4.439500000000000113e-01
0.000000000000000000e+00
0.000000000000000000e+00
0.000000000000000000e+00
5.729899999999999993e-01
0.000000000000000000e+00
0.000000000000000000e+00
5.486999999999999655e-01
0.000000000000000000e+00
6.098700000000000232e-01
0.000000000000000000e+00
5.867299999999999738e-01
0.000000000000000000e+00
0.000000000000000000e+00
0.000000000000000000e+00
1.543469999999999898e+00
0.000000000000000000e+00
0.000000000000000000e+00
0.000000000000000000e+00
5.610500000000000487e-01
0.000000000000000000e+00
9.455700000000000216e-01
0.000000000000000000e+00
0.000000000000000000e+00
0.000000000000000000e+00
0.000000000000000000e+00
0.000000000000000000e+00
5.704099999999999726e-01
0.000000000000000000e+00
0.000000000000000000e+00
6.540300000000000002e-01
0.000000000000000000e+00
0.000000000000000000e+00
0.000000000000000000e+00
0.000000000000000000e+00
0.000000000000000000e+00
4.669900000000000162e-01
0.000000000000000000e+00
0.000000000000000000e+00
9.591199999999999726e-01
0.000000000000000000e+00
0.000000000000000000e+00
5.052799999999999514e-01
0.000000000000000000e+00
0.000000000000000000e+00
0.000000000000000000e+00
0.000000000000000000e+00
0.000000000000000000e+00
5.192900000000000293e-01
0.000000000000000000e+00
0.000000000000000000e+00
1.941550000000000109e+00
0.000000000000000000e+00
0.000000000000000000e+00
7.029499999999999638e-01
0.000000000000000000e+00
0.000000000000000000e+00
0.000000000000000000e+00
0.000000000000000000e+00
4.260599999999999943e-01
0.000000000000000000e+00
0.000000000000000000e+00
1.093120000000000092e+00
0.000000000000000000e+00
0.000000000000000000e+00
7.063599999999999879e-01
0.000000000000000000e+00
0.000000000000000000e+00
7.687699999999999534e-01
0.000000000000000000e+00
0.000000000000000000e+00
0.000000000000000000e+00
0.000000000000000000e+00
0.000000000000000000e+00
0.000000000000000000e+00
0.000000000000000000e+00
3.994400000000000173e-01
0.000000000000000000e+00
0.000000000000000000e+00
4.079599999999999893e-01
0.000000000000000000e+00
7.807699999999999640e-01
0.000000000000000000e+00
0.000000000000000000e+00
5.230599999999999694e-01
0.000000000000000000e+00
0.000000000000000000e+00
0.000000000000000000e+00
0.000000000000000000e+00
5.375799999999999468e-01
0.000000000000000000e+00
0.000000000000000000e+00
0.000000000000000000e+00
6.331999999999999851e-01
0.000000000000000000e+00
4.980999999999999872e-01
0.000000000000000000e+00
0.000000000000000000e+00
6.269599999999999618e-01
0.000000000000000000e+00
0.000000000000000000e+00
5.692500000000000338e-01
0.000000000000000000e+00
0.000000000000000000e+00
0.000000000000000000e+00
5.408800000000000274e-01
0.000000000000000000e+00
4.735199999999999965e-01
0.000000000000000000e+00
6.144199999999999662e-01
0.000000000000000000e+00
0.000000000000000000e+00
0.000000000000000000e+00
6.974700000000000344e-01
0.000000000000000000e+00
7.430400000000000338e-01
0.000000000000000000e+00
4.966400000000000259e-01
0.000000000000000000e+00
0.000000000000000000e+00
5.812699999999999534e-01
0.000000000000000000e+00
0.000000000000000000e+00
0.000000000000000000e+00
4.374899999999999900e-01
0.000000000000000000e+00
0.000000000000000000e+00
0.000000000000000000e+00
5.335299999999999487e-01
0.000000000000000000e+00
0.000000000000000000e+00
1.934549999999999992e+00
0.000000000000000000e+00
0.000000000000000000e+00
6.613099999999999534e-01
0.000000000000000000e+00
0.000000000000000000e+00
5.020599999999999508e-01
0.000000000000000000e+00
6.561599999999999655e-01
0.000000000000000000e+00
0.000000000000000000e+00
9.516799999999999704e-01
0.000000000000000000e+00
0.000000000000000000e+00
0.000000000000000000e+00
5.405100000000000460e-01
0.000000000000000000e+00
0.000000000000000000e+00
8.963100000000000511e-01
0.000000000000000000e+00
0.000000000000000000e+00
0.000000000000000000e+00
5.705299999999999816e-01
0.000000000000000000e+00
1.938830000000000053e+00
0.000000000000000000e+00
0.000000000000000000e+00
0.000000000000000000e+00
0.000000000000000000e+00
0.000000000000000000e+00
6.794299999999999784e-01
0.000000000000000000e+00
0.000000000000000000e+00
0.000000000000000000e+00
1.114649999999999919e+00
0.000000000000000000e+00
0.000000000000000000e+00
1.389499999999999957e+00
0.000000000000000000e+00
0.000000000000000000e+00
0.000000000000000000e+00
0.000000000000000000e+00
5.347600000000000131e-01
0.000000000000000000e+00
6.837499999999999689e-01
0.000000000000000000e+00
0.000000000000000000e+00
0.000000000000000000e+00
0.000000000000000000e+00
6.647199999999999775e-01
0.000000000000000000e+00
0.000000000000000000e+00
0.000000000000000000e+00
7.075099999999999723e-01
0.000000000000000000e+00
1.089749999999999996e+00
0.000000000000000000e+00
0.000000000000000000e+00
0.000000000000000000e+00
5.458699999999999664e-01
0.000000000000000000e+00
0.000000000000000000e+00
0.000000000000000000e+00
0.000000000000000000e+00
0.000000000000000000e+00
0.000000000000000000e+00
5.478499999999999481e-01
0.000000000000000000e+00
0.000000000000000000e+00
0.000000000000000000e+00
2.808999999999999830e-01
0.000000000000000000e+00
0.000000000000000000e+00
0.000000000000000000e+00
5.785200000000000342e-01
0.000000000000000000e+00
0.000000000000000000e+00
5.818799999999999528e-01
0.000000000000000000e+00
1.939880000000000049e+00
0.000000000000000000e+00
0.000000000000000000e+00
0.000000000000000000e+00
0.000000000000000000e+00
0.000000000000000000e+00
0.000000000000000000e+00
5.697499999999999787e-01
0.000000000000000000e+00
0.000000000000000000e+00
0.000000000000000000e+00
0.000000000000000000e+00
0.000000000000000000e+00
7.399000000000000021e-01
0.000000000000000000e+00
0.000000000000000000e+00
0.000000000000000000e+00
0.000000000000000000e+00
0.000000000000000000e+00
1.552059999999999995e+00
0.000000000000000000e+00
0.000000000000000000e+00
0.000000000000000000e+00
0.000000000000000000e+00
0.000000000000000000e+00
0.000000000000000000e+00
0.000000000000000000e+00
0.000000000000000000e+00
0.000000000000000000e+00
0.000000000000000000e+00
0.000000000000000000e+00
