0.000000000000000000e+00
0.000000000000000000e+00
0.000000000000000000e+00
0.000000000000000000e+00
0.000000000000000000e+00
0.000000000000000000e+00
0.000000000000000000e+00
0.000000000000000000e+00
0.000000000000000000e+00
0.000000000000000000e+00
6.704999999999999849e-01
0.000000000000000000e+00
5.603000000000000203e-01
0.000000000000000000e+00
0.000000000000000000e+00
6.045800000000000063e-01
0.000000000000000000e+00
0.000000000000000000e+00
5.578100000000000280e-01
0.000000000000000000e+00
5.517900000000000027e-01
0.000000000000000000e+00
0.000000000000000000e+00
0.000000000000000000e+00
6.468000000000000416e-01
0.000000000000000000e+00
0.000000000000000000e+00
0.000000000000000000e+00
1.206679999999999975e+00
0.000000000000000000e+00
0.000000000000000000e+00
9.292599999999999749e-01
0.000000000000000000e+00
0.000000000000000000e+00
0.000000000000000000e+00
5.575799999999999645e-01
0.000000000000000000e+00
5.641899999999999693e-01
0.000000000000000000e+00
0.000000000000000000e+00
6.073600000000000110e-01
0.000000000000000000e+00
5.899900000000000144e-01
0.000000000000000000e+00
5.289300000000000113e-01
0.000000000000000000e+00
0.000000000000000000e+00
0.000000000000000000e+00
0.000000000000000000e+00
1.086109999999999909e+00
0.000000000000000000e+00
0.000000000000000000e+00
0.000000000000000000e+00
5.999499999999999833e-01
0.000000000000000000e+00
5.295999999999999597e-01
0.000000000000000000e+00
0.000000000000000000e+00
5.447600000000000220e-01
0.000000000000000000e+00
0.000000000000000000e+00
0.000000000000000000e+00
5.052900000000000169e-01
0.000000000000000000e+00
0.000000000000000000e+00
0.000000000000000000e+00
5.027300000000000102e-01
0.000000000000000000e+00
0.000000000000000000e+00
0.000000000000000000e+00
0.000000000000000000e+00
0.000000000000000000e+00
0.000000000000000000e+00
5.426999999999999602e-01
0.000000000000000000e+00
0.000000000000000000e+00
0.000000000000000000e+00
5.688100000000000378e-01
0.000000000000000000e+00
0.000000000000000000e+00
0.000000000000000000e+00
4.885499999999999843e-01
0.000000000000000000e+00
0.000000000000000000e+00
5.841600000000000126e-01
0.000000000000000000e+00
5.735099999999999643e-01
0.000000000000000000e+00
0.000000000000000000e+00
0.000000000000000000e+00
5.658800000000000496e-01
0.000000000000000000e+00
0.000000000000000000e+00
0.000000000000000000e+00
0.000000000000000000e+00
5.672700000000000520e-01
0.000000000000000000e+00
0.000000000000000000e+00
0.000000000000000000e+00
0.000000000000000000e+00
0.000000000000000000e+00
5.522099999999999786e-01
0.000000000000000000e+00
0.000000000000000000e+00
0.000000000000000000e+00
0.000000000000000000e+00
6.233199999999999852e-01
0.000000000000000000e+00
0.000000000000000000e+00
0.000000000000000000e+00
0.000000000000000000e+00
9.231099999999999861e-01
0.000000000000000000e+00
6.881599999999999939e-01
0.000000000000000000e+00
5.153200000000000003e-01
0.000000000000000000e+00
0.000000000000000000e+00
0.000000000000000000e+00
5.541300000000000114e-01
0.000000000000000000e+00
0.000000000000000000e+00
5.291799999999999837e-01
0.000000000000000000e+00
0.000000000000000000e+00
0.000000000000000000e+00
7.316200000000000481e-01
0.000000000000000000e+00
0.000000000000000000e+00
5.561899999999999622e-01
0.000000000000000000e+00
0.000000000000000000e+00
0.000000000000000000e+00
4.565100000000000269e-01
0.000000000000000000e+00
0.000000000000000000e+00
4.988600000000000256e-01
0.000000000000000000e+00
0.000000000000000000e+00
0.000000000000000000e+00
4.865900000000000225e-01
0.000000000000000000e+00
0.000000000000000000e+00
0.000000000000000000e+00
0.000000000000000000e+00
7.323300000000000365e-01
0.000000000000000000e+00
0.000000000000000000e+00
0.000000000000000000e+00
5.575099999999999500e-01
0.000000000000000000e+00
0.000000000000000000e+00
0.000000000000000000e+00
5.285699999999999843e-01
0.000000000000000000e+00
0.000000000000000000e+00
0.000000000000000000e+00
0.000000000000000000e+00
5.668100000000000360e-01
0.000000000000000000e+00
0.000000000000000000e+00
5.769100000000000339e-01
0.000000000000000000e+00
0.000000000000000000e+00
0.000000000000000000e+00
0.000000000000000000e+00
5.331700000000000328e-01
0.000000000000000000e+00
0.000000000000000000e+00
0.000000000000000000e+00
6.621399999999999508e-01
0.000000000000000000e+00
8.009199999999999653e-01
0.000000000000000000e+00
0.000000000000000000e+00
0.000000000000000000e+00
5.547400000000000109e-01
0.000000000000000000e+00
0.000000000000000000e+00
5.084199999999999831e-01
0.000000000000000000e+00
0.000000000000000000e+00
5.549800000000000288e-01
0.000000000000000000e+00
0.000000000000000000e+00
5.160200000000000342e-01
0.000000000000000000e+00
0.000000000000000000e+00
0.000000000000000000e+00
5.556900000000000173e-01
0.000000000000000000e+00
0.000000000000000000e+00
0.000000000000000000e+00
5.567199999999999926e-01
0.000000000000000000e+00
0.000000000000000000e+00
0.000000000000000000e+00
0.000000000000000000e+00
5.255400000000000071e-01
0.000000000000000000e+00
6.401400000000000423e-01
0.000000000000000000e+00
0.000000000000000000e+00
5.384400000000000297e-01
0.000000000000000000e+00
8.669099999999999584e-01
0.000000000000000000e+00
0.000000000000000000e+00
0.000000000000000000e+00
0.000000000000000000e+00
0.000000000000000000e+00
0.000000000000000000e+00
7.449999999999999956e-01
0.000000000000000000e+00
0.000000000000000000e+00
0.000000000000000000e+00
0.000000000000000000e+00
7.999100000000000099e-01
0.000000000000000000e+00
0.000000000000000000e+00
0.000000000000000000e+00
0.000000000000000000e+00
5.847499999999999920e-01
0.000000000000000000e+00
0.000000000000000000e+00
0.000000000000000000e+00
6.831899999999999640e-01
0.000000000000000000e+00
0.000000000000000000e+00
6.018900000000000361e-01
0.000000000000000000e+00
5.830199999999999827e-01
0.000000000000000000e+00
0.000000000000000000e+00
0.000000000000000000e+00
0.000000000000000000e+00
0.000000000000000000e+00
0.000000000000000000e+00
0.000000000000000000e+00
9.052599999999999536e-01
0.000000000000000000e+00
0.000000000000000000e+00
6.915599999999999525e-01
0.000000000000000000e+00
0.000000000000000000e+00
9.947500000000000231e-01
0.000000000000000000e+00
0.000000000000000000e+00
5.552899999999999503e-01
0.000000000000000000e+00
5.418199999999999683e-01
0.000000000000000000e+00
0.000000000000000000e+00
0.000000000000000000e+00
5.348100000000000076e-01
0.000000000000000000e+00
0.000000000000000000e+00
0.000000000000000000e+00
0.000000000000000000e+00
9.767000000000000126e-01
0.000000000000000000e+00
0.000000000000000000e+00
0.000000000000000000e+00
6.090900000000000203e-01
0.000000000000000000e+00
0.000000000000000000e+00
5.859299999999999509e-01
0.000000000000000000e+00
0.000000000000000000e+00
5.799199999999999910e-01
0.000000000000000000e+00
0.000000000000000000e+00
5.778100000000000458e-01
0.000000000000000000e+00
0.000000000000000000e+00
0.000000000000000000e+00
0.000000000000000000e+00
1.107599999999999918e+00
0.000000000000000000e+00
0.000000000000000000e+00
6.218900000000000539e-01
0.000000000000000000e+00
0.000000000000000000e+00
0.000000000000000000e+00
7.875999999999999668e-01
0.000000000000000000e+00
0.000000000000000000e+00
6.284300000000000441e-01
0.000000000000000000e+00
0.000000000000000000e+00
0.000000000000000000e+00
0.000000000000000000e+00
5.769900000000000029e-01
0.000000000000000000e+00
0.000000000000000000e+00
0.000000000000000000e+00
0.000000000000000000e+00
0.000000000000000000e+00
5.445900000000000185e-01
0.000000000000000000e+00
6.147099999999999786e-01
0.000000000000000000e+00
0.000000000000000000e+00
0.000000000000000000e+00
0.000000000000000000e+00
0.000000000000000000e+00
0.000000000000000000e+00
0.000000000000000000e+00
0.000000000000000000e+00
0.000000000000000000e+00
0.000000000000000000e+00
0.000000000000000000e+00
0.000000000000000000e+00
0.000000000000000000e+00
0.000000000000000000e+00
0.000000000000000000e+00
0.000000000000000000e+00
0.000000000000000000e+00
0.000000000000000000e+00
0.000000000000000000e+00
0.000000000000000000e+00
0.000000000000000000e+00
0.000000000000000000e+00
0.000000000000000000e+00
0.000000000000000000e+00
0.000000000000000000e+00
0.000000000000000000e+00
6.556600000000000206e-01
0.000000000000000000e+00
0.000000000000000000e+00
5.419599999999999973e-01
0.000000000000000000e+00
5.058899999999999508e-01
0.000000000000000000e+00
0.000000000000000000e+00
0.000000000000000000e+00
0.000000000000000000e+00
4.847199999999999842e-01
0.000000000000000000e+00
9.386499999999999844e-01
0.000000000000000000e+00
0.000000000000000000e+00
5.543299999999999894e-01
0.000000000000000000e+00
0.000000000000000000e+00
0.000000000000000000e+00
5.880100000000000326e-01
0.000000000000000000e+00
0.000000000000000000e+00
5.438699999999999646e-01
0.000000000000000000e+00
0.000000000000000000e+00
0.000000000000000000e+00
4.690599999999999770e-01
0.000000000000000000e+00
6.199999999999999956e-01
0.000000000000000000e+00
0.000000000000000000e+00
0.000000000000000000e+00
9.654099999999999904e-01
0.000000000000000000e+00
5.820999999999999508e-01
0.000000000000000000e+00
5.304999999999999716e-01
0.000000000000000000e+00
0.000000000000000000e+00
0.000000000000000000e+00
0.000000000000000000e+00
6.672299999999999898e-01
0.000000000000000000e+00
0.000000000000000000e+00
0.000000000000000000e+00
0.000000000000000000e+00
5.153999999999999693e-01
0.000000000000000000e+00
1.061090000000000089e+00
0.000000000000000000e+00
5.045800000000000285e-01
0.000000000000000000e+00
6.419200000000000461e-01
0.000000000000000000e+00
0.000000000000000000e+00
0.000000000000000000e+00
7.610299999999999843e-01
0.000000000000000000e+00
6.379299999999999971e-01
0.000000000000000000e+00
0.000000000000000000e+00
0.000000000000000000e+00
7.858100000000000085e-01
0.000000000000000000e+00
0.000000000000000000e+00
5.179300000000000015e-01
0.000000000000000000e+00
5.114300000000000512e-01
0.000000000000000000e+00
0.000000000000000000e+00
7.437200000000000477e-01
0.000000000000000000e+00
0.000000000000000000e+00
6.140600000000000502e-01
0.000000000000000000e+00
0.000000000000000000e+00
7.933499999999999996e-01
0.000000000000000000e+00
0.000000000000000000e+00
0.000000000000000000e+00
0.000000000000000000e+00
0.000000000000000000e+00
0.000000000000000000e+00
4.798299999999999788e-01
0.000000000000000000e+00
0.000000000000000000e+00
5.722800000000000109e-01
0.000000000000000000e+00
5.262000000000000011e-01
0.000000000000000000e+00
4.906599999999999850e-01
0.000000000000000000e+00
5.732699999999999463e-01
0.000000000000000000e+00
0.000000000000000000e+00
0.000000000000000000e+00
0.000000000000000000e+00
6.109900000000000331e-01
0.000000000000000000e+00
0.000000000000000000e+00
5.919600000000000417e-01
0.000000000000000000e+00
0.000000000000000000e+00
5.784299999999999997e-01
0.000000000000000000e+00
0.000000000000000000e+00
0.000000000000000000e+00
0.000000000000000000e+00
0.000000000000000000e+00
5.349199999999999511e-01
0.000000000000000000e+00
5.091700000000000115e-01
0.000000000000000000e+00
1.048370000000000024e+00
0.000000000000000000e+00
4.544799999999999951e-01
0.000000000000000000e+00
5.657200000000000006e-01
0.000000000000000000e+00
0.000000000000000000e+00
9.548499999999999766e-01
0.000000000000000000e+00
0.000000000000000000e+00
0.000000000000000000e+00
6.520700000000000385e-01
0.000000000000000000e+00
0.000000000000000000e+00
0.000000000000000000e+00
0.000000000000000000e+00
6.973500000000000254e-01
0.000000000000000000e+00
0.000000000000000000e+00
9.460100000000000176e-01
0.000000000000000000e+00
0.000000000000000000e+00
0.000000000000000000e+00
5.197100000000000053e-01
0.000000000000000000e+00
0.000000000000000000e+00
0.000000000000000000e+00
0.000000000000000000e+00
0.000000000000000000e+00
6.574600000000000444e-01
0.000000000000000000e+00
5.948600000000000554e-01
0.000000000000000000e+00
0.000000000000000000e+00
0.000000000000000000e+00
5.365100000000000424e-01
0.000000000000000000e+00
0.000000000000000000e+00
5.859999999999999654e-01
0.000000000000000000e+00
6.914700000000000291e-01
0.000000000000000000e+00
0.000000000000000000e+00
5.483599999999999586e-01
0.000000000000000000e+00
0.000000000000000000e+00
5.244100000000000428e-01
0.000000000000000000e+00
5.280099999999999794e-01
0.000000000000000000e+00
0.000000000000000000e+00
0.000000000000000000e+00
5.896599999999999620e-01
0.000000000000000000e+00
0.000000000000000000e+00
0.000000000000000000e+00
1.112389999999999990e+00
0.000000000000000000e+00
0.000000000000000000e+00
0.000000000000000000e+00
6.159900000000000375e-01
0.000000000000000000e+00
0.000000000000000000e+00
0.000000000000000000e+00
0.000000000000000000e+00
0.000000000000000000e+00
1.454639999999999933e+00
0.000000000000000000e+00
5.484400000000000386e-01
0.000000000000000000e+00
9.828900000000000414e-01
0.000000000000000000e+00
6.276699999999999502e-01
0.000000000000000000e+00
0.000000000000000000e+00
0.000000000000000000e+00
0.000000000000000000e+00
0.000000000000000000e+00
0.000000000000000000e+00
5.964800000000000102e-01
0.000000000000000000e+00
0.000000000000000000e+00
0.000000000000000000e+00
5.825099999999999723e-01
0.000000000000000000e+00
0.000000000000000000e+00
8.483100000000000085e-01
0.000000000000000000e+00
5.824500000000000233e-01
0.000000000000000000e+00
0.000000000000000000e+00
0.000000000000000000e+00
0.000000000000000000e+00
7.232600000000000140e-01
0.000000000000000000e+00
0.000000000000000000e+00
0.000000000000000000e+00
5.554400000000000448e-01
0.000000000000000000e+00
5.569399999999999906e-01
0.000000000000000000e+00
0.000000000000000000e+00
5.996200000000000419e-01
0.000000000000000000e+00
0.000000000000000000e+00
6.354199999999999848e-01
0.000000000000000000e+00
6.114399999999999835e-01
0.000000000000000000e+00
0.000000000000000000e+00
0.000000000000000000e+00
0.000000000000000000e+00
5.864300000000000068e-01
0.000000000000000000e+00
0.000000000000000000e+00
0.000000000000000000e+00
0.000000000000000000e+00
8.347700000000000120e-01
0.000000000000000000e+00
5.802599999999999980e-01
0.000000000000000000e+00
0.000000000000000000e+00
0.000000000000000000e+00
0.000000000000000000e+00
6.054399999999999782e-01
0.000000000000000000e+00
0.000000000000000000e+00
5.524999999999999911e-01
0.000000000000000000e+00
0.000000000000000000e+00
0.000000000000000000e+00
5.657699999999999951e-01
0.000000000000000000e+00
0.000000000000000000e+00
5.579600000000000115e-01
0.000000000000000000e+00
0.000000000000000000e+00
5.121799999999999686e-01
0.000000000000000000e+00
0.000000000000000000e+00
7.101100000000000190e-01
0.000000000000000000e+00
0.000000000000000000e+00
0.000000000000000000e+00
6.161600000000000410e-01
0.000000000000000000e+00
0.000000000000000000e+00
0.000000000000000000e+00
0.000000000000000000e+00
5.224499999999999700e-01
0.000000000000000000e+00
0.000000000000000000e+00
0.000000000000000000e+00
0.000000000000000000e+00
0.000000000000000000e+00
0.000000000000000000e+00
0.000000000000000000e+00
0.000000000000000000e+00
0.000000000000000000e+00
0.000000000000000000e+00
0.000000000000000000e+00
0.000000000000000000e+00
0.000000000000000000e+00
0.000000000000000000e+00
0.000000000000000000e+00
0.000000000000000000e+00
0.000000000000000000e+00
0.000000000000000000e+00
0.000000000000000000e+00
0.000000000000000000e+00
0.000000000000000000e+00
0.000000000000000000e+00
0.000000000000000000e+00
0.000000000000000000e+00
5.930900000000000061e-01
0.000000000000000000e+00
0.000000000000000000e+00
0.000000000000000000e+00
5.187100000000000044e-01
0.000000000000000000e+00
0.000000000000000000e+00
0.000000000000000000e+00
4.714599999999999902e-01
0.000000000000000000e+00
0.000000000000000000e+00
0.000000000000000000e+00
0.000000000000000000e+00
8.179199999999999804e-01
0.000000000000000000e+00
0.000000000000000000e+00
0.000000000000000000e+00
0.000000000000000000e+00
4.942699999999999871e-01
0.000000000000000000e+00
0.000000000000000000e+00
4.836900000000000088e-01
0.000000000000000000e+00
0.000000000000000000e+00
6.701099999999999834e-01
0.000000000000000000e+00
0.000000000000000000e+00
0.000000000000000000e+00
0.000000000000000000e+00
0.000000000000000000e+00
0.000000000000000000e+00
7.894900000000000251e-01
0.000000000000000000e+00
1.096139999999999892e+00
0.000000000000000000e+00
0.000000000000000000e+00
5.404200000000000115e-01
0.000000000000000000e+00
0.000000000000000000e+00
6.931000000000000494e-01
0.000000000000000000e+00
0.000000000000000000e+00
5.749600000000000266e-01
0.000000000000000000e+00
0.000000000000000000e+00
0.000000000000000000e+00
7.046299999999999786e-01
0.000000000000000000e+00
0.000000000000000000e+00
0.000000000000000000e+00
0.000000000000000000e+00
6.383400000000000185e-01
0.000000000000000000e+00
0.000000000000000000e+00
6.463700000000000001e-01
0.000000000000000000e+00
8.097100000000000408e-01
0.000000000000000000e+00
0.000000000000000000e+00
0.000000000000000000e+00
8.037800000000000500e-01
0.000000000000000000e+00
0.000000000000000000e+00
8.411699999999999733e-01
0.000000000000000000e+00
6.486300000000000399e-01
0.000000000000000000e+00
8.155799999999999716e-01
0.000000000000000000e+00
0.000000000000000000e+00
6.564699999999999980e-01
0.000000000000000000e+00
0.000000000000000000e+00
0.000000000000000000e+00
0.000000000000000000e+00
1.001910000000000078e+00
0.000000000000000000e+00
0.000000000000000000e+00
7.260999999999999677e-01
0.000000000000000000e+00
0.000000000000000000e+00
0.000000000000000000e+00
0.000000000000000000e+00
8.265500000000000069e-01
0.000000000000000000e+00
0.000000000000000000e+00
0.000000000000000000e+00
5.245999999999999552e-01
0.000000000000000000e+00
0.000000000000000000e+00
0.000000000000000000e+00
5.538600000000000190e-01
0.000000000000000000e+00
6.512099999999999556e-01
0.000000000000000000e+00
0.000000000000000000e+00
0.000000000000000000e+00
0.000000000000000000e+00
5.401200000000000445e-01
0.000000000000000000e+00
5.516299999999999537e-01
0.000000000000000000e+00
0.000000000000000000e+00
0.000000000000000000e+00
0.000000000000000000e+00
0.000000000000000000e+00
4.663100000000000023e-01
0.000000000000000000e+00
0.000000000000000000e+00
0.000000000000000000e+00
8.812600000000000433e-01
0.000000000000000000e+00
5.595900000000000318e-01
0.000000000000000000e+00
0.000000000000000000e+00
5.486799999999999455e-01
0.000000000000000000e+00
4.776099999999999790e-01
0.000000000000000000e+00
4.902699999999999836e-01
0.000000000000000000e+00
0.000000000000000000e+00
8.761600000000000499e-01
0.000000000000000000e+00
0.000000000000000000e+00
0.000000000000000000e+00
0.000000000000000000e+00
5.030700000000000172e-01
0.000000000000000000e+00
8.105700000000000127e-01
0.000000000000000000e+00
0.000000000000000000e+00
0.000000000000000000e+00
5.651300000000000212e-01
0.000000000000000000e+00
0.000000000000000000e+00
0.000000000000000000e+00
0.000000000000000000e+00
5.643099999999999783e-01
0.000000000000000000e+00
0.000000000000000000e+00
5.192099999999999493e-01
0.000000000000000000e+00
0.000000000000000000e+00
5.033699999999999841e-01
0.000000000000000000e+00
0.000000000000000000e+00
0.000000000000000000e+00
0.000000000000000000e+00
6.898999999999999577e-01
0.000000000000000000e+00
0.000000000000000000e+00
0.000000000000000000e+00
4.970899999999999763e-01
0.000000000000000000e+00
0.000000000000000000e+00
0.000000000000000000e+00
0.000000000000000000e+00
8.811200000000000143e-01
0.000000000000000000e+00
0.000000000000000000e+00
0.000000000000000000e+00
0.000000000000000000e+00
6.132600000000000273e-01
0.000000000000000000e+00
6.908100000000000351e-01
0.000000000000000000e+00
0.000000000000000000e+00
0.000000000000000000e+00
5.438499999999999446e-01
0.000000000000000000e+00
0.000000000000000000e+00
0.000000000000000000e+00
4.555000000000000160e-01
0.000000000000000000e+00
0.000000000000000000e+00
0.000000000000000000e+00
0.000000000000000000e+00
5.707499999999999796e-01
0.000000000000000000e+00
5.548800000000000399e-01
0.000000000000000000e+00
0.000000000000000000e+00
6.805999999999999828e-01
0.000000000000000000e+00
0.000000000000000000e+00
0.000000000000000000e+00
5.502799999999999914e-01
0.000000000000000000e+00
0.000000000000000000e+00
0.000000000000000000e+00
0.000000000000000000e+00
0.000000000000000000e+00
1.010199999999999987e+00
0.000000000000000000e+00
0.000000000000000000e+00
0.000000000000000000e+00
0.000000000000000000e+00
5.481700000000000461e-01
0.000000000000000000e+00
0.000000000000000000e+00
4.652399999999999869e-01
0.000000000000000000e+00
0.000000000000000000e+00
0.000000000000000000e+00
5.866400000000000503e-01
0.000000000000000000e+00
5.861899999999999888e-01
0.000000000000000000e+00
4.096500000000000141e-01
0.000000000000000000e+00
0.000000000000000000e+00
0.000000000000000000e+00
7.527700000000000502e-01
0.000000000000000000e+00
0.000000000000000000e+00
6.167700000000000404e-01
0.000000000000000000e+00
0.000000000000000000e+00
0.000000000000000000e+00
5.767600000000000504e-01
0.000000000000000000e+00
0.000000000000000000e+00
0.000000000000000000e+00
9.718799999999999661e-01
0.000000000000000000e+00
4.922599999999999754e-01
0.000000000000000000e+00
4.798600000000000088e-01
0.000000000000000000e+00
4.521600000000000064e-01
0.000000000000000000e+00
0.000000000000000000e+00
6.401700000000000168e-01
0.000000000000000000e+00
0.000000000000000000e+00
6.197200000000000486e-01
0.000000000000000000e+00
0.000000000000000000e+00
0.000000000000000000e+00
0.000000000000000000e+00
4.628800000000000137e-01
0.000000000000000000e+00
0.000000000000000000e+00
0.000000000000000000e+00
5.224400000000000155e-01
0.000000000000000000e+00
0.000000000000000000e+00
6.817100000000000382e-01
0.000000000000000000e+00
4.402900000000000147e-01
0.000000000000000000e+00
0.000000000000000000e+00
0.000000000000000000e+00
0.000000000000000000e+00
7.102000000000000535e-01
0.000000000000000000e+00
0.000000000000000000e+00
6.816100000000000492e-01
0.000000000000000000e+00
0.000000000000000000e+00
0.000000000000000000e+00
5.930900000000000061e-01
0.000000000000000000e+00
0.000000000000000000e+00
6.049700000000000077e-01
0.000000000000000000e+00
0.000000000000000000e+00
4.582100000000000062e-01
0.000000000000000000e+00
0.000000000000000000e+00
0.000000000000000000e+00
5.915200000000000458e-01
0.000000000000000000e+00
0.000000000000000000e+00
5.661699999999999511e-01
0.000000000000000000e+00
0.000000000000000000e+00
0.000000000000000000e+00
4.753000000000000003e-01
0.000000000000000000e+00
0.000000000000000000e+00
0.000000000000000000e+00
0.000000000000000000e+00
0.000000000000000000e+00
0.000000000000000000e+00
0.000000000000000000e+00
0.000000000000000000e+00
0.000000000000000000e+00
0.000000000000000000e+00
0.000000000000000000e+00
0.000000000000000000e+00
0.000000000000000000e+00
0.000000000000000000e+00
0.000000000000000000e+00
0.000000000000000000e+00
0.000000000000000000e+00
0.000000000000000000e+00
0.000000000000000000e+00
0.000000000000000000e+00
0.000000000000000000e+00
6.203300000000000480e-01
0.000000000000000000e+00
0.000000000000000000e+00
0.000000000000000000e+00
4.918299999999999894e-01
0.000000000000000000e+00
3.944699999999999873e-01
0.000000000000000000e+00
0.000000000000000000e+00
4.377099999999999880e-01
0.000000000000000000e+00
0.000000000000000000e+00
0.000000000000000000e+00
6.144699999999999607e-01
0.000000000000000000e+00
0.000000000000000000e+00
5.167000000000000481e-01
0.000000000000000000e+00
0.000000000000000000e+00
4.760300000000000087e-01
0.000000000000000000e+00
0.000000000000000000e+00
3.973200000000000065e-01
0.000000000000000000e+00
0.000000000000000000e+00
0.000000000000000000e+00
4.818899999999999850e-01
0.000000000000000000e+00
0.000000000000000000e+00
6.131600000000000383e-01
0.000000000000000000e+00
4.630699999999999816e-01
0.000000000000000000e+00
0.000000000000000000e+00
0.000000000000000000e+00
5.958400000000000363e-01
0.000000000000000000e+00
0.000000000000000000e+00
8.636000000000000343e-01
0.000000000000000000e+00
0.000000000000000000e+00
0.000000000000000000e+00
4.726699999999999791e-01
0.000000000000000000e+00
5.606999999999999762e-01
0.000000000000000000e+00
0.000000000000000000e+00
0.000000000000000000e+00
5.546900000000000164e-01
0.000000000000000000e+00
0.000000000000000000e+00
0.000000000000000000e+00
0.000000000000000000e+00
5.506400000000000183e-01
0.000000000000000000e+00
0.000000000000000000e+00
5.574400000000000466e-01
0.000000000000000000e+00
0.000000000000000000e+00
0.000000000000000000e+00
5.717100000000000515e-01
0.000000000000000000e+00
0.000000000000000000e+00
0.000000000000000000e+00
5.990600000000000369e-01
0.000000000000000000e+00
5.746900000000000341e-01
0.000000000000000000e+00
4.357500000000000262e-01
0.000000000000000000e+00
8.851400000000000379e-01
0.000000000000000000e+00
0.000000000000000000e+00
0.000000000000000000e+00
5.598600000000000243e-01
0.000000000000000000e+00
0.000000000000000000e+00
0.000000000000000000e+00
5.019700000000000273e-01
0.000000000000000000e+00
0.000000000000000000e+00
0.000000000000000000e+00
4.859399999999999831e-01
0.000000000000000000e+00
6.575900000000000079e-01
0.000000000000000000e+00
0.000000000000000000e+00
0.000000000000000000e+00
4.886499999999999733e-01
0.000000000000000000e+00
0.000000000000000000e+00
0.000000000000000000e+00
0.000000000000000000e+00
0.000000000000000000e+00
0.000000000000000000e+00
8.137100000000000444e-01
0.000000000000000000e+00
4.450600000000000112e-01
0.000000000000000000e+00
8.275700000000000278e-01
0.000000000000000000e+00
5.831899999999999862e-01
0.000000000000000000e+00
0.000000000000000000e+00
0.000000000000000000e+00
0.000000000000000000e+00
4.567499999999999893e-01
0.000000000000000000e+00
0.000000000000000000e+00
5.659399999999999986e-01
0.000000000000000000e+00
4.634900000000000131e-01
0.000000000000000000e+00
5.435400000000000231e-01
0.000000000000000000e+00
0.000000000000000000e+00
0.000000000000000000e+00
5.439699999999999536e-01
0.000000000000000000e+00
0.000000000000000000e+00
5.649300000000000432e-01
0.000000000000000000e+00
0.000000000000000000e+00
5.034399999999999986e-01
0.000000000000000000e+00
0.000000000000000000e+00
4.445600000000000107e-01
0.000000000000000000e+00
5.580300000000000260e-01
0.000000000000000000e+00
0.000000000000000000e+00
5.360200000000000520e-01
0.000000000000000000e+00
0.000000000000000000e+00
0.000000000000000000e+00
5.259099999999999886e-01
0.000000000000000000e+00
5.635200000000000209e-01
0.000000000000000000e+00
0.000000000000000000e+00
5.918200000000000127e-01
0.000000000000000000e+00
0.000000000000000000e+00
1.110349999999999948e+00
0.000000000000000000e+00
0.000000000000000000e+00
5.304200000000000026e-01
0.000000000000000000e+00
4.810200000000000031e-01
0.000000000000000000e+00
0.000000000000000000e+00
0.000000000000000000e+00
0.000000000000000000e+00
5.349099999999999966e-01
0.000000000000000000e+00
0.000000000000000000e+00
0.000000000000000000e+00
0.000000000000000000e+00
0.000000000000000000e+00
5.704399999999999471e-01
0.000000000000000000e+00
0.000000000000000000e+00
0.000000000000000000e+00
5.421899999999999498e-01
0.000000000000000000e+00
0.000000000000000000e+00
0.000000000000000000e+00
0.000000000000000000e+00
0.000000000000000000e+00
5.036699999999999511e-01
0.000000000000000000e+00
0.000000000000000000e+00
5.054300000000000459e-01
0.000000000000000000e+00
6.084699999999999553e-01
0.000000000000000000e+00
0.000000000000000000e+00
0.000000000000000000e+00
0.000000000000000000e+00
5.657499999999999751e-01
0.000000000000000000e+00
0.000000000000000000e+00
4.744900000000000229e-01
0.000000000000000000e+00
6.076599999999999779e-01
0.000000000000000000e+00
4.701799999999999868e-01
0.000000000000000000e+00
0.000000000000000000e+00
4.760699999999999932e-01
0.000000000000000000e+00
0.000000000000000000e+00
4.540899999999999936e-01
0.000000000000000000e+00
0.000000000000000000e+00
0.000000000000000000e+00
3.898800000000000043e-01
0.000000000000000000e+00
4.486800000000000233e-01
0.000000000000000000e+00
0.000000000000000000e+00
4.734499999999999820e-01
0.000000000000000000e+00
0.000000000000000000e+00
0.000000000000000000e+00
9.224499999999999922e-01
0.000000000000000000e+00
0.000000000000000000e+00
0.000000000000000000e+00
0.000000000000000000e+00
4.412099999999999911e-01
0.000000000000000000e+00
5.027500000000000302e-01
0.000000000000000000e+00
0.000000000000000000e+00
0.000000000000000000e+00
5.394799999999999596e-01
0.000000000000000000e+00
0.000000000000000000e+00
5.524299999999999766e-01
0.000000000000000000e+00
0.000000000000000000e+00
0.000000000000000000e+00
5.044199999999999795e-01
0.000000000000000000e+00
0.000000000000000000e+00
0.000000000000000000e+00
5.688499999999999668e-01
0.000000000000000000e+00
6.234800000000000342e-01
0.000000000000000000e+00
0.000000000000000000e+00
5.345999999999999641e-01
0.000000000000000000e+00
0.000000000000000000e+00
0.000000000000000000e+00
4.299000000000000044e-01
0.000000000000000000e+00
0.000000000000000000e+00
0.000000000000000000e+00
0.000000000000000000e+00
5.716799999999999660e-01
0.000000000000000000e+00
5.888200000000000101e-01
0.000000000000000000e+00
4.292000000000000259e-01
0.000000000000000000e+00
4.908100000000000240e-01
0.000000000000000000e+00
0.000000000000000000e+00
4.369799999999999796e-01
0.000000000000000000e+00
0.000000000000000000e+00
0.000000000000000000e+00
5.187599999999999989e-01
0.000000000000000000e+00
0.000000000000000000e+00
5.421599999999999753e-01
0.000000000000000000e+00
0.000000000000000000e+00
0.000000000000000000e+00
0.000000000000000000e+00
0.000000000000000000e+00
0.000000000000000000e+00
0.000000000000000000e+00
0.000000000000000000e+00
0.000000000000000000e+00
0.000000000000000000e+00
0.000000000000000000e+00
0.000000000000000000e+00
0.000000000000000000e+00
0.000000000000000000e+00
0.000000000000000000e+00
0.000000000000000000e+00
0.000000000000000000e+00
0.000000000000000000e+00
0.000000000000000000e+00
0.000000000000000000e+00
0.000000000000000000e+00
4.684499999999999775e-01
0.000000000000000000e+00
0.000000000000000000e+00
0.000000000000000000e+00
0.000000000000000000e+00
4.452900000000000191e-01
0.000000000000000000e+00
5.519199999999999662e-01
0.000000000000000000e+00
0.000000000000000000e+00
0.000000000000000000e+00
0.000000000000000000e+00
6.552200000000000246e-01
0.000000000000000000e+00
4.797799999999999843e-01
0.000000000000000000e+00
0.000000000000000000e+00
0.000000000000000000e+00
4.974299999999999833e-01
0.000000000000000000e+00
0.000000000000000000e+00
0.000000000000000000e+00
6.008299999999999752e-01
0.000000000000000000e+00
0.000000000000000000e+00
0.000000000000000000e+00
0.000000000000000000e+00
0.000000000000000000e+00
5.351000000000000201e-01
0.000000000000000000e+00
0.000000000000000000e+00
5.074999999999999512e-01
0.000000000000000000e+00
0.000000000000000000e+00
0.000000000000000000e+00
0.000000000000000000e+00
5.822199999999999598e-01
0.000000000000000000e+00
0.000000000000000000e+00
0.000000000000000000e+00
5.313400000000000345e-01
0.000000000000000000e+00
0.000000000000000000e+00
4.354999999999999982e-01
0.000000000000000000e+00
6.638600000000000056e-01
0.000000000000000000e+00
0.000000000000000000e+00
0.000000000000000000e+00
0.000000000000000000e+00
6.744799999999999685e-01
0.000000000000000000e+00
0.000000000000000000e+00
0.000000000000000000e+00
0.000000000000000000e+00
0.000000000000000000e+00
0.000000000000000000e+00
5.744000000000000217e-01
0.000000000000000000e+00
0.000000000000000000e+00
0.000000000000000000e+00
5.704200000000000381e-01
0.000000000000000000e+00
0.000000000000000000e+00
5.219099999999999850e-01
0.000000000000000000e+00
0.000000000000000000e+00
5.066199999999999593e-01
0.000000000000000000e+00
0.000000000000000000e+00
0.000000000000000000e+00
0.000000000000000000e+00
0.000000000000000000e+00
7.543400000000000105e-01
0.000000000000000000e+00
0.000000000000000000e+00
9.120500000000000274e-01
0.000000000000000000e+00
0.000000000000000000e+00
5.566999999999999726e-01
0.000000000000000000e+00
0.000000000000000000e+00
0.000000000000000000e+00
6.421900000000000386e-01
0.000000000000000000e+00
5.245400000000000063e-01
0.000000000000000000e+00
5.981499999999999595e-01
0.000000000000000000e+00
5.530899999999999705e-01
0.000000000000000000e+00
0.000000000000000000e+00
0.000000000000000000e+00
0.000000000000000000e+00
5.119500000000000162e-01
0.000000000000000000e+00
7.490099999999999536e-01
0.000000000000000000e+00
0.000000000000000000e+00
0.000000000000000000e+00
7.367299999999999960e-01
0.000000000000000000e+00
0.000000000000000000e+00
9.634500000000000286e-01
0.000000000000000000e+00
0.000000000000000000e+00
4.688100000000000045e-01
0.000000000000000000e+00
0.000000000000000000e+00
0.000000000000000000e+00
5.564599999999999547e-01
0.000000000000000000e+00
0.000000000000000000e+00
0.000000000000000000e+00
0.000000000000000000e+00
0.000000000000000000e+00
4.274899999999999811e-01
0.000000000000000000e+00
0.000000000000000000e+00
0.000000000000000000e+00
5.552200000000000468e-01
0.000000000000000000e+00
5.011700000000000044e-01
0.000000000000000000e+00
0.000000000000000000e+00
4.004599999999999826e-01
0.000000000000000000e+00
0.000000000000000000e+00
0.000000000000000000e+00
0.000000000000000000e+00
0.000000000000000000e+00
4.225300000000000167e-01
0.000000000000000000e+00
0.000000000000000000e+00
6.118700000000000250e-01
0.000000000000000000e+00
0.000000000000000000e+00
0.000000000000000000e+00
7.603900000000000103e-01
0.000000000000000000e+00
0.000000000000000000e+00
0.000000000000000000e+00
0.000000000000000000e+00
1.241440000000000099e+00
0.000000000000000000e+00
5.044399999999999995e-01
0.000000000000000000e+00
0.000000000000000000e+00
4.552300000000000235e-01
0.000000000000000000e+00
0.000000000000000000e+00
0.000000000000000000e+00
0.000000000000000000e+00
5.306499999999999551e-01
0.000000000000000000e+00
0.000000000000000000e+00
0.000000000000000000e+00
0.000000000000000000e+00
0.000000000000000000e+00
0.000000000000000000e+00
0.000000000000000000e+00
4.982199999999999962e-01
0.000000000000000000e+00
6.291200000000000125e-01
0.000000000000000000e+00
4.282199999999999895e-01
0.000000000000000000e+00
5.487499999999999600e-01
0.000000000000000000e+00
4.712999999999999967e-01
0.000000000000000000e+00
0.000000000000000000e+00
4.972400000000000153e-01
0.000000000000000000e+00
0.000000000000000000e+00
0.000000000000000000e+00
0.000000000000000000e+00
0.000000000000000000e+00
3.913300000000000112e-01
0.000000000000000000e+00
4.563099999999999934e-01
0.000000000000000000e+00
6.512999999999999901e-01
0.000000000000000000e+00
0.000000000000000000e+00
0.000000000000000000e+00
1.492809999999999970e+00
0.000000000000000000e+00
1.202129999999999921e+00
0.000000000000000000e+00
0.000000000000000000e+00
0.000000000000000000e+00
1.052740000000000009e+00
0.000000000000000000e+00
5.596400000000000263e-01
0.000000000000000000e+00
0.000000000000000000e+00
0.000000000000000000e+00
0.000000000000000000e+00
5.224499999999999700e-01
0.000000000000000000e+00
0.000000000000000000e+00
0.000000000000000000e+00
0.000000000000000000e+00
0.000000000000000000e+00
0.000000000000000000e+00
6.404499999999999638e-01
0.000000000000000000e+00
0.000000000000000000e+00
0.000000000000000000e+00
5.920600000000000307e-01
0.000000000000000000e+00
0.000000000000000000e+00
5.277500000000000524e-01
0.000000000000000000e+00
0.000000000000000000e+00
0.000000000000000000e+00
7.347599999999999687e-01
0.000000000000000000e+00
0.000000000000000000e+00
7.050199999999999800e-01
0.000000000000000000e+00
0.000000000000000000e+00
0.000000000000000000e+00
0.000000000000000000e+00
0.000000000000000000e+00
7.984400000000000386e-01
0.000000000000000000e+00
4.707500000000000018e-01
0.000000000000000000e+00
0.000000000000000000e+00
5.612599999999999811e-01
0.000000000000000000e+00
0.000000000000000000e+00
0.000000000000000000e+00
0.000000000000000000e+00
4.445600000000000107e-01
0.000000000000000000e+00
0.000000000000000000e+00
0.000000000000000000e+00
0.000000000000000000e+00
4.558300000000000129e-01
0.000000000000000000e+00
0.000000000000000000e+00
5.027899999999999592e-01
0.000000000000000000e+00
4.721699999999999786e-01
0.000000000000000000e+00
4.557999999999999829e-01
0.000000000000000000e+00
4.293000000000000149e-01
0.000000000000000000e+00
7.313499999999999446e-01
0.000000000000000000e+00
0.000000000000000000e+00
4.392699999999999938e-01
0.000000000000000000e+00
0.000000000000000000e+00
4.435600000000000098e-01
0.000000000000000000e+00
0.000000000000000000e+00
4.174200000000000133e-01
0.000000000000000000e+00
0.000000000000000000e+00
4.986999999999999766e-01
0.000000000000000000e+00
0.000000000000000000e+00
0.000000000000000000e+00
5.087300000000000155e-01
0.000000000000000000e+00
5.772500000000000409e-01
0.000000000000000000e+00
0.000000000000000000e+00
8.674399999999999888e-01
0.000000000000000000e+00
0.000000000000000000e+00
5.428399999999999892e-01
0.000000000000000000e+00
0.000000000000000000e+00
0.000000000000000000e+00
0.000000000000000000e+00
4.782699999999999729e-01
0.000000000000000000e+00
0.000000000000000000e+00
0.000000000000000000e+00
0.000000000000000000e+00
0.000000000000000000e+00
0.000000000000000000e+00
0.000000000000000000e+00
0.000000000000000000e+00
0.000000000000000000e+00
0.000000000000000000e+00
0.000000000000000000e+00
0.000000000000000000e+00
0.000000000000000000e+00
0.000000000000000000e+00
0.000000000000000000e+00
0.000000000000000000e+00
0.000000000000000000e+00
0.000000000000000000e+00
0.000000000000000000e+00
0.000000000000000000e+00
0.000000000000000000e+00
0.000000000000000000e+00
0.000000000000000000e+00
8.340300000000000491e-01
0.000000000000000000e+00
0.000000000000000000e+00
5.270700000000000385e-01
0.000000000000000000e+00
0.000000000000000000e+00
7.549599999999999644e-01
0.000000000000000000e+00
0.000000000000000000e+00
0.000000000000000000e+00
3.894299999999999984e-01
0.000000000000000000e+00
0.000000000000000000e+00
0.000000000000000000e+00
0.000000000000000000e+00
5.398600000000000065e-01
0.000000000000000000e+00
0.000000000000000000e+00
7.934900000000000286e-01
0.000000000000000000e+00
0.000000000000000000e+00
0.000000000000000000e+00
5.125899999999999901e-01
0.000000000000000000e+00
0.000000000000000000e+00
0.000000000000000000e+00
5.209000000000000297e-01
0.000000000000000000e+00
0.000000000000000000e+00
5.352500000000000036e-01
0.000000000000000000e+00
5.717900000000000205e-01
0.000000000000000000e+00
5.193799999999999528e-01
0.000000000000000000e+00
0.000000000000000000e+00
0.000000000000000000e+00
4.839700000000000113e-01
0.000000000000000000e+00
4.399700000000000277e-01
0.000000000000000000e+00
0.000000000000000000e+00
0.000000000000000000e+00
0.000000000000000000e+00
4.258500000000000063e-01
0.000000000000000000e+00
0.000000000000000000e+00
0.000000000000000000e+00
0.000000000000000000e+00
5.751100000000000101e-01
0.000000000000000000e+00
0.000000000000000000e+00
5.733399999999999608e-01
0.000000000000000000e+00
4.925499999999999878e-01
0.000000000000000000e+00
5.960800000000000542e-01
0.000000000000000000e+00
0.000000000000000000e+00
0.000000000000000000e+00
0.000000000000000000e+00
5.379800000000000137e-01
0.000000000000000000e+00
0.000000000000000000e+00
5.438300000000000356e-01
0.000000000000000000e+00
0.000000000000000000e+00
5.077700000000000546e-01
0.000000000000000000e+00
0.000000000000000000e+00
4.698399999999999799e-01
0.000000000000000000e+00
0.000000000000000000e+00
5.214299999999999491e-01
0.000000000000000000e+00
0.000000000000000000e+00
4.740800000000000014e-01
0.000000000000000000e+00
0.000000000000000000e+00
0.000000000000000000e+00
0.000000000000000000e+00
0.000000000000000000e+00
0.000000000000000000e+00
4.759999999999999787e-01
0.000000000000000000e+00
0.000000000000000000e+00
0.000000000000000000e+00
0.000000000000000000e+00
4.007200000000000206e-01
0.000000000000000000e+00
0.000000000000000000e+00
0.000000000000000000e+00
4.164200000000000124e-01
0.000000000000000000e+00
0.000000000000000000e+00
4.521600000000000064e-01
0.000000000000000000e+00
4.707500000000000018e-01
0.000000000000000000e+00
0.000000000000000000e+00
4.837099999999999733e-01
0.000000000000000000e+00
0.000000000000000000e+00
5.038899999999999491e-01
0.000000000000000000e+00
0.000000000000000000e+00
0.000000000000000000e+00
0.000000000000000000e+00
0.000000000000000000e+00
4.860499999999999821e-01
0.000000000000000000e+00
9.966599999999999904e-01
0.000000000000000000e+00
5.517300000000000537e-01
0.000000000000000000e+00
4.241500000000000270e-01
0.000000000000000000e+00
0.000000000000000000e+00
4.534699999999999842e-01
0.000000000000000000e+00
0.000000000000000000e+00
6.346800000000000219e-01
0.000000000000000000e+00
0.000000000000000000e+00
4.760400000000000187e-01
0.000000000000000000e+00
0.000000000000000000e+00
0.000000000000000000e+00
0.000000000000000000e+00
4.495100000000000207e-01
0.000000000000000000e+00
0.000000000000000000e+00
0.000000000000000000e+00
4.505199999999999760e-01
0.000000000000000000e+00
5.229899999999999549e-01
0.000000000000000000e+00
0.000000000000000000e+00
0.000000000000000000e+00
5.160500000000000087e-01
0.000000000000000000e+00
4.716000000000000192e-01
0.000000000000000000e+00
0.000000000000000000e+00
0.000000000000000000e+00
7.164300000000000113e-01
0.000000000000000000e+00
5.459300000000000264e-01
0.000000000000000000e+00
0.000000000000000000e+00
0.000000000000000000e+00
0.000000000000000000e+00
0.000000000000000000e+00
4.785499999999999754e-01
0.000000000000000000e+00
5.669999999999999485e-01
0.000000000000000000e+00
0.000000000000000000e+00
0.000000000000000000e+00
5.215899999999999981e-01
0.000000000000000000e+00
5.082100000000000506e-01
0.000000000000000000e+00
0.000000000000000000e+00
0.000000000000000000e+00
0.000000000000000000e+00
0.000000000000000000e+00
0.000000000000000000e+00
5.664700000000000291e-01
0.000000000000000000e+00
0.000000000000000000e+00
0.000000000000000000e+00
6.005599999999999827e-01
0.000000000000000000e+00
0.000000000000000000e+00
0.000000000000000000e+00
5.432500000000000107e-01
0.000000000000000000e+00
0.000000000000000000e+00
4.965300000000000269e-01
0.000000000000000000e+00
0.000000000000000000e+00
5.598699999999999788e-01
0.000000000000000000e+00
5.304299999999999571e-01
0.000000000000000000e+00
0.000000000000000000e+00
4.412099999999999911e-01
0.000000000000000000e+00
0.000000000000000000e+00
0.000000000000000000e+00
0.000000000000000000e+00
4.600099999999999745e-01
0.000000000000000000e+00
5.059399999999999453e-01
0.000000000000000000e+00
0.000000000000000000e+00
0.000000000000000000e+00
0.000000000000000000e+00
8.335099999999999731e-01
0.000000000000000000e+00
0.000000000000000000e+00
0.000000000000000000e+00
5.225199999999999845e-01
0.000000000000000000e+00
5.311099999999999710e-01
0.000000000000000000e+00
0.000000000000000000e+00
0.000000000000000000e+00
0.000000000000000000e+00
5.579300000000000370e-01
0.000000000000000000e+00
0.000000000000000000e+00
0.000000000000000000e+00
0.000000000000000000e+00
0.000000000000000000e+00
6.017700000000000271e-01
0.000000000000000000e+00
0.000000000000000000e+00
0.000000000000000000e+00
0.000000000000000000e+00
6.334800000000000431e-01
0.000000000000000000e+00
0.000000000000000000e+00
5.161700000000000177e-01
0.000000000000000000e+00
7.146799999999999820e-01
0.000000000000000000e+00
0.000000000000000000e+00
4.571600000000000108e-01
0.000000000000000000e+00
0.000000000000000000e+00
6.750199999999999534e-01
0.000000000000000000e+00
0.000000000000000000e+00
0.000000000000000000e+00
0.000000000000000000e+00
4.584400000000000142e-01
0.000000000000000000e+00
5.974399999999999711e-01
0.000000000000000000e+00
0.000000000000000000e+00
5.987400000000000500e-01
0.000000000000000000e+00
0.000000000000000000e+00
8.719000000000000083e-01
0.000000000000000000e+00
0.000000000000000000e+00
0.000000000000000000e+00
7.019900000000000029e-01
0.000000000000000000e+00
6.241200000000000081e-01
0.000000000000000000e+00
0.000000000000000000e+00
5.885200000000000431e-01
0.000000000000000000e+00
5.388800000000000257e-01
0.000000000000000000e+00
4.983899999999999997e-01
0.000000000000000000e+00
5.491500000000000270e-01
0.000000000000000000e+00
0.000000000000000000e+00
0.000000000000000000e+00
0.000000000000000000e+00
5.581899999999999640e-01
0.000000000000000000e+00
0.000000000000000000e+00
4.625799999999999912e-01
0.000000000000000000e+00
0.000000000000000000e+00
0.000000000000000000e+00
0.000000000000000000e+00
0.000000000000000000e+00
0.000000000000000000e+00
0.000000000000000000e+00
0.000000000000000000e+00
0.000000000000000000e+00
0.000000000000000000e+00
0.000000000000000000e+00
0.000000000000000000e+00
0.000000000000000000e+00
