0.000000000000000000e+00
0.000000000000000000e+00
0.000000000000000000e+00
0.000000000000000000e+00
0.000000000000000000e+00
0.000000000000000000e+00
0.000000000000000000e+00
0.000000000000000000e+00
0.000000000000000000e+00
0.000000000000000000e+00
1.533900000000000041e+00
0.000000000000000000e+00
7.994200000000000195e-01
0.000000000000000000e+00
0.000000000000000000e+00
6.867400000000000171e-01
0.000000000000000000e+00
0.000000000000000000e+00
6.729699999999999571e-01
0.000000000000000000e+00
6.516399999999999970e-01
0.000000000000000000e+00
0.000000000000000000e+00
0.000000000000000000e+00
8.182000000000000384e-01
0.000000000000000000e+00
0.000000000000000000e+00
0.000000000000000000e+00
6.481999999999999984e-01
0.000000000000000000e+00
0.000000000000000000e+00
8.694600000000000106e-01
0.000000000000000000e+00
0.000000000000000000e+00
0.000000000000000000e+00
8.306999999999999940e-01
0.000000000000000000e+00
6.906799999999999606e-01
0.000000000000000000e+00
0.000000000000000000e+00
6.960699999999999665e-01
0.000000000000000000e+00
5.706299999999999706e-01
0.000000000000000000e+00
6.594600000000000461e-01
0.000000000000000000e+00
0.000000000000000000e+00
0.000000000000000000e+00
0.000000000000000000e+00
6.853099999999999747e-01
0.000000000000000000e+00
0.000000000000000000e+00
0.000000000000000000e+00
1.123690000000000078e+00
0.000000000000000000e+00
5.635299999999999754e-01
0.000000000000000000e+00
0.000000000000000000e+00
6.719199999999999617e-01
0.000000000000000000e+00
0.000000000000000000e+00
0.000000000000000000e+00
8.553800000000000292e-01
0.000000000000000000e+00
0.000000000000000000e+00
0.000000000000000000e+00
8.914699999999999847e-01
0.000000000000000000e+00
0.000000000000000000e+00
0.000000000000000000e+00
0.000000000000000000e+00
0.000000000000000000e+00
0.000000000000000000e+00
5.984500000000000375e-01
0.000000000000000000e+00
0.000000000000000000e+00
0.000000000000000000e+00
9.364799999999999791e-01
0.000000000000000000e+00
0.000000000000000000e+00
0.000000000000000000e+00
9.920200000000000129e-01
0.000000000000000000e+00
0.000000000000000000e+00
6.823000000000000176e-01
0.000000000000000000e+00
9.085100000000000398e-01
0.000000000000000000e+00
0.000000000000000000e+00
0.000000000000000000e+00
5.927299999999999791e-01
0.000000000000000000e+00
0.000000000000000000e+00
0.000000000000000000e+00
0.000000000000000000e+00
6.644499999999999851e-01
0.000000000000000000e+00
0.000000000000000000e+00
0.000000000000000000e+00
0.000000000000000000e+00
0.000000000000000000e+00
9.819200000000000150e-01
0.000000000000000000e+00
0.000000000000000000e+00
0.000000000000000000e+00
0.000000000000000000e+00
9.309199999999999697e-01
0.000000000000000000e+00
0.000000000000000000e+00
0.000000000000000000e+00
0.000000000000000000e+00
6.910800000000000276e-01
0.000000000000000000e+00
7.193100000000000049e-01
0.000000000000000000e+00
7.694100000000000383e-01
0.000000000000000000e+00
0.000000000000000000e+00
0.000000000000000000e+00
5.693500000000000227e-01
0.000000000000000000e+00
0.000000000000000000e+00
5.806000000000000050e-01
0.000000000000000000e+00
0.000000000000000000e+00
0.000000000000000000e+00
1.509959999999999969e+00
0.000000000000000000e+00
0.000000000000000000e+00
7.013000000000000345e-01
0.000000000000000000e+00
0.000000000000000000e+00
0.000000000000000000e+00
6.037700000000000289e-01
0.000000000000000000e+00
0.000000000000000000e+00
7.484199999999999742e-01
0.000000000000000000e+00
0.000000000000000000e+00
0.000000000000000000e+00
5.274699999999999944e-01
0.000000000000000000e+00
0.000000000000000000e+00
0.000000000000000000e+00
0.000000000000000000e+00
1.931829999999999936e+00
0.000000000000000000e+00
0.000000000000000000e+00
0.000000000000000000e+00
8.271500000000000519e-01
0.000000000000000000e+00
0.000000000000000000e+00
0.000000000000000000e+00
6.732299999999999951e-01
0.000000000000000000e+00
0.000000000000000000e+00
0.000000000000000000e+00
0.000000000000000000e+00
6.119099999999999540e-01
0.000000000000000000e+00
0.000000000000000000e+00
1.182390000000000052e+00
0.000000000000000000e+00
0.000000000000000000e+00
0.000000000000000000e+00
0.000000000000000000e+00
8.126400000000000290e-01
0.000000000000000000e+00
0.000000000000000000e+00
0.000000000000000000e+00
6.256800000000000139e-01
0.000000000000000000e+00
7.867199999999999749e-01
0.000000000000000000e+00
0.000000000000000000e+00
0.000000000000000000e+00
7.098799999999999555e-01
0.000000000000000000e+00
0.000000000000000000e+00
5.143299999999999539e-01
0.000000000000000000e+00
0.000000000000000000e+00
7.970099999999999962e-01
0.000000000000000000e+00
0.000000000000000000e+00
5.447999999999999510e-01
0.000000000000000000e+00
0.000000000000000000e+00
0.000000000000000000e+00
5.793599999999999861e-01
0.000000000000000000e+00
0.000000000000000000e+00
0.000000000000000000e+00
5.998099999999999543e-01
0.000000000000000000e+00
0.000000000000000000e+00
0.000000000000000000e+00
0.000000000000000000e+00
6.233899999999999997e-01
0.000000000000000000e+00
7.310600000000000431e-01
0.000000000000000000e+00
0.000000000000000000e+00
6.682000000000000162e-01
0.000000000000000000e+00
6.198000000000000176e-01
0.000000000000000000e+00
0.000000000000000000e+00
0.000000000000000000e+00
0.000000000000000000e+00
0.000000000000000000e+00
0.000000000000000000e+00
5.266999999999999460e-01
0.000000000000000000e+00
0.000000000000000000e+00
0.000000000000000000e+00
0.000000000000000000e+00
1.113129999999999953e+00
0.000000000000000000e+00
0.000000000000000000e+00
0.000000000000000000e+00
0.000000000000000000e+00
9.599800000000000555e-01
0.000000000000000000e+00
0.000000000000000000e+00
0.000000000000000000e+00
6.999999999999999556e-01
0.000000000000000000e+00
0.000000000000000000e+00
1.052210000000000090e+00
0.000000000000000000e+00
6.280900000000000372e-01
0.000000000000000000e+00
0.000000000000000000e+00
0.000000000000000000e+00
0.000000000000000000e+00
0.000000000000000000e+00
0.000000000000000000e+00
0.000000000000000000e+00
6.942500000000000338e-01
0.000000000000000000e+00
0.000000000000000000e+00
7.552600000000000424e-01
0.000000000000000000e+00
0.000000000000000000e+00
7.606199999999999628e-01
0.000000000000000000e+00
0.000000000000000000e+00
7.108400000000000274e-01
0.000000000000000000e+00
1.004110000000000058e+00
0.000000000000000000e+00
0.000000000000000000e+00
0.000000000000000000e+00
8.909599999999999742e-01
0.000000000000000000e+00
0.000000000000000000e+00
0.000000000000000000e+00
0.000000000000000000e+00
1.004329999999999945e+00
0.000000000000000000e+00
0.000000000000000000e+00
0.000000000000000000e+00
7.455600000000000005e-01
0.000000000000000000e+00
0.000000000000000000e+00
6.727300000000000502e-01
0.000000000000000000e+00
0.000000000000000000e+00
6.752000000000000224e-01
0.000000000000000000e+00
0.000000000000000000e+00
5.605099999999999527e-01
0.000000000000000000e+00
0.000000000000000000e+00
0.000000000000000000e+00
0.000000000000000000e+00
6.662700000000000289e-01
0.000000000000000000e+00
0.000000000000000000e+00
8.025099999999999456e-01
0.000000000000000000e+00
0.000000000000000000e+00
0.000000000000000000e+00
7.156599999999999628e-01
0.000000000000000000e+00
0.000000000000000000e+00
1.036170000000000035e+00
0.000000000000000000e+00
0.000000000000000000e+00
0.000000000000000000e+00
0.000000000000000000e+00
1.171329999999999982e+00
0.000000000000000000e+00
0.000000000000000000e+00
0.000000000000000000e+00
0.000000000000000000e+00
0.000000000000000000e+00
9.844500000000000473e-01
0.000000000000000000e+00
7.265899999999999581e-01
0.000000000000000000e+00
0.000000000000000000e+00
0.000000000000000000e+00
0.000000000000000000e+00
0.000000000000000000e+00
0.000000000000000000e+00
0.000000000000000000e+00
0.000000000000000000e+00
0.000000000000000000e+00
0.000000000000000000e+00
0.000000000000000000e+00
0.000000000000000000e+00
0.000000000000000000e+00
0.000000000000000000e+00
0.000000000000000000e+00
0.000000000000000000e+00
0.000000000000000000e+00
0.000000000000000000e+00
0.000000000000000000e+00
0.000000000000000000e+00
0.000000000000000000e+00
0.000000000000000000e+00
0.000000000000000000e+00
0.000000000000000000e+00
0.000000000000000000e+00
0.000000000000000000e+00
7.128499999999999837e-01
0.000000000000000000e+00
0.000000000000000000e+00
6.662000000000000144e-01
0.000000000000000000e+00
8.616099999999999870e-01
0.000000000000000000e+00
0.000000000000000000e+00
0.000000000000000000e+00
0.000000000000000000e+00
6.444900000000000073e-01
0.000000000000000000e+00
6.291200000000000125e-01
0.000000000000000000e+00
0.000000000000000000e+00
6.827100000000000390e-01
0.000000000000000000e+00
0.000000000000000000e+00
0.000000000000000000e+00
6.251100000000000545e-01
0.000000000000000000e+00
0.000000000000000000e+00
5.772800000000000153e-01
0.000000000000000000e+00
0.000000000000000000e+00
0.000000000000000000e+00
1.288000000000000034e+00
0.000000000000000000e+00
8.785999999999999366e-02
0.000000000000000000e+00
0.000000000000000000e+00
0.000000000000000000e+00
6.598699999999999566e-01
0.000000000000000000e+00
6.463900000000000201e-01
0.000000000000000000e+00
7.402699999999999836e-01
0.000000000000000000e+00
0.000000000000000000e+00
0.000000000000000000e+00
0.000000000000000000e+00
8.014200000000000212e-01
0.000000000000000000e+00
0.000000000000000000e+00
0.000000000000000000e+00
0.000000000000000000e+00
1.937219999999999942e+00
0.000000000000000000e+00
7.212699999999999667e-01
0.000000000000000000e+00
5.912800000000000278e-01
0.000000000000000000e+00
5.359699999999999465e-01
0.000000000000000000e+00
0.000000000000000000e+00
0.000000000000000000e+00
7.615399999999999947e-01
0.000000000000000000e+00
1.083579999999999988e+00
0.000000000000000000e+00
0.000000000000000000e+00
0.000000000000000000e+00
7.386200000000000543e-01
0.000000000000000000e+00
0.000000000000000000e+00
7.445000000000000506e-01
0.000000000000000000e+00
8.169699999999999740e-01
0.000000000000000000e+00
0.000000000000000000e+00
8.067800000000000527e-01
0.000000000000000000e+00
0.000000000000000000e+00
9.801800000000000512e-01
0.000000000000000000e+00
0.000000000000000000e+00
6.885599999999999499e-01
0.000000000000000000e+00
0.000000000000000000e+00
0.000000000000000000e+00
0.000000000000000000e+00
0.000000000000000000e+00
0.000000000000000000e+00
9.463000000000000300e-01
0.000000000000000000e+00
0.000000000000000000e+00
9.361699999999999466e-01
0.000000000000000000e+00
6.965500000000000025e-01
0.000000000000000000e+00
5.928099999999999481e-01
0.000000000000000000e+00
7.053899999999999615e-01
0.000000000000000000e+00
0.000000000000000000e+00
0.000000000000000000e+00
0.000000000000000000e+00
6.635799999999999477e-01
0.000000000000000000e+00
0.000000000000000000e+00
6.906900000000000261e-01
0.000000000000000000e+00
0.000000000000000000e+00
8.186099999999999488e-01
0.000000000000000000e+00
0.000000000000000000e+00
0.000000000000000000e+00
0.000000000000000000e+00
0.000000000000000000e+00
7.484600000000000142e-01
0.000000000000000000e+00
6.125599999999999934e-01
0.000000000000000000e+00
7.390600000000000502e-01
0.000000000000000000e+00
9.866000000000000325e-01
0.000000000000000000e+00
6.145899999999999697e-01
0.000000000000000000e+00
0.000000000000000000e+00
9.424599999999999644e-01
0.000000000000000000e+00
0.000000000000000000e+00
0.000000000000000000e+00
6.739500000000000490e-01
0.000000000000000000e+00
0.000000000000000000e+00
0.000000000000000000e+00
0.000000000000000000e+00
6.844299999999999828e-01
0.000000000000000000e+00
0.000000000000000000e+00
6.792399999999999549e-01
0.000000000000000000e+00
0.000000000000000000e+00
0.000000000000000000e+00
7.268299999999999761e-01
0.000000000000000000e+00
0.000000000000000000e+00
0.000000000000000000e+00
0.000000000000000000e+00
0.000000000000000000e+00
7.126900000000000457e-01
0.000000000000000000e+00
6.540700000000000403e-01
0.000000000000000000e+00
0.000000000000000000e+00
0.000000000000000000e+00
7.631299999999999750e-01
0.000000000000000000e+00
0.000000000000000000e+00
7.502400000000000180e-01
0.000000000000000000e+00
1.074959999999999916e+00
0.000000000000000000e+00
0.000000000000000000e+00
7.391299999999999537e-01
0.000000000000000000e+00
0.000000000000000000e+00
6.944799999999999862e-01
0.000000000000000000e+00
8.038100000000000245e-01
0.000000000000000000e+00
0.000000000000000000e+00
0.000000000000000000e+00
9.112000000000000099e-01
0.000000000000000000e+00
0.000000000000000000e+00
0.000000000000000000e+00
8.877199999999999536e-01
0.000000000000000000e+00
0.000000000000000000e+00
0.000000000000000000e+00
6.936700000000000088e-01
0.000000000000000000e+00
0.000000000000000000e+00
0.000000000000000000e+00
0.000000000000000000e+00
0.000000000000000000e+00
5.895599999999999730e-01
0.000000000000000000e+00
6.591000000000000192e-01
0.000000000000000000e+00
6.470799999999999885e-01
0.000000000000000000e+00
9.046899999999999942e-01
0.000000000000000000e+00
0.000000000000000000e+00
0.000000000000000000e+00
0.000000000000000000e+00
0.000000000000000000e+00
0.000000000000000000e+00
9.259100000000000108e-01
0.000000000000000000e+00
0.000000000000000000e+00
0.000000000000000000e+00
7.738800000000000123e-01
0.000000000000000000e+00
0.000000000000000000e+00
8.997699999999999587e-01
0.000000000000000000e+00
7.888399999999999856e-01
0.000000000000000000e+00
0.000000000000000000e+00
0.000000000000000000e+00
0.000000000000000000e+00
7.016299999999999759e-01
0.000000000000000000e+00
0.000000000000000000e+00
0.000000000000000000e+00
7.982900000000000551e-01
0.000000000000000000e+00
1.142810000000000104e+00
0.000000000000000000e+00
0.000000000000000000e+00
8.681999999999999718e-01
0.000000000000000000e+00
0.000000000000000000e+00
7.865499999999999714e-01
0.000000000000000000e+00
8.685000000000000497e-01
0.000000000000000000e+00
0.000000000000000000e+00
0.000000000000000000e+00
0.000000000000000000e+00
7.733499999999999819e-01
0.000000000000000000e+00
0.000000000000000000e+00
0.000000000000000000e+00
0.000000000000000000e+00
9.132200000000000317e-01
0.000000000000000000e+00
1.136649999999999938e+00
0.000000000000000000e+00
0.000000000000000000e+00
0.000000000000000000e+00
0.000000000000000000e+00
7.202300000000000368e-01
0.000000000000000000e+00
0.000000000000000000e+00
7.950199999999999489e-01
0.000000000000000000e+00
0.000000000000000000e+00
0.000000000000000000e+00
6.415399999999999991e-01
0.000000000000000000e+00
0.000000000000000000e+00
7.423800000000000399e-01
0.000000000000000000e+00
0.000000000000000000e+00
6.015700000000000491e-01
0.000000000000000000e+00
0.000000000000000000e+00
7.295399999999999663e-01
0.000000000000000000e+00
0.000000000000000000e+00
0.000000000000000000e+00
6.341599999999999460e-01
0.000000000000000000e+00
0.000000000000000000e+00
0.000000000000000000e+00
0.000000000000000000e+00
1.353320000000000078e+00
0.000000000000000000e+00
0.000000000000000000e+00
0.000000000000000000e+00
0.000000000000000000e+00
0.000000000000000000e+00
0.000000000000000000e+00
0.000000000000000000e+00
0.000000000000000000e+00
0.000000000000000000e+00
0.000000000000000000e+00
0.000000000000000000e+00
0.000000000000000000e+00
0.000000000000000000e+00
0.000000000000000000e+00
0.000000000000000000e+00
0.000000000000000000e+00
0.000000000000000000e+00
0.000000000000000000e+00
0.000000000000000000e+00
0.000000000000000000e+00
0.000000000000000000e+00
0.000000000000000000e+00
0.000000000000000000e+00
0.000000000000000000e+00
8.831599999999999451e-01
0.000000000000000000e+00
0.000000000000000000e+00
0.000000000000000000e+00
6.171699999999999964e-01
0.000000000000000000e+00
0.000000000000000000e+00
0.000000000000000000e+00
6.653200000000000225e-01
0.000000000000000000e+00
0.000000000000000000e+00
0.000000000000000000e+00
0.000000000000000000e+00
8.096900000000000208e-01
0.000000000000000000e+00
0.000000000000000000e+00
0.000000000000000000e+00
0.000000000000000000e+00
9.280800000000000161e-01
0.000000000000000000e+00
0.000000000000000000e+00
1.253749999999999920e+00
0.000000000000000000e+00
0.000000000000000000e+00
6.461500000000000021e-01
0.000000000000000000e+00
0.000000000000000000e+00
0.000000000000000000e+00
0.000000000000000000e+00
0.000000000000000000e+00
0.000000000000000000e+00
9.995399999999999840e-01
0.000000000000000000e+00
9.710699999999999887e-01
0.000000000000000000e+00
0.000000000000000000e+00
6.494499999999999718e-01
0.000000000000000000e+00
0.000000000000000000e+00
8.192300000000000137e-01
0.000000000000000000e+00
0.000000000000000000e+00
5.759499999999999620e-01
0.000000000000000000e+00
0.000000000000000000e+00
0.000000000000000000e+00
8.134000000000000119e-01
0.000000000000000000e+00
0.000000000000000000e+00
0.000000000000000000e+00
0.000000000000000000e+00
1.797520000000000007e+00
0.000000000000000000e+00
0.000000000000000000e+00
6.143399999999999972e-01
0.000000000000000000e+00
5.224600000000000355e-01
0.000000000000000000e+00
0.000000000000000000e+00
0.000000000000000000e+00
1.154360000000000053e+00
0.000000000000000000e+00
0.000000000000000000e+00
6.786799999999999500e-01
0.000000000000000000e+00
6.316300000000000248e-01
0.000000000000000000e+00
6.423200000000000021e-01
0.000000000000000000e+00
0.000000000000000000e+00
6.911800000000000166e-01
0.000000000000000000e+00
0.000000000000000000e+00
0.000000000000000000e+00
0.000000000000000000e+00
1.195500000000000007e+00
0.000000000000000000e+00
0.000000000000000000e+00
6.546800000000000397e-01
0.000000000000000000e+00
0.000000000000000000e+00
0.000000000000000000e+00
0.000000000000000000e+00
7.005299999999999860e-01
0.000000000000000000e+00
0.000000000000000000e+00
0.000000000000000000e+00
1.098300000000000054e+00
0.000000000000000000e+00
0.000000000000000000e+00
0.000000000000000000e+00
1.019700000000000051e+00
0.000000000000000000e+00
5.918299999999999672e-01
0.000000000000000000e+00
0.000000000000000000e+00
0.000000000000000000e+00
0.000000000000000000e+00
9.346999999999999753e-01
0.000000000000000000e+00
8.876899999999999791e-01
0.000000000000000000e+00
0.000000000000000000e+00
0.000000000000000000e+00
0.000000000000000000e+00
0.000000000000000000e+00
8.941000000000000059e-01
0.000000000000000000e+00
0.000000000000000000e+00
0.000000000000000000e+00
9.938900000000000512e-01
0.000000000000000000e+00
7.796199999999999797e-01
0.000000000000000000e+00
0.000000000000000000e+00
6.897100000000000453e-01
0.000000000000000000e+00
6.862700000000000466e-01
0.000000000000000000e+00
8.272800000000000153e-01
0.000000000000000000e+00
0.000000000000000000e+00
5.837099999999999511e-01
0.000000000000000000e+00
0.000000000000000000e+00
0.000000000000000000e+00
0.000000000000000000e+00
1.010569999999999968e+00
0.000000000000000000e+00
9.192200000000000371e-01
0.000000000000000000e+00
0.000000000000000000e+00
0.000000000000000000e+00
8.762299999999999534e-01
0.000000000000000000e+00
0.000000000000000000e+00
0.000000000000000000e+00
0.000000000000000000e+00
8.725899999999999768e-01
0.000000000000000000e+00
0.000000000000000000e+00
1.931349999999999900e+00
0.000000000000000000e+00
0.000000000000000000e+00
6.802099999999999813e-01
0.000000000000000000e+00
0.000000000000000000e+00
0.000000000000000000e+00
0.000000000000000000e+00
6.369500000000000162e-01
0.000000000000000000e+00
0.000000000000000000e+00
0.000000000000000000e+00
6.611200000000000410e-01
0.000000000000000000e+00
0.000000000000000000e+00
0.000000000000000000e+00
0.000000000000000000e+00
9.005600000000000271e-01
0.000000000000000000e+00
0.000000000000000000e+00
0.000000000000000000e+00
0.000000000000000000e+00
1.031779999999999919e+00
0.000000000000000000e+00
1.744899999999999896e+00
0.000000000000000000e+00
0.000000000000000000e+00
0.000000000000000000e+00
8.179100000000000259e-01
0.000000000000000000e+00
0.000000000000000000e+00
0.000000000000000000e+00
6.219700000000000228e-01
0.000000000000000000e+00
0.000000000000000000e+00
0.000000000000000000e+00
0.000000000000000000e+00
7.243899999999999784e-01
0.000000000000000000e+00
7.486000000000000432e-01
0.000000000000000000e+00
0.000000000000000000e+00
6.099099999999999522e-01
0.000000000000000000e+00
0.000000000000000000e+00
0.000000000000000000e+00
7.158400000000000318e-01
0.000000000000000000e+00
0.000000000000000000e+00
0.000000000000000000e+00
0.000000000000000000e+00
0.000000000000000000e+00
6.435199999999999809e-01
0.000000000000000000e+00
0.000000000000000000e+00
0.000000000000000000e+00
0.000000000000000000e+00
6.492900000000000338e-01
0.000000000000000000e+00
0.000000000000000000e+00
6.035899999999999599e-01
0.000000000000000000e+00
0.000000000000000000e+00
0.000000000000000000e+00
6.047299999999999898e-01
0.000000000000000000e+00
6.962399999999999700e-01
0.000000000000000000e+00
6.567199999999999704e-01
0.000000000000000000e+00
0.000000000000000000e+00
0.000000000000000000e+00
1.157030000000000003e+00
0.000000000000000000e+00
0.000000000000000000e+00
8.447700000000000209e-01
0.000000000000000000e+00
0.000000000000000000e+00
0.000000000000000000e+00
6.662299999999999889e-01
0.000000000000000000e+00
0.000000000000000000e+00
0.000000000000000000e+00
9.849499999999999922e-01
0.000000000000000000e+00
8.964699999999999891e-01
0.000000000000000000e+00
1.004850000000000021e+00
0.000000000000000000e+00
8.048899999999999944e-01
0.000000000000000000e+00
0.000000000000000000e+00
5.903599999999999959e-01
0.000000000000000000e+00
0.000000000000000000e+00
9.312399999999999567e-01
0.000000000000000000e+00
0.000000000000000000e+00
0.000000000000000000e+00
0.000000000000000000e+00
7.559099999999999708e-01
0.000000000000000000e+00
0.000000000000000000e+00
0.000000000000000000e+00
1.918590000000000018e+00
0.000000000000000000e+00
0.000000000000000000e+00
9.416900000000000270e-01
0.000000000000000000e+00
7.870000000000000329e-01
0.000000000000000000e+00
0.000000000000000000e+00
0.000000000000000000e+00
0.000000000000000000e+00
1.052740000000000009e+00
0.000000000000000000e+00
0.000000000000000000e+00
7.101800000000000335e-01
0.000000000000000000e+00
0.000000000000000000e+00
0.000000000000000000e+00
8.812200000000000033e-01
0.000000000000000000e+00
0.000000000000000000e+00
9.151500000000000190e-01
0.000000000000000000e+00
0.000000000000000000e+00
1.019309999999999938e+00
0.000000000000000000e+00
0.000000000000000000e+00
0.000000000000000000e+00
6.263600000000000279e-01
0.000000000000000000e+00
0.000000000000000000e+00
7.617199999999999527e-01
0.000000000000000000e+00
0.000000000000000000e+00
0.000000000000000000e+00
5.659699999999999731e-01
0.000000000000000000e+00
0.000000000000000000e+00
0.000000000000000000e+00
0.000000000000000000e+00
0.000000000000000000e+00
0.000000000000000000e+00
0.000000000000000000e+00
0.000000000000000000e+00
0.000000000000000000e+00
0.000000000000000000e+00
0.000000000000000000e+00
0.000000000000000000e+00
0.000000000000000000e+00
0.000000000000000000e+00
0.000000000000000000e+00
0.000000000000000000e+00
0.000000000000000000e+00
0.000000000000000000e+00
0.000000000000000000e+00
0.000000000000000000e+00
0.000000000000000000e+00
6.960600000000000120e-01
0.000000000000000000e+00
0.000000000000000000e+00
0.000000000000000000e+00
6.171699999999999964e-01
0.000000000000000000e+00
7.106400000000000494e-01
0.000000000000000000e+00
0.000000000000000000e+00
1.008250000000000091e+00
0.000000000000000000e+00
0.000000000000000000e+00
0.000000000000000000e+00
6.375600000000000156e-01
0.000000000000000000e+00
0.000000000000000000e+00
6.809300000000000352e-01
0.000000000000000000e+00
0.000000000000000000e+00
8.221600000000000019e-01
0.000000000000000000e+00
0.000000000000000000e+00
7.505399999999999849e-01
0.000000000000000000e+00
0.000000000000000000e+00
0.000000000000000000e+00
6.124600000000000044e-01
0.000000000000000000e+00
0.000000000000000000e+00
8.403399999999999759e-01
0.000000000000000000e+00
6.475899999999999990e-01
0.000000000000000000e+00
0.000000000000000000e+00
0.000000000000000000e+00
6.620500000000000274e-01
0.000000000000000000e+00
0.000000000000000000e+00
8.259300000000000530e-01
0.000000000000000000e+00
0.000000000000000000e+00
0.000000000000000000e+00
6.452999999999999847e-01
0.000000000000000000e+00
7.598599999999999799e-01
0.000000000000000000e+00
0.000000000000000000e+00
0.000000000000000000e+00
5.941199999999999815e-01
0.000000000000000000e+00
0.000000000000000000e+00
0.000000000000000000e+00
0.000000000000000000e+00
9.599199999999999955e-01
0.000000000000000000e+00
0.000000000000000000e+00
7.996900000000000119e-01
0.000000000000000000e+00
0.000000000000000000e+00
0.000000000000000000e+00
7.082199999999999607e-01
0.000000000000000000e+00
0.000000000000000000e+00
0.000000000000000000e+00
7.164500000000000313e-01
0.000000000000000000e+00
1.932609999999999939e+00
0.000000000000000000e+00
1.264480000000000048e+00
0.000000000000000000e+00
1.041970000000000063e+00
0.000000000000000000e+00
0.000000000000000000e+00
0.000000000000000000e+00
7.081499999999999462e-01
0.000000000000000000e+00
0.000000000000000000e+00
0.000000000000000000e+00
7.176000000000000156e-01
0.000000000000000000e+00
0.000000000000000000e+00
0.000000000000000000e+00
7.491600000000000481e-01
0.000000000000000000e+00
8.622999999999999554e-01
0.000000000000000000e+00
0.000000000000000000e+00
0.000000000000000000e+00
7.054599999999999760e-01
0.000000000000000000e+00
0.000000000000000000e+00
0.000000000000000000e+00
0.000000000000000000e+00
0.000000000000000000e+00
0.000000000000000000e+00
6.617300000000000404e-01
0.000000000000000000e+00
7.708800000000000097e-01
0.000000000000000000e+00
1.069520000000000026e+00
0.000000000000000000e+00
7.280100000000000460e-01
0.000000000000000000e+00
0.000000000000000000e+00
0.000000000000000000e+00
0.000000000000000000e+00
6.187399999999999567e-01
0.000000000000000000e+00
0.000000000000000000e+00
8.011300000000000088e-01
0.000000000000000000e+00
7.681599999999999540e-01
0.000000000000000000e+00
6.151299999999999546e-01
0.000000000000000000e+00
0.000000000000000000e+00
0.000000000000000000e+00
7.978600000000000136e-01
0.000000000000000000e+00
0.000000000000000000e+00
8.392199999999999660e-01
0.000000000000000000e+00
0.000000000000000000e+00
1.180320000000000036e+00
0.000000000000000000e+00
0.000000000000000000e+00
6.626600000000000268e-01
0.000000000000000000e+00
8.232800000000000118e-01
0.000000000000000000e+00
0.000000000000000000e+00
6.762500000000000178e-01
0.000000000000000000e+00
0.000000000000000000e+00
0.000000000000000000e+00
8.351800000000000335e-01
0.000000000000000000e+00
6.503499999999999837e-01
0.000000000000000000e+00
0.000000000000000000e+00
1.354530000000000012e+00
0.000000000000000000e+00
0.000000000000000000e+00
1.220239999999999991e+00
0.000000000000000000e+00
0.000000000000000000e+00
8.995999999999999552e-01
0.000000000000000000e+00
1.045230000000000103e+00
0.000000000000000000e+00
0.000000000000000000e+00
0.000000000000000000e+00
0.000000000000000000e+00
6.465199999999999836e-01
0.000000000000000000e+00
0.000000000000000000e+00
0.000000000000000000e+00
0.000000000000000000e+00
0.000000000000000000e+00
6.706400000000000139e-01
0.000000000000000000e+00
0.000000000000000000e+00
0.000000000000000000e+00
7.072399999999999798e-01
0.000000000000000000e+00
0.000000000000000000e+00
0.000000000000000000e+00
0.000000000000000000e+00
0.000000000000000000e+00
1.015309999999999935e+00
0.000000000000000000e+00
0.000000000000000000e+00
9.417100000000000470e-01
0.000000000000000000e+00
6.938400000000000123e-01
0.000000000000000000e+00
0.000000000000000000e+00
0.000000000000000000e+00
0.000000000000000000e+00
6.225800000000000223e-01
0.000000000000000000e+00
0.000000000000000000e+00
6.839699999999999669e-01
0.000000000000000000e+00
6.588899999999999757e-01
0.000000000000000000e+00
5.964500000000000357e-01
0.000000000000000000e+00
0.000000000000000000e+00
6.489500000000000268e-01
0.000000000000000000e+00
0.000000000000000000e+00
6.676100000000000367e-01
0.000000000000000000e+00
0.000000000000000000e+00
0.000000000000000000e+00
6.347699999999999454e-01
0.000000000000000000e+00
1.106230000000000047e+00
0.000000000000000000e+00
0.000000000000000000e+00
6.294800000000000395e-01
0.000000000000000000e+00
0.000000000000000000e+00
0.000000000000000000e+00
6.934700000000000308e-01
0.000000000000000000e+00
0.000000000000000000e+00
0.000000000000000000e+00
0.000000000000000000e+00
8.476399999999999491e-01
0.000000000000000000e+00
1.302189999999999959e+00
0.000000000000000000e+00
0.000000000000000000e+00
0.000000000000000000e+00
8.397900000000000365e-01
0.000000000000000000e+00
0.000000000000000000e+00
8.534899999999999709e-01
0.000000000000000000e+00
0.000000000000000000e+00
0.000000000000000000e+00
6.796699999999999964e-01
0.000000000000000000e+00
0.000000000000000000e+00
0.000000000000000000e+00
6.596800000000000441e-01
0.000000000000000000e+00
6.967299999999999605e-01
0.000000000000000000e+00
0.000000000000000000e+00
1.934390000000000054e+00
0.000000000000000000e+00
0.000000000000000000e+00
0.000000000000000000e+00
6.021400000000000086e-01
0.000000000000000000e+00
0.000000000000000000e+00
0.000000000000000000e+00
0.000000000000000000e+00
6.793400000000000549e-01
0.000000000000000000e+00
6.147899999999999476e-01
0.000000000000000000e+00
8.241199999999999637e-01
0.000000000000000000e+00
8.604699999999999571e-01
0.000000000000000000e+00
0.000000000000000000e+00
5.958999999999999853e-01
0.000000000000000000e+00
0.000000000000000000e+00
0.000000000000000000e+00
6.502499999999999947e-01
0.000000000000000000e+00
0.000000000000000000e+00
6.527199999999999669e-01
0.000000000000000000e+00
0.000000000000000000e+00
0.000000000000000000e+00
0.000000000000000000e+00
0.000000000000000000e+00
0.000000000000000000e+00
0.000000000000000000e+00
0.000000000000000000e+00
0.000000000000000000e+00
0.000000000000000000e+00
0.000000000000000000e+00
0.000000000000000000e+00
0.000000000000000000e+00
0.000000000000000000e+00
0.000000000000000000e+00
0.000000000000000000e+00
0.000000000000000000e+00
0.000000000000000000e+00
0.000000000000000000e+00
0.000000000000000000e+00
0.000000000000000000e+00
7.125299999999999967e-01
0.000000000000000000e+00
0.000000000000000000e+00
0.000000000000000000e+00
0.000000000000000000e+00
6.777199999999999891e-01
0.000000000000000000e+00
7.432600000000000318e-01
0.000000000000000000e+00
0.000000000000000000e+00
0.000000000000000000e+00
0.000000000000000000e+00
6.157399999999999540e-01
0.000000000000000000e+00
6.852800000000000002e-01
0.000000000000000000e+00
0.000000000000000000e+00
0.000000000000000000e+00
5.568800000000000416e-01
0.000000000000000000e+00
0.000000000000000000e+00
0.000000000000000000e+00
7.463800000000000434e-01
0.000000000000000000e+00
0.000000000000000000e+00
0.000000000000000000e+00
0.000000000000000000e+00
0.000000000000000000e+00
6.354999999999999538e-01
0.000000000000000000e+00
0.000000000000000000e+00
7.575699999999999656e-01
0.000000000000000000e+00
0.000000000000000000e+00
0.000000000000000000e+00
0.000000000000000000e+00
7.817100000000000160e-01
0.000000000000000000e+00
0.000000000000000000e+00
0.000000000000000000e+00
7.552699999999999969e-01
0.000000000000000000e+00
0.000000000000000000e+00
6.669599999999999973e-01
0.000000000000000000e+00
7.646800000000000264e-01
0.000000000000000000e+00
0.000000000000000000e+00
0.000000000000000000e+00
0.000000000000000000e+00
7.875799999999999468e-01
0.000000000000000000e+00
0.000000000000000000e+00
0.000000000000000000e+00
0.000000000000000000e+00
0.000000000000000000e+00
0.000000000000000000e+00
7.802999999999999936e-01
0.000000000000000000e+00
0.000000000000000000e+00
0.000000000000000000e+00
1.017419999999999991e+00
0.000000000000000000e+00
0.000000000000000000e+00
9.837299999999999933e-01
0.000000000000000000e+00
0.000000000000000000e+00
7.932599999999999651e-01
0.000000000000000000e+00
0.000000000000000000e+00
0.000000000000000000e+00
0.000000000000000000e+00
0.000000000000000000e+00
7.098600000000000465e-01
0.000000000000000000e+00
0.000000000000000000e+00
6.766199999999999992e-01
0.000000000000000000e+00
0.000000000000000000e+00
6.388800000000000034e-01
0.000000000000000000e+00
0.000000000000000000e+00
0.000000000000000000e+00
1.103799999999999892e+00
0.000000000000000000e+00
7.051899999999999835e-01
0.000000000000000000e+00
9.296900000000000164e-01
0.000000000000000000e+00
6.351999999999999869e-01
0.000000000000000000e+00
0.000000000000000000e+00
0.000000000000000000e+00
0.000000000000000000e+00
7.157099999999999573e-01
0.000000000000000000e+00
7.124700000000000477e-01
0.000000000000000000e+00
0.000000000000000000e+00
0.000000000000000000e+00
7.162500000000000533e-01
0.000000000000000000e+00
0.000000000000000000e+00
6.744499999999999940e-01
0.000000000000000000e+00
0.000000000000000000e+00
9.726500000000000146e-01
0.000000000000000000e+00
0.000000000000000000e+00
0.000000000000000000e+00
1.936669999999999892e+00
0.000000000000000000e+00
0.000000000000000000e+00
0.000000000000000000e+00
0.000000000000000000e+00
0.000000000000000000e+00
9.963899999999999979e-01
0.000000000000000000e+00
0.000000000000000000e+00
0.000000000000000000e+00
9.261800000000000033e-01
0.000000000000000000e+00
9.165600000000000414e-01
0.000000000000000000e+00
0.000000000000000000e+00
8.403399999999999759e-01
0.000000000000000000e+00
0.000000000000000000e+00
0.000000000000000000e+00
0.000000000000000000e+00
0.000000000000000000e+00
6.139599999999999502e-01
0.000000000000000000e+00
0.000000000000000000e+00
6.498500000000000387e-01
0.000000000000000000e+00
0.000000000000000000e+00
0.000000000000000000e+00
5.494200000000000195e-01
0.000000000000000000e+00
0.000000000000000000e+00
0.000000000000000000e+00
0.000000000000000000e+00
6.332200000000000051e-01
0.000000000000000000e+00
6.358000000000000318e-01
0.000000000000000000e+00
0.000000000000000000e+00
7.104599999999999804e-01
0.000000000000000000e+00
0.000000000000000000e+00
0.000000000000000000e+00
0.000000000000000000e+00
6.978400000000000158e-01
0.000000000000000000e+00
0.000000000000000000e+00
0.000000000000000000e+00
0.000000000000000000e+00
0.000000000000000000e+00
0.000000000000000000e+00
0.000000000000000000e+00
6.757900000000000018e-01
0.000000000000000000e+00
1.266610000000000014e+00
0.000000000000000000e+00
6.307099999999999929e-01
0.000000000000000000e+00
6.351900000000000324e-01
0.000000000000000000e+00
1.067839999999999900e+00
0.000000000000000000e+00
0.000000000000000000e+00
6.349399999999999489e-01
0.000000000000000000e+00
0.000000000000000000e+00
0.000000000000000000e+00
0.000000000000000000e+00
0.000000000000000000e+00
7.271600000000000286e-01
0.000000000000000000e+00
5.977900000000000436e-01
0.000000000000000000e+00
6.352499999999999813e-01
0.000000000000000000e+00
0.000000000000000000e+00
0.000000000000000000e+00
6.793299999999999894e-01
0.000000000000000000e+00
7.448900000000000521e-01
0.000000000000000000e+00
0.000000000000000000e+00
0.000000000000000000e+00
7.226700000000000346e-01
0.000000000000000000e+00
8.951700000000000212e-01
0.000000000000000000e+00
0.000000000000000000e+00
0.000000000000000000e+00
0.000000000000000000e+00
6.329000000000000181e-01
0.000000000000000000e+00
0.000000000000000000e+00
0.000000000000000000e+00
0.000000000000000000e+00
0.000000000000000000e+00
0.000000000000000000e+00
6.933200000000000474e-01
0.000000000000000000e+00
0.000000000000000000e+00
0.000000000000000000e+00
1.068940000000000001e+00
0.000000000000000000e+00
0.000000000000000000e+00
9.747299999999999853e-01
0.000000000000000000e+00
0.000000000000000000e+00
0.000000000000000000e+00
8.743499999999999606e-01
0.000000000000000000e+00
0.000000000000000000e+00
1.436309999999999976e+00
0.000000000000000000e+00
0.000000000000000000e+00
0.000000000000000000e+00
0.000000000000000000e+00
0.000000000000000000e+00
9.568799999999999528e-01
0.000000000000000000e+00
1.931380000000000097e+00
0.000000000000000000e+00
0.000000000000000000e+00
7.686600000000000099e-01
0.000000000000000000e+00
0.000000000000000000e+00
0.000000000000000000e+00
0.000000000000000000e+00
5.649999999999999467e-01
0.000000000000000000e+00
0.000000000000000000e+00
0.000000000000000000e+00
0.000000000000000000e+00
1.647999999999999909e+00
0.000000000000000000e+00
0.000000000000000000e+00
6.382100000000000550e-01
0.000000000000000000e+00
1.421850000000000058e+00
0.000000000000000000e+00
7.162100000000000133e-01
0.000000000000000000e+00
9.667400000000000437e-01
0.000000000000000000e+00
5.823399999999999688e-01
0.000000000000000000e+00
0.000000000000000000e+00
5.853300000000000169e-01
0.000000000000000000e+00
0.000000000000000000e+00
1.939929999999999932e+00
0.000000000000000000e+00
0.000000000000000000e+00
5.968499999999999917e-01
0.000000000000000000e+00
0.000000000000000000e+00
6.881899999999999684e-01
0.000000000000000000e+00
0.000000000000000000e+00
0.000000000000000000e+00
6.832500000000000240e-01
0.000000000000000000e+00
1.285250000000000004e+00
0.000000000000000000e+00
0.000000000000000000e+00
8.024700000000000166e-01
0.000000000000000000e+00
0.000000000000000000e+00
6.753500000000000059e-01
0.000000000000000000e+00
0.000000000000000000e+00
0.000000000000000000e+00
0.000000000000000000e+00
6.226599999999999913e-01
0.000000000000000000e+00
0.000000000000000000e+00
0.000000000000000000e+00
0.000000000000000000e+00
0.000000000000000000e+00
0.000000000000000000e+00
0.000000000000000000e+00
0.000000000000000000e+00
0.000000000000000000e+00
0.000000000000000000e+00
0.000000000000000000e+00
0.000000000000000000e+00
0.000000000000000000e+00
0.000000000000000000e+00
0.000000000000000000e+00
0.000000000000000000e+00
0.000000000000000000e+00
0.000000000000000000e+00
0.000000000000000000e+00
0.000000000000000000e+00
0.000000000000000000e+00
0.000000000000000000e+00
0.000000000000000000e+00
7.163199999999999568e-01
0.000000000000000000e+00
0.000000000000000000e+00
7.971200000000000507e-01
0.000000000000000000e+00
0.000000000000000000e+00
6.144300000000000317e-01
0.000000000000000000e+00
0.000000000000000000e+00
0.000000000000000000e+00
7.269499999999999851e-01
0.000000000000000000e+00
0.000000000000000000e+00
0.000000000000000000e+00
0.000000000000000000e+00
8.038600000000000190e-01
0.000000000000000000e+00
0.000000000000000000e+00
6.816100000000000492e-01
0.000000000000000000e+00
0.000000000000000000e+00
0.000000000000000000e+00
5.199899999999999523e-01
0.000000000000000000e+00
0.000000000000000000e+00
0.000000000000000000e+00
8.347599999999999465e-01
0.000000000000000000e+00
0.000000000000000000e+00
5.975300000000000056e-01
0.000000000000000000e+00
6.861300000000000177e-01
0.000000000000000000e+00
8.391699999999999715e-01
0.000000000000000000e+00
0.000000000000000000e+00
0.000000000000000000e+00
6.869199999999999751e-01
0.000000000000000000e+00
6.854599999999999582e-01
0.000000000000000000e+00
0.000000000000000000e+00
0.000000000000000000e+00
0.000000000000000000e+00
7.361999999999999655e-01
0.000000000000000000e+00
0.000000000000000000e+00
0.000000000000000000e+00
0.000000000000000000e+00
9.278100000000000236e-01
0.000000000000000000e+00
0.000000000000000000e+00
6.181999999999999718e-01
0.000000000000000000e+00
6.008099999999999552e-01
0.000000000000000000e+00
5.744700000000000362e-01
0.000000000000000000e+00
0.000000000000000000e+00
0.000000000000000000e+00
0.000000000000000000e+00
5.336899999999999977e-01
0.000000000000000000e+00
0.000000000000000000e+00
1.335050000000000070e+00
0.000000000000000000e+00
0.000000000000000000e+00
5.957700000000000218e-01
0.000000000000000000e+00
0.000000000000000000e+00
5.570699999999999541e-01
0.000000000000000000e+00
0.000000000000000000e+00
6.326500000000000457e-01
0.000000000000000000e+00
0.000000000000000000e+00
7.462699999999999889e-01
0.000000000000000000e+00
0.000000000000000000e+00
0.000000000000000000e+00
0.000000000000000000e+00
0.000000000000000000e+00
0.000000000000000000e+00
1.027179999999999982e+00
0.000000000000000000e+00
0.000000000000000000e+00
0.000000000000000000e+00
0.000000000000000000e+00
6.615900000000000114e-01
0.000000000000000000e+00
0.000000000000000000e+00
0.000000000000000000e+00
9.192599999999999660e-01
0.000000000000000000e+00
0.000000000000000000e+00
8.004000000000000004e-01
0.000000000000000000e+00
6.780899999999999705e-01
0.000000000000000000e+00
0.000000000000000000e+00
8.488700000000000134e-01
0.000000000000000000e+00
0.000000000000000000e+00
9.405000000000000027e-01
0.000000000000000000e+00
0.000000000000000000e+00
0.000000000000000000e+00
0.000000000000000000e+00
0.000000000000000000e+00
6.172600000000000309e-01
0.000000000000000000e+00
8.850000000000000089e-01
0.000000000000000000e+00
7.928100000000000147e-01
0.000000000000000000e+00
7.689700000000000424e-01
0.000000000000000000e+00
0.000000000000000000e+00
6.126300000000000079e-01
0.000000000000000000e+00
0.000000000000000000e+00
8.924400000000000110e-01
0.000000000000000000e+00
0.000000000000000000e+00
6.768899999999999917e-01
0.000000000000000000e+00
0.000000000000000000e+00
0.000000000000000000e+00
0.000000000000000000e+00
5.902800000000000269e-01
0.000000000000000000e+00
0.000000000000000000e+00
0.000000000000000000e+00
7.777800000000000269e-01
0.000000000000000000e+00
1.939240000000000075e+00
0.000000000000000000e+00
0.000000000000000000e+00
0.000000000000000000e+00
6.990100000000000202e-01
0.000000000000000000e+00
6.435800000000000409e-01
0.000000000000000000e+00
0.000000000000000000e+00
0.000000000000000000e+00
1.530880000000000019e+00
0.000000000000000000e+00
1.102470000000000061e+00
0.000000000000000000e+00
0.000000000000000000e+00
0.000000000000000000e+00
0.000000000000000000e+00
0.000000000000000000e+00
5.862399999999999833e-01
0.000000000000000000e+00
5.777200000000000113e-01
0.000000000000000000e+00
0.000000000000000000e+00
0.000000000000000000e+00
9.598999999999999755e-01
0.000000000000000000e+00
7.824600000000000444e-01
0.000000000000000000e+00
0.000000000000000000e+00
0.000000000000000000e+00
0.000000000000000000e+00
0.000000000000000000e+00
0.000000000000000000e+00
6.244399999999999951e-01
0.000000000000000000e+00
0.000000000000000000e+00
0.000000000000000000e+00
9.978000000000000203e-01
0.000000000000000000e+00
0.000000000000000000e+00
0.000000000000000000e+00
6.248700000000000365e-01
0.000000000000000000e+00
0.000000000000000000e+00
7.099199999999999955e-01
0.000000000000000000e+00
0.000000000000000000e+00
8.515800000000000036e-01
0.000000000000000000e+00
6.866600000000000481e-01
0.000000000000000000e+00
0.000000000000000000e+00
7.008799999999999475e-01
0.000000000000000000e+00
0.000000000000000000e+00
0.000000000000000000e+00
0.000000000000000000e+00
8.083299999999999930e-01
0.000000000000000000e+00
9.162200000000000344e-01
0.000000000000000000e+00
0.000000000000000000e+00
0.000000000000000000e+00
0.000000000000000000e+00
6.619199999999999529e-01
0.000000000000000000e+00
0.000000000000000000e+00
0.000000000000000000e+00
7.237599999999999589e-01
0.000000000000000000e+00
7.953400000000000469e-01
0.000000000000000000e+00
0.000000000000000000e+00
0.000000000000000000e+00
0.000000000000000000e+00
7.466599999999999904e-01
0.000000000000000000e+00
0.000000000000000000e+00
0.000000000000000000e+00
0.000000000000000000e+00
0.000000000000000000e+00
6.224100000000000188e-01
0.000000000000000000e+00
0.000000000000000000e+00
0.000000000000000000e+00
0.000000000000000000e+00
8.492399999999999949e-01
0.000000000000000000e+00
0.000000000000000000e+00
7.023899999999999588e-01
0.000000000000000000e+00
7.939399999999999791e-01
0.000000000000000000e+00
0.000000000000000000e+00
8.662699999999999845e-01
0.000000000000000000e+00
0.000000000000000000e+00
6.533400000000000318e-01
0.000000000000000000e+00
0.000000000000000000e+00
0.000000000000000000e+00
0.000000000000000000e+00
9.233500000000000041e-01
0.000000000000000000e+00
7.315099999999999936e-01
0.000000000000000000e+00
0.000000000000000000e+00
1.106910000000000061e+00
0.000000000000000000e+00
0.000000000000000000e+00
6.662200000000000344e-01
0.000000000000000000e+00
0.000000000000000000e+00
0.000000000000000000e+00
6.273600000000000287e-01
0.000000000000000000e+00
8.755300000000000304e-01
0.000000000000000000e+00
0.000000000000000000e+00
7.456199999999999495e-01
0.000000000000000000e+00
7.690200000000000369e-01
0.000000000000000000e+00
9.666200000000000347e-01
0.000000000000000000e+00
1.937060000000000004e+00
0.000000000000000000e+00
0.000000000000000000e+00
0.000000000000000000e+00
0.000000000000000000e+00
1.099639999999999951e+00
0.000000000000000000e+00
0.000000000000000000e+00
7.716199999999999726e-01
0.000000000000000000e+00
0.000000000000000000e+00
0.000000000000000000e+00
0.000000000000000000e+00
0.000000000000000000e+00
0.000000000000000000e+00
0.000000000000000000e+00
0.000000000000000000e+00
0.000000000000000000e+00
0.000000000000000000e+00
0.000000000000000000e+00
0.000000000000000000e+00
0.000000000000000000e+00
