0.000000000000000000e+00
0.000000000000000000e+00
0.000000000000000000e+00
0.000000000000000000e+00
0.000000000000000000e+00
0.000000000000000000e+00
0.000000000000000000e+00
0.000000000000000000e+00
0.000000000000000000e+00
0.000000000000000000e+00
7.303899999999999837e-01
0.000000000000000000e+00
0.000000000000000000e+00
7.653699999999999948e-01
0.000000000000000000e+00
0.000000000000000000e+00
0.000000000000000000e+00
7.809300000000000130e-01
0.000000000000000000e+00
6.717999999999999527e-01
0.000000000000000000e+00
0.000000000000000000e+00
0.000000000000000000e+00
6.986200000000000188e-01
0.000000000000000000e+00
9.259199999999999653e-01
0.000000000000000000e+00
0.000000000000000000e+00
6.894299999999999873e-01
0.000000000000000000e+00
6.348300000000000054e-01
0.000000000000000000e+00
0.000000000000000000e+00
0.000000000000000000e+00
6.700700000000000545e-01
0.000000000000000000e+00
0.000000000000000000e+00
0.000000000000000000e+00
6.609500000000000375e-01
0.000000000000000000e+00
0.000000000000000000e+00
0.000000000000000000e+00
5.376800000000000468e-01
0.000000000000000000e+00
0.000000000000000000e+00
5.250799999999999912e-01
0.000000000000000000e+00
5.505999999999999783e-01
0.000000000000000000e+00
0.000000000000000000e+00
6.018099999999999561e-01
0.000000000000000000e+00
0.000000000000000000e+00
6.830399999999999805e-01
0.000000000000000000e+00
0.000000000000000000e+00
0.000000000000000000e+00
0.000000000000000000e+00
0.000000000000000000e+00
6.025500000000000300e-01
0.000000000000000000e+00
0.000000000000000000e+00
9.096400000000000041e-01
0.000000000000000000e+00
0.000000000000000000e+00
0.000000000000000000e+00
0.000000000000000000e+00
0.000000000000000000e+00
0.000000000000000000e+00
6.555900000000000061e-01
0.000000000000000000e+00
0.000000000000000000e+00
5.657600000000000406e-01
0.000000000000000000e+00
0.000000000000000000e+00
5.971899999999999986e-01
0.000000000000000000e+00
0.000000000000000000e+00
0.000000000000000000e+00
5.673799999999999955e-01
0.000000000000000000e+00
6.109099999999999531e-01
0.000000000000000000e+00
0.000000000000000000e+00
6.580899999999999528e-01
0.000000000000000000e+00
0.000000000000000000e+00
0.000000000000000000e+00
7.552900000000000169e-01
0.000000000000000000e+00
0.000000000000000000e+00
0.000000000000000000e+00
5.793399999999999661e-01
0.000000000000000000e+00
0.000000000000000000e+00
5.311500000000000110e-01
0.000000000000000000e+00
0.000000000000000000e+00
8.231600000000000028e-01
0.000000000000000000e+00
0.000000000000000000e+00
0.000000000000000000e+00
6.364999999999999547e-01
0.000000000000000000e+00
0.000000000000000000e+00
0.000000000000000000e+00
0.000000000000000000e+00
0.000000000000000000e+00
0.000000000000000000e+00
0.000000000000000000e+00
5.406900000000000039e-01
0.000000000000000000e+00
6.197899999999999521e-01
0.000000000000000000e+00
5.679100000000000259e-01
0.000000000000000000e+00
6.799100000000000144e-01
0.000000000000000000e+00
0.000000000000000000e+00
5.792199999999999571e-01
0.000000000000000000e+00
0.000000000000000000e+00
6.123499999999999499e-01
0.000000000000000000e+00
0.000000000000000000e+00
0.000000000000000000e+00
0.000000000000000000e+00
0.000000000000000000e+00
6.095800000000000107e-01
0.000000000000000000e+00
0.000000000000000000e+00
5.369300000000000184e-01
0.000000000000000000e+00
5.769800000000000484e-01
0.000000000000000000e+00
4.929999999999999938e-01
0.000000000000000000e+00
0.000000000000000000e+00
0.000000000000000000e+00
0.000000000000000000e+00
1.005710000000000104e+00
0.000000000000000000e+00
0.000000000000000000e+00
5.280700000000000394e-01
0.000000000000000000e+00
0.000000000000000000e+00
0.000000000000000000e+00
0.000000000000000000e+00
5.041499999999999870e-01
0.000000000000000000e+00
0.000000000000000000e+00
5.895500000000000185e-01
0.000000000000000000e+00
0.000000000000000000e+00
6.732399999999999496e-01
0.000000000000000000e+00
5.804300000000000015e-01
0.000000000000000000e+00
0.000000000000000000e+00
0.000000000000000000e+00
6.102100000000000302e-01
0.000000000000000000e+00
0.000000000000000000e+00
0.000000000000000000e+00
6.017400000000000526e-01
0.000000000000000000e+00
0.000000000000000000e+00
5.604000000000000092e-01
0.000000000000000000e+00
6.062999999999999501e-01
0.000000000000000000e+00
0.000000000000000000e+00
0.000000000000000000e+00
5.827400000000000357e-01
0.000000000000000000e+00
0.000000000000000000e+00
0.000000000000000000e+00
4.759900000000000242e-01
0.000000000000000000e+00
0.000000000000000000e+00
6.335800000000000320e-01
0.000000000000000000e+00
0.000000000000000000e+00
0.000000000000000000e+00
7.353600000000000136e-01
0.000000000000000000e+00
8.868899999999999562e-01
0.000000000000000000e+00
0.000000000000000000e+00
6.031199999999999894e-01
0.000000000000000000e+00
8.426799999999999846e-01
0.000000000000000000e+00
0.000000000000000000e+00
6.493900000000000228e-01
0.000000000000000000e+00
0.000000000000000000e+00
6.262100000000000444e-01
0.000000000000000000e+00
6.437500000000000444e-01
0.000000000000000000e+00
5.281400000000000539e-01
0.000000000000000000e+00
0.000000000000000000e+00
5.966599999999999682e-01
0.000000000000000000e+00
0.000000000000000000e+00
0.000000000000000000e+00
6.183800000000000407e-01
0.000000000000000000e+00
0.000000000000000000e+00
5.515499999999999847e-01
0.000000000000000000e+00
0.000000000000000000e+00
5.923899999999999721e-01
0.000000000000000000e+00
0.000000000000000000e+00
0.000000000000000000e+00
0.000000000000000000e+00
5.477600000000000247e-01
0.000000000000000000e+00
0.000000000000000000e+00
5.340000000000000302e-01
0.000000000000000000e+00
0.000000000000000000e+00
0.000000000000000000e+00
0.000000000000000000e+00
7.174899999999999611e-01
0.000000000000000000e+00
7.179400000000000226e-01
0.000000000000000000e+00
0.000000000000000000e+00
6.801599999999999868e-01
0.000000000000000000e+00
0.000000000000000000e+00
5.684099999999999708e-01
0.000000000000000000e+00
7.751400000000000512e-01
0.000000000000000000e+00
6.227500000000000258e-01
0.000000000000000000e+00
0.000000000000000000e+00
6.224899999999999878e-01
0.000000000000000000e+00
0.000000000000000000e+00
0.000000000000000000e+00
6.723700000000000232e-01
0.000000000000000000e+00
0.000000000000000000e+00
0.000000000000000000e+00
0.000000000000000000e+00
5.494200000000000195e-01
0.000000000000000000e+00
0.000000000000000000e+00
8.304799999999999960e-01
0.000000000000000000e+00
0.000000000000000000e+00
0.000000000000000000e+00
6.268899999999999473e-01
0.000000000000000000e+00
6.978799999999999448e-01
0.000000000000000000e+00
0.000000000000000000e+00
1.241239999999999899e+00
0.000000000000000000e+00
0.000000000000000000e+00
0.000000000000000000e+00
0.000000000000000000e+00
0.000000000000000000e+00
5.208800000000000097e-01
0.000000000000000000e+00
5.819600000000000328e-01
0.000000000000000000e+00
0.000000000000000000e+00
0.000000000000000000e+00
0.000000000000000000e+00
0.000000000000000000e+00
0.000000000000000000e+00
0.000000000000000000e+00
0.000000000000000000e+00
0.000000000000000000e+00
0.000000000000000000e+00
0.000000000000000000e+00
0.000000000000000000e+00
0.000000000000000000e+00
0.000000000000000000e+00
0.000000000000000000e+00
0.000000000000000000e+00
0.000000000000000000e+00
0.000000000000000000e+00
0.000000000000000000e+00
0.000000000000000000e+00
0.000000000000000000e+00
0.000000000000000000e+00
0.000000000000000000e+00
5.607199999999999962e-01
0.000000000000000000e+00
0.000000000000000000e+00
0.000000000000000000e+00
0.000000000000000000e+00
9.878200000000000314e-01
0.000000000000000000e+00
0.000000000000000000e+00
0.000000000000000000e+00
0.000000000000000000e+00
5.919100000000000472e-01
0.000000000000000000e+00
0.000000000000000000e+00
0.000000000000000000e+00
7.109799999999999454e-01
0.000000000000000000e+00
9.674899999999999611e-01
0.000000000000000000e+00
6.600300000000000056e-01
0.000000000000000000e+00
5.044800000000000395e-01
0.000000000000000000e+00
7.125500000000000167e-01
0.000000000000000000e+00
0.000000000000000000e+00
0.000000000000000000e+00
0.000000000000000000e+00
0.000000000000000000e+00
6.534100000000000463e-01
0.000000000000000000e+00
5.898099999999999454e-01
0.000000000000000000e+00
5.224699999999999900e-01
0.000000000000000000e+00
0.000000000000000000e+00
0.000000000000000000e+00
7.428900000000000503e-01
0.000000000000000000e+00
0.000000000000000000e+00
5.261099999999999666e-01
0.000000000000000000e+00
0.000000000000000000e+00
0.000000000000000000e+00
6.477899999999999769e-01
0.000000000000000000e+00
0.000000000000000000e+00
5.916099999999999692e-01
0.000000000000000000e+00
1.021190000000000042e+00
0.000000000000000000e+00
8.036200000000000010e-01
0.000000000000000000e+00
0.000000000000000000e+00
0.000000000000000000e+00
7.399099999999999566e-01
0.000000000000000000e+00
0.000000000000000000e+00
0.000000000000000000e+00
0.000000000000000000e+00
0.000000000000000000e+00
0.000000000000000000e+00
4.980999999999999872e-01
0.000000000000000000e+00
0.000000000000000000e+00
0.000000000000000000e+00
0.000000000000000000e+00
6.006000000000000227e-01
0.000000000000000000e+00
0.000000000000000000e+00
0.000000000000000000e+00
0.000000000000000000e+00
7.984299999999999731e-01
0.000000000000000000e+00
0.000000000000000000e+00
0.000000000000000000e+00
5.695799999999999752e-01
0.000000000000000000e+00
0.000000000000000000e+00
0.000000000000000000e+00
9.686299999999999910e-01
0.000000000000000000e+00
0.000000000000000000e+00
8.584100000000000064e-01
0.000000000000000000e+00
0.000000000000000000e+00
0.000000000000000000e+00
5.294600000000000417e-01
0.000000000000000000e+00
5.621800000000000130e-01
0.000000000000000000e+00
0.000000000000000000e+00
6.132900000000000018e-01
0.000000000000000000e+00
0.000000000000000000e+00
8.821200000000000152e-01
0.000000000000000000e+00
0.000000000000000000e+00
7.270699999999999941e-01
0.000000000000000000e+00
6.465100000000000291e-01
0.000000000000000000e+00
7.335500000000000353e-01
0.000000000000000000e+00
0.000000000000000000e+00
0.000000000000000000e+00
0.000000000000000000e+00
6.965799999999999770e-01
0.000000000000000000e+00
0.000000000000000000e+00
0.000000000000000000e+00
0.000000000000000000e+00
0.000000000000000000e+00
5.955799999999999983e-01
0.000000000000000000e+00
0.000000000000000000e+00
0.000000000000000000e+00
8.367200000000000193e-01
0.000000000000000000e+00
0.000000000000000000e+00
5.889900000000000135e-01
0.000000000000000000e+00
0.000000000000000000e+00
5.604099999999999637e-01
0.000000000000000000e+00
0.000000000000000000e+00
1.245130000000000070e+00
0.000000000000000000e+00
5.926500000000000101e-01
0.000000000000000000e+00
9.316100000000000492e-01
0.000000000000000000e+00
0.000000000000000000e+00
0.000000000000000000e+00
0.000000000000000000e+00
0.000000000000000000e+00
5.950100000000000389e-01
0.000000000000000000e+00
0.000000000000000000e+00
6.065300000000000136e-01
0.000000000000000000e+00
0.000000000000000000e+00
0.000000000000000000e+00
5.711500000000000465e-01
0.000000000000000000e+00
0.000000000000000000e+00
0.000000000000000000e+00
0.000000000000000000e+00
6.790000000000000480e-01
0.000000000000000000e+00
0.000000000000000000e+00
0.000000000000000000e+00
0.000000000000000000e+00
0.000000000000000000e+00
5.858100000000000529e-01
0.000000000000000000e+00
0.000000000000000000e+00
0.000000000000000000e+00
5.072499999999999787e-01
0.000000000000000000e+00
0.000000000000000000e+00
7.326099999999999834e-01
0.000000000000000000e+00
0.000000000000000000e+00
7.973999999999999977e-01
0.000000000000000000e+00
5.202900000000000302e-01
0.000000000000000000e+00
0.000000000000000000e+00
5.496900000000000119e-01
0.000000000000000000e+00
0.000000000000000000e+00
0.000000000000000000e+00
0.000000000000000000e+00
6.275399999999999867e-01
0.000000000000000000e+00
0.000000000000000000e+00
0.000000000000000000e+00
6.148500000000000076e-01
0.000000000000000000e+00
0.000000000000000000e+00
0.000000000000000000e+00
1.099329999999999918e+00
0.000000000000000000e+00
0.000000000000000000e+00
0.000000000000000000e+00
7.164500000000000313e-01
0.000000000000000000e+00
0.000000000000000000e+00
0.000000000000000000e+00
0.000000000000000000e+00
5.684399999999999453e-01
0.000000000000000000e+00
0.000000000000000000e+00
6.840699999999999559e-01
0.000000000000000000e+00
0.000000000000000000e+00
0.000000000000000000e+00
0.000000000000000000e+00
0.000000000000000000e+00
0.000000000000000000e+00
6.715400000000000258e-01
0.000000000000000000e+00
0.000000000000000000e+00
5.947299999999999809e-01
0.000000000000000000e+00
0.000000000000000000e+00
0.000000000000000000e+00
8.393300000000000205e-01
0.000000000000000000e+00
0.000000000000000000e+00
0.000000000000000000e+00
6.411599999999999522e-01
0.000000000000000000e+00
5.479500000000000481e-01
0.000000000000000000e+00
0.000000000000000000e+00
6.753900000000000459e-01
0.000000000000000000e+00
0.000000000000000000e+00
0.000000000000000000e+00
6.618100000000000094e-01
0.000000000000000000e+00
0.000000000000000000e+00
0.000000000000000000e+00
6.160299999999999665e-01
0.000000000000000000e+00
7.151499999999999524e-01
0.000000000000000000e+00
0.000000000000000000e+00
0.000000000000000000e+00
5.561199999999999477e-01
0.000000000000000000e+00
0.000000000000000000e+00
0.000000000000000000e+00
0.000000000000000000e+00
0.000000000000000000e+00
0.000000000000000000e+00
5.259500000000000286e-01
0.000000000000000000e+00
0.000000000000000000e+00
0.000000000000000000e+00
0.000000000000000000e+00
5.383299999999999752e-01
0.000000000000000000e+00
0.000000000000000000e+00
5.216600000000000126e-01
0.000000000000000000e+00
0.000000000000000000e+00
0.000000000000000000e+00
5.051999999999999824e-01
0.000000000000000000e+00
0.000000000000000000e+00
0.000000000000000000e+00
5.348100000000000076e-01
0.000000000000000000e+00
5.894599999999999840e-01
0.000000000000000000e+00
5.868299999999999628e-01
0.000000000000000000e+00
0.000000000000000000e+00
0.000000000000000000e+00
0.000000000000000000e+00
0.000000000000000000e+00
4.619199999999999973e-01
0.000000000000000000e+00
0.000000000000000000e+00
0.000000000000000000e+00
8.161500000000000421e-01
0.000000000000000000e+00
5.907000000000000028e-01
0.000000000000000000e+00
5.781899999999999817e-01
0.000000000000000000e+00
0.000000000000000000e+00
0.000000000000000000e+00
0.000000000000000000e+00
5.349599999999999911e-01
0.000000000000000000e+00
0.000000000000000000e+00
0.000000000000000000e+00
8.130399999999999849e-01
0.000000000000000000e+00
0.000000000000000000e+00
5.605299999999999727e-01
0.000000000000000000e+00
0.000000000000000000e+00
0.000000000000000000e+00
5.020099999999999563e-01
0.000000000000000000e+00
0.000000000000000000e+00
0.000000000000000000e+00
0.000000000000000000e+00
0.000000000000000000e+00
0.000000000000000000e+00
0.000000000000000000e+00
0.000000000000000000e+00
0.000000000000000000e+00
0.000000000000000000e+00
0.000000000000000000e+00
0.000000000000000000e+00
0.000000000000000000e+00
0.000000000000000000e+00
0.000000000000000000e+00
0.000000000000000000e+00
0.000000000000000000e+00
0.000000000000000000e+00
0.000000000000000000e+00
0.000000000000000000e+00
0.000000000000000000e+00
0.000000000000000000e+00
0.000000000000000000e+00
0.000000000000000000e+00
8.129199999999999759e-01
0.000000000000000000e+00
0.000000000000000000e+00
0.000000000000000000e+00
0.000000000000000000e+00
0.000000000000000000e+00
5.264900000000000135e-01
0.000000000000000000e+00
0.000000000000000000e+00
6.727999999999999536e-01
0.000000000000000000e+00
0.000000000000000000e+00
0.000000000000000000e+00
0.000000000000000000e+00
0.000000000000000000e+00
5.176300000000000345e-01
0.000000000000000000e+00
4.903600000000000181e-01
0.000000000000000000e+00
6.760899999999999688e-01
0.000000000000000000e+00
0.000000000000000000e+00
5.830199999999999827e-01
0.000000000000000000e+00
0.000000000000000000e+00
0.000000000000000000e+00
6.415300000000000447e-01
0.000000000000000000e+00
0.000000000000000000e+00
1.043909999999999894e+00
0.000000000000000000e+00
1.386889999999999956e+00
0.000000000000000000e+00
0.000000000000000000e+00
0.000000000000000000e+00
9.469400000000000039e-01
0.000000000000000000e+00
0.000000000000000000e+00
6.368700000000000472e-01
0.000000000000000000e+00
0.000000000000000000e+00
5.587100000000000399e-01
0.000000000000000000e+00
1.033870000000000067e+00
0.000000000000000000e+00
0.000000000000000000e+00
0.000000000000000000e+00
0.000000000000000000e+00
0.000000000000000000e+00
4.767199999999999771e-01
0.000000000000000000e+00
0.000000000000000000e+00
0.000000000000000000e+00
6.269299999999999873e-01
0.000000000000000000e+00
0.000000000000000000e+00
5.356499999999999595e-01
0.000000000000000000e+00
6.161900000000000155e-01
0.000000000000000000e+00
0.000000000000000000e+00
0.000000000000000000e+00
6.231700000000000017e-01
0.000000000000000000e+00
0.000000000000000000e+00
5.416999999999999593e-01
0.000000000000000000e+00
5.812000000000000499e-01
0.000000000000000000e+00
0.000000000000000000e+00
0.000000000000000000e+00
6.067599999999999660e-01
0.000000000000000000e+00
0.000000000000000000e+00
5.790100000000000247e-01
0.000000000000000000e+00
0.000000000000000000e+00
1.227319999999999967e+00
0.000000000000000000e+00
5.557900000000000063e-01
0.000000000000000000e+00
0.000000000000000000e+00
6.217200000000000504e-01
0.000000000000000000e+00
0.000000000000000000e+00
0.000000000000000000e+00
5.487499999999999600e-01
0.000000000000000000e+00
0.000000000000000000e+00
5.742599999999999927e-01
0.000000000000000000e+00
0.000000000000000000e+00
5.974699999999999456e-01
0.000000000000000000e+00
6.297899999999999610e-01
0.000000000000000000e+00
0.000000000000000000e+00
0.000000000000000000e+00
5.630399999999999849e-01
0.000000000000000000e+00
0.000000000000000000e+00
0.000000000000000000e+00
5.711000000000000520e-01
0.000000000000000000e+00
0.000000000000000000e+00
0.000000000000000000e+00
0.000000000000000000e+00
0.000000000000000000e+00
4.947099999999999831e-01
0.000000000000000000e+00
0.000000000000000000e+00
7.465300000000000269e-01
0.000000000000000000e+00
0.000000000000000000e+00
0.000000000000000000e+00
0.000000000000000000e+00
6.583200000000000163e-01
0.000000000000000000e+00
0.000000000000000000e+00
0.000000000000000000e+00
5.540199999999999569e-01
0.000000000000000000e+00
0.000000000000000000e+00
6.374699999999999811e-01
0.000000000000000000e+00
0.000000000000000000e+00
6.482499999999999929e-01
0.000000000000000000e+00
0.000000000000000000e+00
0.000000000000000000e+00
0.000000000000000000e+00
0.000000000000000000e+00
8.961900000000000421e-01
0.000000000000000000e+00
0.000000000000000000e+00
5.715400000000000480e-01
0.000000000000000000e+00
0.000000000000000000e+00
0.000000000000000000e+00
0.000000000000000000e+00
6.015599999999999836e-01
0.000000000000000000e+00
0.000000000000000000e+00
0.000000000000000000e+00
8.949799999999999978e-01
0.000000000000000000e+00
9.516999999999999904e-01
0.000000000000000000e+00
0.000000000000000000e+00
0.000000000000000000e+00
5.986299999999999955e-01
0.000000000000000000e+00
0.000000000000000000e+00
0.000000000000000000e+00
0.000000000000000000e+00
5.144699999999999829e-01
0.000000000000000000e+00
7.716600000000000126e-01
0.000000000000000000e+00
7.571499999999999897e-01
0.000000000000000000e+00
6.076000000000000290e-01
0.000000000000000000e+00
5.894599999999999840e-01
0.000000000000000000e+00
0.000000000000000000e+00
5.845599999999999685e-01
0.000000000000000000e+00
0.000000000000000000e+00
0.000000000000000000e+00
0.000000000000000000e+00
0.000000000000000000e+00
5.483000000000000096e-01
0.000000000000000000e+00
5.422700000000000298e-01
0.000000000000000000e+00
0.000000000000000000e+00
0.000000000000000000e+00
4.839300000000000268e-01
0.000000000000000000e+00
0.000000000000000000e+00
9.818500000000000005e-01
0.000000000000000000e+00
0.000000000000000000e+00
0.000000000000000000e+00
5.194400000000000128e-01
0.000000000000000000e+00
0.000000000000000000e+00
0.000000000000000000e+00
4.977199999999999958e-01
0.000000000000000000e+00
0.000000000000000000e+00
9.245799999999999574e-01
0.000000000000000000e+00
0.000000000000000000e+00
0.000000000000000000e+00
0.000000000000000000e+00
6.819100000000000161e-01
0.000000000000000000e+00
0.000000000000000000e+00
0.000000000000000000e+00
0.000000000000000000e+00
0.000000000000000000e+00
0.000000000000000000e+00
5.898099999999999454e-01
0.000000000000000000e+00
0.000000000000000000e+00
0.000000000000000000e+00
6.809100000000000152e-01
0.000000000000000000e+00
0.000000000000000000e+00
0.000000000000000000e+00
6.715799999999999548e-01
0.000000000000000000e+00
0.000000000000000000e+00
0.000000000000000000e+00
0.000000000000000000e+00
0.000000000000000000e+00
5.810400000000000009e-01
0.000000000000000000e+00
0.000000000000000000e+00
0.000000000000000000e+00
0.000000000000000000e+00
6.784599999999999520e-01
0.000000000000000000e+00
0.000000000000000000e+00
0.000000000000000000e+00
9.982799999999999452e-01
0.000000000000000000e+00
0.000000000000000000e+00
0.000000000000000000e+00
0.000000000000000000e+00
0.000000000000000000e+00
0.000000000000000000e+00
5.937299999999999800e-01
0.000000000000000000e+00
0.000000000000000000e+00
0.000000000000000000e+00
6.380299999999999860e-01
0.000000000000000000e+00
0.000000000000000000e+00
0.000000000000000000e+00
0.000000000000000000e+00
1.073879999999999946e+00
0.000000000000000000e+00
0.000000000000000000e+00
4.913299999999999890e-01
0.000000000000000000e+00
0.000000000000000000e+00
0.000000000000000000e+00
0.000000000000000000e+00
0.000000000000000000e+00
5.418500000000000538e-01
0.000000000000000000e+00
0.000000000000000000e+00
5.335600000000000342e-01
0.000000000000000000e+00
0.000000000000000000e+00
5.669699999999999740e-01
0.000000000000000000e+00
5.729400000000000048e-01
0.000000000000000000e+00
5.943100000000000049e-01
0.000000000000000000e+00
0.000000000000000000e+00
0.000000000000000000e+00
5.366800000000000459e-01
0.000000000000000000e+00
0.000000000000000000e+00
0.000000000000000000e+00
0.000000000000000000e+00
0.000000000000000000e+00
0.000000000000000000e+00
0.000000000000000000e+00
6.359000000000000208e-01
0.000000000000000000e+00
0.000000000000000000e+00
5.742000000000000437e-01
0.000000000000000000e+00
5.867299999999999738e-01
0.000000000000000000e+00
1.002839999999999954e+00
0.000000000000000000e+00
0.000000000000000000e+00
6.781599999999999850e-01
0.000000000000000000e+00
5.745999999999999996e-01
0.000000000000000000e+00
0.000000000000000000e+00
0.000000000000000000e+00
0.000000000000000000e+00
0.000000000000000000e+00
0.000000000000000000e+00
0.000000000000000000e+00
0.000000000000000000e+00
0.000000000000000000e+00
0.000000000000000000e+00
0.000000000000000000e+00
0.000000000000000000e+00
0.000000000000000000e+00
0.000000000000000000e+00
0.000000000000000000e+00
0.000000000000000000e+00
0.000000000000000000e+00
0.000000000000000000e+00
0.000000000000000000e+00
0.000000000000000000e+00
0.000000000000000000e+00
0.000000000000000000e+00
0.000000000000000000e+00
0.000000000000000000e+00
5.467800000000000438e-01
0.000000000000000000e+00
6.338300000000000045e-01
0.000000000000000000e+00
0.000000000000000000e+00
0.000000000000000000e+00
5.067500000000000338e-01
0.000000000000000000e+00
0.000000000000000000e+00
0.000000000000000000e+00
0.000000000000000000e+00
5.087500000000000355e-01
0.000000000000000000e+00
0.000000000000000000e+00
5.561700000000000532e-01
0.000000000000000000e+00
0.000000000000000000e+00
0.000000000000000000e+00
0.000000000000000000e+00
6.434499999999999664e-01
0.000000000000000000e+00
8.853299999999999503e-01
0.000000000000000000e+00
5.464099999999999513e-01
0.000000000000000000e+00
0.000000000000000000e+00
6.947499999999999787e-01
0.000000000000000000e+00
6.627699999999999703e-01
0.000000000000000000e+00
0.000000000000000000e+00
5.662800000000000056e-01
0.000000000000000000e+00
5.316999999999999504e-01
0.000000000000000000e+00
0.000000000000000000e+00
5.734599999999999698e-01
0.000000000000000000e+00
0.000000000000000000e+00
5.503700000000000259e-01
0.000000000000000000e+00
0.000000000000000000e+00
0.000000000000000000e+00
0.000000000000000000e+00
1.011039999999999939e+00
0.000000000000000000e+00
0.000000000000000000e+00
7.559799999999999853e-01
0.000000000000000000e+00
0.000000000000000000e+00
0.000000000000000000e+00
1.032000000000000028e+00
0.000000000000000000e+00
0.000000000000000000e+00
4.964700000000000224e-01
0.000000000000000000e+00
5.888600000000000501e-01
0.000000000000000000e+00
0.000000000000000000e+00
0.000000000000000000e+00
6.569700000000000539e-01
0.000000000000000000e+00
0.000000000000000000e+00
0.000000000000000000e+00
4.740400000000000169e-01
0.000000000000000000e+00
5.578400000000000025e-01
0.000000000000000000e+00
0.000000000000000000e+00
5.134900000000000020e-01
0.000000000000000000e+00
0.000000000000000000e+00
0.000000000000000000e+00
5.299399999999999666e-01
0.000000000000000000e+00
0.000000000000000000e+00
6.048999999999999932e-01
0.000000000000000000e+00
5.934599999999999875e-01
0.000000000000000000e+00
0.000000000000000000e+00
0.000000000000000000e+00
0.000000000000000000e+00
0.000000000000000000e+00
6.074500000000000455e-01
0.000000000000000000e+00
0.000000000000000000e+00
0.000000000000000000e+00
0.000000000000000000e+00
5.724200000000000399e-01
0.000000000000000000e+00
0.000000000000000000e+00
5.532099999999999795e-01
0.000000000000000000e+00
0.000000000000000000e+00
5.065100000000000158e-01
0.000000000000000000e+00
0.000000000000000000e+00
0.000000000000000000e+00
5.006899999999999684e-01
0.000000000000000000e+00
6.613200000000000189e-01
0.000000000000000000e+00
0.000000000000000000e+00
6.484299999999999509e-01
0.000000000000000000e+00
0.000000000000000000e+00
0.000000000000000000e+00
7.255099999999999882e-01
0.000000000000000000e+00
5.880600000000000271e-01
0.000000000000000000e+00
6.636100000000000332e-01
0.000000000000000000e+00
6.685499999999999776e-01
0.000000000000000000e+00
0.000000000000000000e+00
0.000000000000000000e+00
0.000000000000000000e+00
0.000000000000000000e+00
5.144499999999999629e-01
0.000000000000000000e+00
0.000000000000000000e+00
0.000000000000000000e+00
6.024300000000000210e-01
0.000000000000000000e+00
0.000000000000000000e+00
0.000000000000000000e+00
0.000000000000000000e+00
5.292599999999999527e-01
0.000000000000000000e+00
0.000000000000000000e+00
0.000000000000000000e+00
5.523599999999999621e-01
0.000000000000000000e+00
0.000000000000000000e+00
5.175400000000000000e-01
0.000000000000000000e+00
6.876600000000000490e-01
0.000000000000000000e+00
0.000000000000000000e+00
8.270800000000000374e-01
0.000000000000000000e+00
6.476100000000000190e-01
0.000000000000000000e+00
0.000000000000000000e+00
0.000000000000000000e+00
7.255800000000000027e-01
0.000000000000000000e+00
0.000000000000000000e+00
0.000000000000000000e+00
0.000000000000000000e+00
6.404499999999999638e-01
0.000000000000000000e+00
0.000000000000000000e+00
0.000000000000000000e+00
0.000000000000000000e+00
5.681899999999999729e-01
0.000000000000000000e+00
0.000000000000000000e+00
0.000000000000000000e+00
0.000000000000000000e+00
0.000000000000000000e+00
6.184699999999999642e-01
0.000000000000000000e+00
5.749300000000000521e-01
0.000000000000000000e+00
5.481899999999999551e-01
0.000000000000000000e+00
0.000000000000000000e+00
6.638699999999999601e-01
0.000000000000000000e+00
0.000000000000000000e+00
0.000000000000000000e+00
9.458900000000000086e-01
0.000000000000000000e+00
8.739400000000000501e-01
0.000000000000000000e+00
0.000000000000000000e+00
0.000000000000000000e+00
7.136299999999999866e-01
0.000000000000000000e+00
0.000000000000000000e+00
8.109800000000000342e-01
0.000000000000000000e+00
0.000000000000000000e+00
0.000000000000000000e+00
7.274899999999999700e-01
0.000000000000000000e+00
6.290499999999999980e-01
0.000000000000000000e+00
7.641999999999999904e-01
0.000000000000000000e+00
6.282799999999999496e-01
0.000000000000000000e+00
0.000000000000000000e+00
0.000000000000000000e+00
0.000000000000000000e+00
6.714599999999999458e-01
0.000000000000000000e+00
8.850400000000000489e-01
0.000000000000000000e+00
6.685799999999999521e-01
0.000000000000000000e+00
0.000000000000000000e+00
0.000000000000000000e+00
1.757500000000000062e+00
0.000000000000000000e+00
0.000000000000000000e+00
0.000000000000000000e+00
0.000000000000000000e+00
0.000000000000000000e+00
6.997799999999999576e-01
0.000000000000000000e+00
0.000000000000000000e+00
0.000000000000000000e+00
0.000000000000000000e+00
6.255300000000000304e-01
0.000000000000000000e+00
0.000000000000000000e+00
7.408599999999999630e-01
0.000000000000000000e+00
5.983899999999999775e-01
0.000000000000000000e+00
0.000000000000000000e+00
0.000000000000000000e+00
8.413699999999999513e-01
0.000000000000000000e+00
8.202599999999999891e-01
0.000000000000000000e+00
0.000000000000000000e+00
7.054300000000000015e-01
0.000000000000000000e+00
0.000000000000000000e+00
0.000000000000000000e+00
0.000000000000000000e+00
0.000000000000000000e+00
0.000000000000000000e+00
5.108500000000000263e-01
0.000000000000000000e+00
0.000000000000000000e+00
1.075660000000000061e+00
0.000000000000000000e+00
1.194749999999999979e+00
0.000000000000000000e+00
0.000000000000000000e+00
0.000000000000000000e+00
6.508500000000000396e-01
0.000000000000000000e+00
6.648399999999999865e-01
0.000000000000000000e+00
7.489799999999999791e-01
0.000000000000000000e+00
0.000000000000000000e+00
0.000000000000000000e+00
6.138700000000000268e-01
0.000000000000000000e+00
0.000000000000000000e+00
0.000000000000000000e+00
0.000000000000000000e+00
5.256699999999999706e-01
0.000000000000000000e+00
5.757900000000000240e-01
0.000000000000000000e+00
0.000000000000000000e+00
0.000000000000000000e+00
0.000000000000000000e+00
0.000000000000000000e+00
0.000000000000000000e+00
0.000000000000000000e+00
0.000000000000000000e+00
0.000000000000000000e+00
0.000000000000000000e+00
0.000000000000000000e+00
0.000000000000000000e+00
0.000000000000000000e+00
0.000000000000000000e+00
0.000000000000000000e+00
0.000000000000000000e+00
0.000000000000000000e+00
0.000000000000000000e+00
0.000000000000000000e+00
0.000000000000000000e+00
0.000000000000000000e+00
0.000000000000000000e+00
6.650599999999999845e-01
0.000000000000000000e+00
0.000000000000000000e+00
0.000000000000000000e+00
5.626200000000000090e-01
0.000000000000000000e+00
0.000000000000000000e+00
0.000000000000000000e+00
6.965799999999999770e-01
0.000000000000000000e+00
0.000000000000000000e+00
0.000000000000000000e+00
0.000000000000000000e+00
4.715099999999999847e-01
0.000000000000000000e+00
0.000000000000000000e+00
0.000000000000000000e+00
5.589199999999999724e-01
0.000000000000000000e+00
6.975000000000000089e-01
0.000000000000000000e+00
0.000000000000000000e+00
0.000000000000000000e+00
4.606100000000000194e-01
0.000000000000000000e+00
0.000000000000000000e+00
5.875700000000000367e-01
0.000000000000000000e+00
5.706599999999999451e-01
0.000000000000000000e+00
0.000000000000000000e+00
4.722199999999999731e-01
0.000000000000000000e+00
0.000000000000000000e+00
0.000000000000000000e+00
6.538300000000000223e-01
0.000000000000000000e+00
5.784000000000000252e-01
0.000000000000000000e+00
6.482900000000000329e-01
0.000000000000000000e+00
5.889699999999999935e-01
0.000000000000000000e+00
0.000000000000000000e+00
4.707500000000000018e-01
0.000000000000000000e+00
0.000000000000000000e+00
5.605700000000000127e-01
0.000000000000000000e+00
0.000000000000000000e+00
5.283999999999999808e-01
0.000000000000000000e+00
0.000000000000000000e+00
0.000000000000000000e+00
5.266100000000000225e-01
0.000000000000000000e+00
5.824300000000000033e-01
0.000000000000000000e+00
0.000000000000000000e+00
0.000000000000000000e+00
6.077000000000000179e-01
0.000000000000000000e+00
0.000000000000000000e+00
0.000000000000000000e+00
0.000000000000000000e+00
4.770099999999999896e-01
0.000000000000000000e+00
6.525999999999999579e-01
0.000000000000000000e+00
0.000000000000000000e+00
0.000000000000000000e+00
5.045399999999999885e-01
0.000000000000000000e+00
0.000000000000000000e+00
6.245600000000000041e-01
0.000000000000000000e+00
0.000000000000000000e+00
0.000000000000000000e+00
0.000000000000000000e+00
0.000000000000000000e+00
5.936700000000000310e-01
0.000000000000000000e+00
9.817099999999999715e-01
0.000000000000000000e+00
0.000000000000000000e+00
0.000000000000000000e+00
6.317000000000000393e-01
0.000000000000000000e+00
0.000000000000000000e+00
0.000000000000000000e+00
0.000000000000000000e+00
6.201999999999999735e-01
0.000000000000000000e+00
0.000000000000000000e+00
7.264199999999999546e-01
0.000000000000000000e+00
0.000000000000000000e+00
5.212299999999999711e-01
0.000000000000000000e+00
0.000000000000000000e+00
0.000000000000000000e+00
6.432900000000000285e-01
0.000000000000000000e+00
0.000000000000000000e+00
6.107099999999999751e-01
0.000000000000000000e+00
0.000000000000000000e+00
5.714900000000000535e-01
0.000000000000000000e+00
0.000000000000000000e+00
0.000000000000000000e+00
5.104400000000000048e-01
0.000000000000000000e+00
6.765799999999999592e-01
0.000000000000000000e+00
5.306400000000000006e-01
0.000000000000000000e+00
0.000000000000000000e+00
0.000000000000000000e+00
0.000000000000000000e+00
5.719499999999999584e-01
0.000000000000000000e+00
0.000000000000000000e+00
5.031900000000000261e-01
0.000000000000000000e+00
0.000000000000000000e+00
0.000000000000000000e+00
5.374200000000000088e-01
0.000000000000000000e+00
0.000000000000000000e+00
0.000000000000000000e+00
5.369300000000000184e-01
0.000000000000000000e+00
6.324999999999999512e-01
0.000000000000000000e+00
0.000000000000000000e+00
0.000000000000000000e+00
0.000000000000000000e+00
4.447999999999999732e-01
0.000000000000000000e+00
0.000000000000000000e+00
5.472000000000000197e-01
0.000000000000000000e+00
0.000000000000000000e+00
6.018400000000000416e-01
0.000000000000000000e+00
0.000000000000000000e+00
0.000000000000000000e+00
6.305899999999999839e-01
0.000000000000000000e+00
0.000000000000000000e+00
6.773599999999999621e-01
0.000000000000000000e+00
8.014299999999999757e-01
0.000000000000000000e+00
0.000000000000000000e+00
0.000000000000000000e+00
4.449899999999999967e-01
0.000000000000000000e+00
0.000000000000000000e+00
9.723600000000000021e-01
0.000000000000000000e+00
0.000000000000000000e+00
0.000000000000000000e+00
6.537800000000000278e-01
0.000000000000000000e+00
0.000000000000000000e+00
0.000000000000000000e+00
8.895300000000000429e-01
0.000000000000000000e+00
0.000000000000000000e+00
5.433400000000000452e-01
0.000000000000000000e+00
0.000000000000000000e+00
0.000000000000000000e+00
0.000000000000000000e+00
0.000000000000000000e+00
0.000000000000000000e+00
0.000000000000000000e+00
8.084200000000000275e-01
0.000000000000000000e+00
0.000000000000000000e+00
0.000000000000000000e+00
6.056500000000000217e-01
0.000000000000000000e+00
0.000000000000000000e+00
0.000000000000000000e+00
0.000000000000000000e+00
0.000000000000000000e+00
5.966799999999999882e-01
0.000000000000000000e+00
0.000000000000000000e+00
5.696200000000000152e-01
0.000000000000000000e+00
4.939999999999999947e-01
0.000000000000000000e+00
0.000000000000000000e+00
4.618700000000000028e-01
0.000000000000000000e+00
0.000000000000000000e+00
0.000000000000000000e+00
0.000000000000000000e+00
0.000000000000000000e+00
4.720300000000000051e-01
0.000000000000000000e+00
0.000000000000000000e+00
0.000000000000000000e+00
0.000000000000000000e+00
6.114500000000000490e-01
0.000000000000000000e+00
6.759600000000000053e-01
0.000000000000000000e+00
0.000000000000000000e+00
0.000000000000000000e+00
0.000000000000000000e+00
6.677499999999999547e-01
0.000000000000000000e+00
0.000000000000000000e+00
0.000000000000000000e+00
0.000000000000000000e+00
0.000000000000000000e+00
4.839999999999999858e-01
0.000000000000000000e+00
0.000000000000000000e+00
6.145599999999999952e-01
0.000000000000000000e+00
0.000000000000000000e+00
7.144800000000000040e-01
0.000000000000000000e+00
0.000000000000000000e+00
7.411600000000000410e-01
0.000000000000000000e+00
0.000000000000000000e+00
5.719899999999999984e-01
0.000000000000000000e+00
0.000000000000000000e+00
0.000000000000000000e+00
6.141299999999999537e-01
0.000000000000000000e+00
0.000000000000000000e+00
5.240599999999999703e-01
0.000000000000000000e+00
5.326999999999999513e-01
0.000000000000000000e+00
0.000000000000000000e+00
6.109499999999999931e-01
0.000000000000000000e+00
0.000000000000000000e+00
7.242800000000000349e-01
0.000000000000000000e+00
0.000000000000000000e+00
5.634500000000000064e-01
0.000000000000000000e+00
0.000000000000000000e+00
0.000000000000000000e+00
5.776700000000000168e-01
0.000000000000000000e+00
0.000000000000000000e+00
0.000000000000000000e+00
5.720300000000000384e-01
0.000000000000000000e+00
5.787499999999999867e-01
0.000000000000000000e+00
0.000000000000000000e+00
4.744599999999999929e-01
0.000000000000000000e+00
0.000000000000000000e+00
5.439800000000000191e-01
0.000000000000000000e+00
0.000000000000000000e+00
0.000000000000000000e+00
0.000000000000000000e+00
0.000000000000000000e+00
5.098000000000000309e-01
0.000000000000000000e+00
0.000000000000000000e+00
5.996500000000000163e-01
0.000000000000000000e+00
0.000000000000000000e+00
0.000000000000000000e+00
0.000000000000000000e+00
0.000000000000000000e+00
0.000000000000000000e+00
0.000000000000000000e+00
0.000000000000000000e+00
0.000000000000000000e+00
0.000000000000000000e+00
0.000000000000000000e+00
0.000000000000000000e+00
0.000000000000000000e+00
0.000000000000000000e+00
0.000000000000000000e+00
0.000000000000000000e+00
0.000000000000000000e+00
0.000000000000000000e+00
0.000000000000000000e+00
0.000000000000000000e+00
0.000000000000000000e+00
0.000000000000000000e+00
4.873299999999999854e-01
0.000000000000000000e+00
0.000000000000000000e+00
5.860300000000000509e-01
0.000000000000000000e+00
0.000000000000000000e+00
5.409300000000000219e-01
0.000000000000000000e+00
0.000000000000000000e+00
5.323900000000000299e-01
0.000000000000000000e+00
5.854399999999999604e-01
0.000000000000000000e+00
5.984199999999999520e-01
0.000000000000000000e+00
0.000000000000000000e+00
6.137500000000000178e-01
0.000000000000000000e+00
5.187000000000000499e-01
0.000000000000000000e+00
0.000000000000000000e+00
8.224399999999999489e-01
0.000000000000000000e+00
0.000000000000000000e+00
9.364900000000000446e-01
0.000000000000000000e+00
0.000000000000000000e+00
6.806299999999999573e-01
0.000000000000000000e+00
0.000000000000000000e+00
0.000000000000000000e+00
0.000000000000000000e+00
6.201200000000000045e-01
0.000000000000000000e+00
0.000000000000000000e+00
0.000000000000000000e+00
5.215400000000000036e-01
0.000000000000000000e+00
5.811399999999999899e-01
0.000000000000000000e+00
0.000000000000000000e+00
7.053000000000000380e-01
0.000000000000000000e+00
5.658999999999999586e-01
0.000000000000000000e+00
0.000000000000000000e+00
5.332900000000000418e-01
0.000000000000000000e+00
0.000000000000000000e+00
0.000000000000000000e+00
6.378700000000000481e-01
0.000000000000000000e+00
0.000000000000000000e+00
5.436499999999999666e-01
0.000000000000000000e+00
1.355639999999999956e+00
0.000000000000000000e+00
5.852000000000000535e-01
0.000000000000000000e+00
0.000000000000000000e+00
0.000000000000000000e+00
9.746700000000000363e-01
0.000000000000000000e+00
0.000000000000000000e+00
0.000000000000000000e+00
6.109799999999999676e-01
0.000000000000000000e+00
5.814200000000000479e-01
0.000000000000000000e+00
0.000000000000000000e+00
0.000000000000000000e+00
0.000000000000000000e+00
0.000000000000000000e+00
5.205100000000000282e-01
0.000000000000000000e+00
0.000000000000000000e+00
6.199500000000000011e-01
0.000000000000000000e+00
0.000000000000000000e+00
0.000000000000000000e+00
0.000000000000000000e+00
0.000000000000000000e+00
5.730699999999999683e-01
0.000000000000000000e+00
0.000000000000000000e+00
5.531800000000000050e-01
0.000000000000000000e+00
0.000000000000000000e+00
5.723000000000000309e-01
0.000000000000000000e+00
0.000000000000000000e+00
0.000000000000000000e+00
0.000000000000000000e+00
0.000000000000000000e+00
7.416599999999999859e-01
0.000000000000000000e+00
0.000000000000000000e+00
7.558000000000000274e-01
0.000000000000000000e+00
0.000000000000000000e+00
6.311600000000000543e-01
0.000000000000000000e+00
0.000000000000000000e+00
0.000000000000000000e+00
0.000000000000000000e+00
5.926299999999999901e-01
0.000000000000000000e+00
0.000000000000000000e+00
5.035399999999999876e-01
0.000000000000000000e+00
0.000000000000000000e+00
7.379000000000000004e-01
0.000000000000000000e+00
0.000000000000000000e+00
8.182500000000000329e-01
0.000000000000000000e+00
0.000000000000000000e+00
0.000000000000000000e+00
0.000000000000000000e+00
0.000000000000000000e+00
0.000000000000000000e+00
0.000000000000000000e+00
5.590600000000000014e-01
0.000000000000000000e+00
0.000000000000000000e+00
4.812899999999999956e-01
0.000000000000000000e+00
5.821499999999999453e-01
0.000000000000000000e+00
0.000000000000000000e+00
4.870499999999999829e-01
0.000000000000000000e+00
0.000000000000000000e+00
0.000000000000000000e+00
0.000000000000000000e+00
5.215699999999999781e-01
0.000000000000000000e+00
0.000000000000000000e+00
0.000000000000000000e+00
4.900399999999999756e-01
0.000000000000000000e+00
8.762799999999999478e-01
0.000000000000000000e+00
0.000000000000000000e+00
5.307899999999999840e-01
0.000000000000000000e+00
0.000000000000000000e+00
5.326300000000000479e-01
0.000000000000000000e+00
0.000000000000000000e+00
0.000000000000000000e+00
5.521700000000000497e-01
0.000000000000000000e+00
5.239099999999999868e-01
0.000000000000000000e+00
6.349900000000000544e-01
0.000000000000000000e+00
0.000000000000000000e+00
0.000000000000000000e+00
6.778899999999999926e-01
0.000000000000000000e+00
5.135899999999999910e-01
0.000000000000000000e+00
6.589599999999999902e-01
0.000000000000000000e+00
0.000000000000000000e+00
6.656400000000000095e-01
0.000000000000000000e+00
0.000000000000000000e+00
0.000000000000000000e+00
5.429399999999999782e-01
0.000000000000000000e+00
0.000000000000000000e+00
0.000000000000000000e+00
8.165700000000000180e-01
0.000000000000000000e+00
0.000000000000000000e+00
5.749199999999999866e-01
0.000000000000000000e+00
0.000000000000000000e+00
6.426100000000000145e-01
0.000000000000000000e+00
0.000000000000000000e+00
6.148599999999999621e-01
0.000000000000000000e+00
6.534600000000000408e-01
0.000000000000000000e+00
0.000000000000000000e+00
5.302299999999999791e-01
0.000000000000000000e+00
0.000000000000000000e+00
0.000000000000000000e+00
5.354799999999999560e-01
0.000000000000000000e+00
0.000000000000000000e+00
1.128830000000000000e+00
0.000000000000000000e+00
0.000000000000000000e+00
0.000000000000000000e+00
5.107199999999999518e-01
0.000000000000000000e+00
5.333999999999999853e-01
0.000000000000000000e+00
0.000000000000000000e+00
0.000000000000000000e+00
0.000000000000000000e+00
0.000000000000000000e+00
5.475799999999999557e-01
0.000000000000000000e+00
0.000000000000000000e+00
0.000000000000000000e+00
5.415999999999999703e-01
0.000000000000000000e+00
0.000000000000000000e+00
5.738799999999999457e-01
0.000000000000000000e+00
0.000000000000000000e+00
0.000000000000000000e+00
0.000000000000000000e+00
5.762500000000000400e-01
0.000000000000000000e+00
9.438100000000000378e-01
0.000000000000000000e+00
0.000000000000000000e+00
0.000000000000000000e+00
0.000000000000000000e+00
4.746500000000000163e-01
0.000000000000000000e+00
0.000000000000000000e+00
0.000000000000000000e+00
5.907400000000000428e-01
0.000000000000000000e+00
9.073700000000000099e-01
0.000000000000000000e+00
0.000000000000000000e+00
0.000000000000000000e+00
4.942599999999999771e-01
0.000000000000000000e+00
0.000000000000000000e+00
0.000000000000000000e+00
0.000000000000000000e+00
0.000000000000000000e+00
0.000000000000000000e+00
5.132799999999999585e-01
0.000000000000000000e+00
0.000000000000000000e+00
0.000000000000000000e+00
5.224499999999999700e-01
0.000000000000000000e+00
0.000000000000000000e+00
0.000000000000000000e+00
6.818499999999999561e-01
0.000000000000000000e+00
0.000000000000000000e+00
5.316699999999999759e-01
0.000000000000000000e+00
6.442200000000000149e-01
0.000000000000000000e+00
0.000000000000000000e+00
0.000000000000000000e+00
0.000000000000000000e+00
0.000000000000000000e+00
0.000000000000000000e+00
5.857799999999999674e-01
0.000000000000000000e+00
0.000000000000000000e+00
0.000000000000000000e+00
0.000000000000000000e+00
0.000000000000000000e+00
7.530299999999999772e-01
0.000000000000000000e+00
0.000000000000000000e+00
0.000000000000000000e+00
0.000000000000000000e+00
0.000000000000000000e+00
5.754899999999999460e-01
0.000000000000000000e+00
0.000000000000000000e+00
0.000000000000000000e+00
0.000000000000000000e+00
0.000000000000000000e+00
0.000000000000000000e+00
0.000000000000000000e+00
0.000000000000000000e+00
0.000000000000000000e+00
0.000000000000000000e+00
0.000000000000000000e+00
