0.000000000000000000e+00
0.000000000000000000e+00
0.000000000000000000e+00
0.000000000000000000e+00
0.000000000000000000e+00
0.000000000000000000e+00
0.000000000000000000e+00
0.000000000000000000e+00
0.000000000000000000e+00
0.000000000000000000e+00
6.121199999999999974e-01
0.000000000000000000e+00
4.905100000000000016e-01
0.000000000000000000e+00
0.000000000000000000e+00
5.128800000000000026e-01
0.000000000000000000e+00
0.000000000000000000e+00
4.997500000000000275e-01
0.000000000000000000e+00
5.899799999999999489e-01
0.000000000000000000e+00
0.000000000000000000e+00
0.000000000000000000e+00
4.604400000000000159e-01
0.000000000000000000e+00
0.000000000000000000e+00
0.000000000000000000e+00
5.415799999999999503e-01
0.000000000000000000e+00
0.000000000000000000e+00
5.792500000000000426e-01
0.000000000000000000e+00
0.000000000000000000e+00
0.000000000000000000e+00
4.255800000000000138e-01
0.000000000000000000e+00
5.604999999999999982e-01
0.000000000000000000e+00
0.000000000000000000e+00
6.612099999999999644e-01
0.000000000000000000e+00
4.848000000000000087e-01
0.000000000000000000e+00
6.224699999999999678e-01
0.000000000000000000e+00
0.000000000000000000e+00
0.000000000000000000e+00
0.000000000000000000e+00
5.465799999999999548e-01
0.000000000000000000e+00
0.000000000000000000e+00
0.000000000000000000e+00
5.977200000000000291e-01
0.000000000000000000e+00
5.448800000000000310e-01
0.000000000000000000e+00
0.000000000000000000e+00
1.070689999999999920e+00
0.000000000000000000e+00
0.000000000000000000e+00
0.000000000000000000e+00
3.548200000000000243e-01
0.000000000000000000e+00
0.000000000000000000e+00
0.000000000000000000e+00
6.667300000000000448e-01
0.000000000000000000e+00
0.000000000000000000e+00
0.000000000000000000e+00
0.000000000000000000e+00
0.000000000000000000e+00
0.000000000000000000e+00
6.392400000000000304e-01
0.000000000000000000e+00
0.000000000000000000e+00
0.000000000000000000e+00
4.483599999999999808e-01
0.000000000000000000e+00
0.000000000000000000e+00
0.000000000000000000e+00
3.838400000000000145e-01
0.000000000000000000e+00
0.000000000000000000e+00
6.381099999999999550e-01
0.000000000000000000e+00
5.948099999999999499e-01
0.000000000000000000e+00
0.000000000000000000e+00
0.000000000000000000e+00
6.158799999999999830e-01
0.000000000000000000e+00
0.000000000000000000e+00
0.000000000000000000e+00
0.000000000000000000e+00
5.101900000000000324e-01
0.000000000000000000e+00
0.000000000000000000e+00
0.000000000000000000e+00
0.000000000000000000e+00
0.000000000000000000e+00
5.982600000000000140e-01
0.000000000000000000e+00
0.000000000000000000e+00
0.000000000000000000e+00
0.000000000000000000e+00
7.719099999999999850e-01
0.000000000000000000e+00
0.000000000000000000e+00
0.000000000000000000e+00
0.000000000000000000e+00
4.690300000000000025e-01
0.000000000000000000e+00
8.465700000000000447e-01
0.000000000000000000e+00
7.151199999999999779e-01
0.000000000000000000e+00
0.000000000000000000e+00
0.000000000000000000e+00
8.866500000000000492e-01
0.000000000000000000e+00
0.000000000000000000e+00
6.490500000000000158e-01
0.000000000000000000e+00
0.000000000000000000e+00
0.000000000000000000e+00
1.016760000000000108e+00
0.000000000000000000e+00
0.000000000000000000e+00
5.865099999999999758e-01
0.000000000000000000e+00
0.000000000000000000e+00
0.000000000000000000e+00
6.054500000000000437e-01
0.000000000000000000e+00
0.000000000000000000e+00
5.216899999999999871e-01
0.000000000000000000e+00
0.000000000000000000e+00
0.000000000000000000e+00
5.828100000000000502e-01
0.000000000000000000e+00
0.000000000000000000e+00
0.000000000000000000e+00
0.000000000000000000e+00
5.558100000000000263e-01
0.000000000000000000e+00
0.000000000000000000e+00
0.000000000000000000e+00
6.618899999999999784e-01
0.000000000000000000e+00
0.000000000000000000e+00
0.000000000000000000e+00
5.794500000000000206e-01
0.000000000000000000e+00
0.000000000000000000e+00
0.000000000000000000e+00
0.000000000000000000e+00
5.132200000000000095e-01
0.000000000000000000e+00
0.000000000000000000e+00
5.770899999999999919e-01
0.000000000000000000e+00
0.000000000000000000e+00
0.000000000000000000e+00
0.000000000000000000e+00
5.349699999999999456e-01
0.000000000000000000e+00
0.000000000000000000e+00
0.000000000000000000e+00
5.684799999999999853e-01
0.000000000000000000e+00
5.644400000000000528e-01
0.000000000000000000e+00
0.000000000000000000e+00
0.000000000000000000e+00
5.715000000000000080e-01
0.000000000000000000e+00
0.000000000000000000e+00
5.315499999999999670e-01
0.000000000000000000e+00
0.000000000000000000e+00
9.752499999999999503e-01
0.000000000000000000e+00
0.000000000000000000e+00
5.055500000000000549e-01
0.000000000000000000e+00
0.000000000000000000e+00
0.000000000000000000e+00
5.736099999999999532e-01
0.000000000000000000e+00
0.000000000000000000e+00
0.000000000000000000e+00
5.012999999999999678e-01
0.000000000000000000e+00
0.000000000000000000e+00
0.000000000000000000e+00
0.000000000000000000e+00
5.511500000000000288e-01
0.000000000000000000e+00
6.831899999999999640e-01
0.000000000000000000e+00
0.000000000000000000e+00
7.564600000000000213e-01
0.000000000000000000e+00
9.191000000000000281e-01
0.000000000000000000e+00
0.000000000000000000e+00
0.000000000000000000e+00
0.000000000000000000e+00
0.000000000000000000e+00
0.000000000000000000e+00
4.997199999999999975e-01
0.000000000000000000e+00
0.000000000000000000e+00
0.000000000000000000e+00
0.000000000000000000e+00
7.333699999999999664e-01
0.000000000000000000e+00
0.000000000000000000e+00
0.000000000000000000e+00
0.000000000000000000e+00
7.330900000000000194e-01
0.000000000000000000e+00
0.000000000000000000e+00
0.000000000000000000e+00
6.593400000000000372e-01
0.000000000000000000e+00
0.000000000000000000e+00
1.309029999999999916e+00
0.000000000000000000e+00
1.240539999999999976e+00
0.000000000000000000e+00
0.000000000000000000e+00
0.000000000000000000e+00
0.000000000000000000e+00
0.000000000000000000e+00
0.000000000000000000e+00
0.000000000000000000e+00
8.796100000000000030e-01
0.000000000000000000e+00
0.000000000000000000e+00
1.915499999999999980e+00
0.000000000000000000e+00
0.000000000000000000e+00
6.693299999999999805e-01
0.000000000000000000e+00
0.000000000000000000e+00
7.311499999999999666e-01
0.000000000000000000e+00
6.403900000000000148e-01
0.000000000000000000e+00
0.000000000000000000e+00
0.000000000000000000e+00
4.994000000000000106e-01
0.000000000000000000e+00
0.000000000000000000e+00
0.000000000000000000e+00
0.000000000000000000e+00
1.937570000000000014e+00
0.000000000000000000e+00
0.000000000000000000e+00
0.000000000000000000e+00
7.891399999999999526e-01
0.000000000000000000e+00
0.000000000000000000e+00
7.559200000000000363e-01
0.000000000000000000e+00
0.000000000000000000e+00
4.774399999999999755e-01
0.000000000000000000e+00
0.000000000000000000e+00
5.016599999999999948e-01
0.000000000000000000e+00
0.000000000000000000e+00
0.000000000000000000e+00
0.000000000000000000e+00
8.520999999999999686e-01
0.000000000000000000e+00
0.000000000000000000e+00
4.977900000000000102e-01
0.000000000000000000e+00
0.000000000000000000e+00
0.000000000000000000e+00
5.344999999999999751e-01
0.000000000000000000e+00
0.000000000000000000e+00
5.889699999999999935e-01
0.000000000000000000e+00
0.000000000000000000e+00
0.000000000000000000e+00
0.000000000000000000e+00
6.785700000000000065e-01
0.000000000000000000e+00
0.000000000000000000e+00
0.000000000000000000e+00
0.000000000000000000e+00
0.000000000000000000e+00
5.358600000000000030e-01
0.000000000000000000e+00
1.266140000000000043e+00
0.000000000000000000e+00
0.000000000000000000e+00
0.000000000000000000e+00
0.000000000000000000e+00
0.000000000000000000e+00
0.000000000000000000e+00
0.000000000000000000e+00
0.000000000000000000e+00
0.000000000000000000e+00
0.000000000000000000e+00
0.000000000000000000e+00
0.000000000000000000e+00
0.000000000000000000e+00
0.000000000000000000e+00
0.000000000000000000e+00
0.000000000000000000e+00
0.000000000000000000e+00
0.000000000000000000e+00
0.000000000000000000e+00
0.000000000000000000e+00
0.000000000000000000e+00
0.000000000000000000e+00
0.000000000000000000e+00
0.000000000000000000e+00
0.000000000000000000e+00
0.000000000000000000e+00
6.163199999999999790e-01
0.000000000000000000e+00
0.000000000000000000e+00
5.368100000000000094e-01
0.000000000000000000e+00
5.413999999999999924e-01
0.000000000000000000e+00
0.000000000000000000e+00
0.000000000000000000e+00
0.000000000000000000e+00
4.611100000000000199e-01
0.000000000000000000e+00
5.464999999999999858e-01
0.000000000000000000e+00
0.000000000000000000e+00
4.629400000000000182e-01
0.000000000000000000e+00
0.000000000000000000e+00
0.000000000000000000e+00
5.716200000000000170e-01
0.000000000000000000e+00
0.000000000000000000e+00
1.931899999999999951e+00
0.000000000000000000e+00
0.000000000000000000e+00
0.000000000000000000e+00
5.158899999999999597e-01
0.000000000000000000e+00
5.534200000000000230e-01
0.000000000000000000e+00
0.000000000000000000e+00
0.000000000000000000e+00
4.965399999999999814e-01
0.000000000000000000e+00
7.860800000000000010e-01
0.000000000000000000e+00
5.915300000000000002e-01
0.000000000000000000e+00
0.000000000000000000e+00
0.000000000000000000e+00
0.000000000000000000e+00
4.789700000000000069e-01
0.000000000000000000e+00
0.000000000000000000e+00
0.000000000000000000e+00
0.000000000000000000e+00
6.077599999999999669e-01
0.000000000000000000e+00
5.770600000000000174e-01
0.000000000000000000e+00
6.229700000000000237e-01
0.000000000000000000e+00
5.494599999999999485e-01
0.000000000000000000e+00
0.000000000000000000e+00
0.000000000000000000e+00
5.377999999999999448e-01
0.000000000000000000e+00
4.486499999999999932e-01
0.000000000000000000e+00
0.000000000000000000e+00
0.000000000000000000e+00
3.267700000000000049e-01
0.000000000000000000e+00
0.000000000000000000e+00
6.410200000000000342e-01
0.000000000000000000e+00
5.074300000000000477e-01
0.000000000000000000e+00
0.000000000000000000e+00
6.073100000000000165e-01
0.000000000000000000e+00
0.000000000000000000e+00
7.039199999999999902e-01
0.000000000000000000e+00
0.000000000000000000e+00
7.359999999999999876e-01
0.000000000000000000e+00
0.000000000000000000e+00
0.000000000000000000e+00
0.000000000000000000e+00
0.000000000000000000e+00
0.000000000000000000e+00
5.770399999999999974e-01
0.000000000000000000e+00
0.000000000000000000e+00
7.527099999999999902e-01
0.000000000000000000e+00
1.941820000000000102e+00
0.000000000000000000e+00
5.737600000000000477e-01
0.000000000000000000e+00
7.688000000000000389e-01
0.000000000000000000e+00
0.000000000000000000e+00
0.000000000000000000e+00
0.000000000000000000e+00
1.213279999999999914e+00
0.000000000000000000e+00
0.000000000000000000e+00
6.640200000000000546e-01
0.000000000000000000e+00
0.000000000000000000e+00
6.503900000000000237e-01
0.000000000000000000e+00
0.000000000000000000e+00
0.000000000000000000e+00
0.000000000000000000e+00
0.000000000000000000e+00
1.096899999999999986e+00
0.000000000000000000e+00
6.876999999999999780e-01
0.000000000000000000e+00
6.275600000000000067e-01
0.000000000000000000e+00
6.991699999999999582e-01
0.000000000000000000e+00
1.766580000000000039e+00
0.000000000000000000e+00
0.000000000000000000e+00
8.045099999999999474e-01
0.000000000000000000e+00
0.000000000000000000e+00
0.000000000000000000e+00
5.709600000000000231e-01
0.000000000000000000e+00
0.000000000000000000e+00
0.000000000000000000e+00
0.000000000000000000e+00
6.734999999999999876e-01
0.000000000000000000e+00
0.000000000000000000e+00
8.556899999999999507e-01
0.000000000000000000e+00
0.000000000000000000e+00
0.000000000000000000e+00
5.857400000000000384e-01
0.000000000000000000e+00
0.000000000000000000e+00
0.000000000000000000e+00
0.000000000000000000e+00
0.000000000000000000e+00
6.258899999999999464e-01
0.000000000000000000e+00
9.999900000000000455e-01
0.000000000000000000e+00
0.000000000000000000e+00
0.000000000000000000e+00
4.595000000000000195e-01
0.000000000000000000e+00
0.000000000000000000e+00
5.798200000000000021e-01
0.000000000000000000e+00
9.314099999999999602e-01
0.000000000000000000e+00
0.000000000000000000e+00
6.746799999999999464e-01
0.000000000000000000e+00
0.000000000000000000e+00
1.940930000000000044e+00
0.000000000000000000e+00
1.941640000000000033e+00
0.000000000000000000e+00
0.000000000000000000e+00
0.000000000000000000e+00
5.654000000000000137e-01
0.000000000000000000e+00
0.000000000000000000e+00
0.000000000000000000e+00
6.343800000000000550e-01
0.000000000000000000e+00
0.000000000000000000e+00
0.000000000000000000e+00
5.528699999999999726e-01
0.000000000000000000e+00
0.000000000000000000e+00
0.000000000000000000e+00
0.000000000000000000e+00
0.000000000000000000e+00
5.329199999999999493e-01
0.000000000000000000e+00
8.561699999999999866e-01
0.000000000000000000e+00
5.805799999999999850e-01
0.000000000000000000e+00
5.772000000000000464e-01
0.000000000000000000e+00
0.000000000000000000e+00
0.000000000000000000e+00
0.000000000000000000e+00
0.000000000000000000e+00
0.000000000000000000e+00
3.811100000000000043e-01
0.000000000000000000e+00
0.000000000000000000e+00
0.000000000000000000e+00
9.470399999999999929e-01
0.000000000000000000e+00
0.000000000000000000e+00
8.475200000000000511e-01
0.000000000000000000e+00
1.474159999999999915e+00
0.000000000000000000e+00
0.000000000000000000e+00
0.000000000000000000e+00
0.000000000000000000e+00
1.443419999999999925e+00
0.000000000000000000e+00
0.000000000000000000e+00
0.000000000000000000e+00
6.548000000000000487e-01
0.000000000000000000e+00
6.034500000000000419e-01
0.000000000000000000e+00
0.000000000000000000e+00
7.036299999999999777e-01
0.000000000000000000e+00
0.000000000000000000e+00
7.746399999999999952e-01
0.000000000000000000e+00
9.063600000000000545e-01
0.000000000000000000e+00
0.000000000000000000e+00
0.000000000000000000e+00
0.000000000000000000e+00
1.133920000000000039e+00
0.000000000000000000e+00
0.000000000000000000e+00
0.000000000000000000e+00
0.000000000000000000e+00
1.940220000000000056e+00
0.000000000000000000e+00
6.144600000000000062e-01
0.000000000000000000e+00
0.000000000000000000e+00
0.000000000000000000e+00
0.000000000000000000e+00
1.932250000000000023e+00
0.000000000000000000e+00
0.000000000000000000e+00
7.831900000000000528e-01
0.000000000000000000e+00
0.000000000000000000e+00
0.000000000000000000e+00
1.938649999999999984e+00
0.000000000000000000e+00
0.000000000000000000e+00
1.939470000000000027e+00
0.000000000000000000e+00
0.000000000000000000e+00
1.940630000000000077e+00
0.000000000000000000e+00
0.000000000000000000e+00
4.035900000000000043e-01
0.000000000000000000e+00
0.000000000000000000e+00
0.000000000000000000e+00
6.296399999999999775e-01
0.000000000000000000e+00
0.000000000000000000e+00
0.000000000000000000e+00
0.000000000000000000e+00
5.431700000000000417e-01
0.000000000000000000e+00
0.000000000000000000e+00
0.000000000000000000e+00
0.000000000000000000e+00
0.000000000000000000e+00
0.000000000000000000e+00
0.000000000000000000e+00
0.000000000000000000e+00
0.000000000000000000e+00
0.000000000000000000e+00
0.000000000000000000e+00
0.000000000000000000e+00
0.000000000000000000e+00
0.000000000000000000e+00
0.000000000000000000e+00
0.000000000000000000e+00
0.000000000000000000e+00
0.000000000000000000e+00
0.000000000000000000e+00
0.000000000000000000e+00
0.000000000000000000e+00
0.000000000000000000e+00
0.000000000000000000e+00
0.000000000000000000e+00
4.717899999999999872e-01
0.000000000000000000e+00
0.000000000000000000e+00
0.000000000000000000e+00
5.887000000000000011e-01
0.000000000000000000e+00
0.000000000000000000e+00
0.000000000000000000e+00
7.904999999999999805e-01
0.000000000000000000e+00
0.000000000000000000e+00
0.000000000000000000e+00
0.000000000000000000e+00
5.578600000000000225e-01
0.000000000000000000e+00
0.000000000000000000e+00
0.000000000000000000e+00
0.000000000000000000e+00
5.940299999999999470e-01
0.000000000000000000e+00
0.000000000000000000e+00
7.791599999999999637e-01
0.000000000000000000e+00
0.000000000000000000e+00
6.271900000000000253e-01
0.000000000000000000e+00
0.000000000000000000e+00
0.000000000000000000e+00
0.000000000000000000e+00
0.000000000000000000e+00
0.000000000000000000e+00
6.265600000000000058e-01
0.000000000000000000e+00
8.741799999999999571e-01
0.000000000000000000e+00
0.000000000000000000e+00
7.319499999999999895e-01
0.000000000000000000e+00
0.000000000000000000e+00
6.217000000000000304e-01
0.000000000000000000e+00
0.000000000000000000e+00
3.957399999999999807e-01
0.000000000000000000e+00
0.000000000000000000e+00
0.000000000000000000e+00
7.526500000000000412e-01
0.000000000000000000e+00
0.000000000000000000e+00
0.000000000000000000e+00
0.000000000000000000e+00
3.915799999999999836e-01
0.000000000000000000e+00
0.000000000000000000e+00
5.397899999999999920e-01
0.000000000000000000e+00
6.354499999999999593e-01
0.000000000000000000e+00
0.000000000000000000e+00
0.000000000000000000e+00
7.275599999999999845e-01
0.000000000000000000e+00
0.000000000000000000e+00
4.614699999999999913e-01
0.000000000000000000e+00
6.288799999999999946e-01
0.000000000000000000e+00
7.154700000000000504e-01
0.000000000000000000e+00
0.000000000000000000e+00
6.337199999999999500e-01
0.000000000000000000e+00
0.000000000000000000e+00
0.000000000000000000e+00
0.000000000000000000e+00
6.751399999999999624e-01
0.000000000000000000e+00
0.000000000000000000e+00
1.002499999999999947e+00
0.000000000000000000e+00
0.000000000000000000e+00
0.000000000000000000e+00
0.000000000000000000e+00
1.045390000000000041e+00
0.000000000000000000e+00
0.000000000000000000e+00
0.000000000000000000e+00
8.832600000000000451e-01
0.000000000000000000e+00
0.000000000000000000e+00
0.000000000000000000e+00
6.534299999999999553e-01
0.000000000000000000e+00
7.134700000000000486e-01
0.000000000000000000e+00
0.000000000000000000e+00
0.000000000000000000e+00
0.000000000000000000e+00
5.794700000000000406e-01
0.000000000000000000e+00
6.998699999999999921e-01
0.000000000000000000e+00
0.000000000000000000e+00
0.000000000000000000e+00
0.000000000000000000e+00
0.000000000000000000e+00
5.457999999999999519e-01
0.000000000000000000e+00
0.000000000000000000e+00
0.000000000000000000e+00
5.394799999999999596e-01
0.000000000000000000e+00
9.306600000000000428e-01
0.000000000000000000e+00
0.000000000000000000e+00
5.269300000000000095e-01
0.000000000000000000e+00
7.939399999999999791e-01
0.000000000000000000e+00
6.116899999999999560e-01
0.000000000000000000e+00
0.000000000000000000e+00
6.204699999999999660e-01
0.000000000000000000e+00
0.000000000000000000e+00
0.000000000000000000e+00
0.000000000000000000e+00
5.741199999999999637e-01
0.000000000000000000e+00
6.353699999999999903e-01
0.000000000000000000e+00
0.000000000000000000e+00
0.000000000000000000e+00
6.094699999999999562e-01
0.000000000000000000e+00
0.000000000000000000e+00
0.000000000000000000e+00
0.000000000000000000e+00
5.762699999999999489e-01
0.000000000000000000e+00
0.000000000000000000e+00
6.935099999999999598e-01
0.000000000000000000e+00
0.000000000000000000e+00
6.028400000000000425e-01
0.000000000000000000e+00
0.000000000000000000e+00
0.000000000000000000e+00
0.000000000000000000e+00
6.068500000000000005e-01
0.000000000000000000e+00
0.000000000000000000e+00
0.000000000000000000e+00
7.742499999999999938e-01
0.000000000000000000e+00
0.000000000000000000e+00
0.000000000000000000e+00
0.000000000000000000e+00
4.816199999999999926e-01
0.000000000000000000e+00
0.000000000000000000e+00
0.000000000000000000e+00
0.000000000000000000e+00
7.070800000000000418e-01
0.000000000000000000e+00
7.590999999999999970e-01
0.000000000000000000e+00
0.000000000000000000e+00
0.000000000000000000e+00
6.156800000000000050e-01
0.000000000000000000e+00
0.000000000000000000e+00
0.000000000000000000e+00
6.661599999999999744e-01
0.000000000000000000e+00
0.000000000000000000e+00
0.000000000000000000e+00
0.000000000000000000e+00
3.919199999999999906e-01
0.000000000000000000e+00
7.855100000000000415e-01
0.000000000000000000e+00
0.000000000000000000e+00
5.783800000000000052e-01
0.000000000000000000e+00
0.000000000000000000e+00
0.000000000000000000e+00
5.976399999999999491e-01
0.000000000000000000e+00
0.000000000000000000e+00
0.000000000000000000e+00
0.000000000000000000e+00
0.000000000000000000e+00
6.631899999999999462e-01
0.000000000000000000e+00
0.000000000000000000e+00
0.000000000000000000e+00
0.000000000000000000e+00
4.385100000000000109e-01
0.000000000000000000e+00
0.000000000000000000e+00
6.689100000000000046e-01
0.000000000000000000e+00
0.000000000000000000e+00
0.000000000000000000e+00
5.284200000000000008e-01
0.000000000000000000e+00
6.024800000000000155e-01
0.000000000000000000e+00
5.864800000000000013e-01
0.000000000000000000e+00
0.000000000000000000e+00
0.000000000000000000e+00
8.430400000000000116e-01
0.000000000000000000e+00
0.000000000000000000e+00
6.773099999999999676e-01
0.000000000000000000e+00
0.000000000000000000e+00
0.000000000000000000e+00
5.336499999999999577e-01
0.000000000000000000e+00
0.000000000000000000e+00
0.000000000000000000e+00
1.014720000000000066e+00
0.000000000000000000e+00
5.345900000000000096e-01
0.000000000000000000e+00
6.536499999999999533e-01
0.000000000000000000e+00
5.156699999999999617e-01
0.000000000000000000e+00
0.000000000000000000e+00
4.704400000000000248e-01
0.000000000000000000e+00
0.000000000000000000e+00
4.957400000000000140e-01
0.000000000000000000e+00
0.000000000000000000e+00
0.000000000000000000e+00
0.000000000000000000e+00
5.606799999999999562e-01
0.000000000000000000e+00
0.000000000000000000e+00
0.000000000000000000e+00
5.813000000000000389e-01
0.000000000000000000e+00
0.000000000000000000e+00
6.025000000000000355e-01
0.000000000000000000e+00
7.477099999999999858e-01
0.000000000000000000e+00
0.000000000000000000e+00
0.000000000000000000e+00
0.000000000000000000e+00
4.624800000000000022e-01
0.000000000000000000e+00
0.000000000000000000e+00
7.535899999999999821e-01
0.000000000000000000e+00
0.000000000000000000e+00
0.000000000000000000e+00
1.203910000000000036e+00
0.000000000000000000e+00
0.000000000000000000e+00
6.587600000000000122e-01
0.000000000000000000e+00
0.000000000000000000e+00
5.784500000000000197e-01
0.000000000000000000e+00
0.000000000000000000e+00
0.000000000000000000e+00
7.449799999999999756e-01
0.000000000000000000e+00
0.000000000000000000e+00
6.488899999999999668e-01
0.000000000000000000e+00
0.000000000000000000e+00
0.000000000000000000e+00
8.221100000000000074e-01
0.000000000000000000e+00
0.000000000000000000e+00
0.000000000000000000e+00
0.000000000000000000e+00
0.000000000000000000e+00
0.000000000000000000e+00
0.000000000000000000e+00
0.000000000000000000e+00
0.000000000000000000e+00
0.000000000000000000e+00
0.000000000000000000e+00
0.000000000000000000e+00
0.000000000000000000e+00
0.000000000000000000e+00
0.000000000000000000e+00
0.000000000000000000e+00
0.000000000000000000e+00
0.000000000000000000e+00
0.000000000000000000e+00
0.000000000000000000e+00
0.000000000000000000e+00
1.014080000000000092e+00
0.000000000000000000e+00
0.000000000000000000e+00
0.000000000000000000e+00
5.775599999999999623e-01
0.000000000000000000e+00
9.946700000000000541e-01
0.000000000000000000e+00
0.000000000000000000e+00
4.008700000000000041e-01
0.000000000000000000e+00
0.000000000000000000e+00
0.000000000000000000e+00
5.461300000000000043e-01
0.000000000000000000e+00
0.000000000000000000e+00
5.421500000000000208e-01
0.000000000000000000e+00
0.000000000000000000e+00
5.176100000000000145e-01
0.000000000000000000e+00
0.000000000000000000e+00
6.544600000000000417e-01
0.000000000000000000e+00
0.000000000000000000e+00
0.000000000000000000e+00
7.420799999999999619e-01
0.000000000000000000e+00
0.000000000000000000e+00
8.342800000000000216e-01
0.000000000000000000e+00
1.333749999999999991e+00
0.000000000000000000e+00
0.000000000000000000e+00
0.000000000000000000e+00
6.295699999999999630e-01
0.000000000000000000e+00
0.000000000000000000e+00
7.178400000000000336e-01
0.000000000000000000e+00
0.000000000000000000e+00
0.000000000000000000e+00
5.428199999999999692e-01
0.000000000000000000e+00
9.344200000000000284e-01
0.000000000000000000e+00
0.000000000000000000e+00
0.000000000000000000e+00
7.864700000000000024e-01
0.000000000000000000e+00
0.000000000000000000e+00
0.000000000000000000e+00
0.000000000000000000e+00
5.359099999999999975e-01
0.000000000000000000e+00
0.000000000000000000e+00
7.837399999999999922e-01
0.000000000000000000e+00
0.000000000000000000e+00
0.000000000000000000e+00
6.486899999999999888e-01
0.000000000000000000e+00
0.000000000000000000e+00
0.000000000000000000e+00
5.852000000000000535e-01
0.000000000000000000e+00
8.722100000000000408e-01
0.000000000000000000e+00
1.040259999999999962e+00
0.000000000000000000e+00
7.176099999999999701e-01
0.000000000000000000e+00
0.000000000000000000e+00
0.000000000000000000e+00
7.645899999999999919e-01
0.000000000000000000e+00
0.000000000000000000e+00
0.000000000000000000e+00
4.871400000000000174e-01
0.000000000000000000e+00
0.000000000000000000e+00
0.000000000000000000e+00
4.851199999999999957e-01
0.000000000000000000e+00
7.783700000000000063e-01
0.000000000000000000e+00
0.000000000000000000e+00
0.000000000000000000e+00
5.101599999999999469e-01
0.000000000000000000e+00
0.000000000000000000e+00
0.000000000000000000e+00
0.000000000000000000e+00
0.000000000000000000e+00
0.000000000000000000e+00
5.862800000000000233e-01
0.000000000000000000e+00
5.055300000000000349e-01
0.000000000000000000e+00
6.563799999999999635e-01
0.000000000000000000e+00
7.617899999999999672e-01
0.000000000000000000e+00
0.000000000000000000e+00
0.000000000000000000e+00
0.000000000000000000e+00
4.952199999999999935e-01
0.000000000000000000e+00
0.000000000000000000e+00
5.745999999999999996e-01
0.000000000000000000e+00
6.766900000000000137e-01
0.000000000000000000e+00
1.125559999999999894e+00
0.000000000000000000e+00
0.000000000000000000e+00
0.000000000000000000e+00
6.746699999999999919e-01
0.000000000000000000e+00
0.000000000000000000e+00
6.819399999999999906e-01
0.000000000000000000e+00
0.000000000000000000e+00
6.794400000000000439e-01
0.000000000000000000e+00
0.000000000000000000e+00
4.487900000000000222e-01
0.000000000000000000e+00
9.006899999999999906e-01
0.000000000000000000e+00
0.000000000000000000e+00
7.280200000000000005e-01
0.000000000000000000e+00
0.000000000000000000e+00
0.000000000000000000e+00
5.095199999999999729e-01
0.000000000000000000e+00
7.326399999999999579e-01
0.000000000000000000e+00
0.000000000000000000e+00
5.104199999999999848e-01
0.000000000000000000e+00
0.000000000000000000e+00
5.709199999999999831e-01
0.000000000000000000e+00
0.000000000000000000e+00
7.115099999999999758e-01
0.000000000000000000e+00
6.516899999999999915e-01
0.000000000000000000e+00
0.000000000000000000e+00
0.000000000000000000e+00
0.000000000000000000e+00
5.952100000000000168e-01
0.000000000000000000e+00
0.000000000000000000e+00
0.000000000000000000e+00
0.000000000000000000e+00
0.000000000000000000e+00
4.360100000000000087e-01
0.000000000000000000e+00
0.000000000000000000e+00
0.000000000000000000e+00
1.125809999999999977e+00
0.000000000000000000e+00
0.000000000000000000e+00
0.000000000000000000e+00
0.000000000000000000e+00
0.000000000000000000e+00
4.357900000000000107e-01
0.000000000000000000e+00
0.000000000000000000e+00
5.825399999999999467e-01
0.000000000000000000e+00
6.951100000000000056e-01
0.000000000000000000e+00
0.000000000000000000e+00
0.000000000000000000e+00
0.000000000000000000e+00
4.546799999999999731e-01
0.000000000000000000e+00
0.000000000000000000e+00
4.948899999999999966e-01
0.000000000000000000e+00
8.264799999999999924e-01
0.000000000000000000e+00
9.538799999999999502e-01
0.000000000000000000e+00
0.000000000000000000e+00
7.333199999999999719e-01
0.000000000000000000e+00
0.000000000000000000e+00
4.684499999999999775e-01
0.000000000000000000e+00
0.000000000000000000e+00
0.000000000000000000e+00
7.281199999999999894e-01
0.000000000000000000e+00
5.983399999999999830e-01
0.000000000000000000e+00
0.000000000000000000e+00
8.619999999999999885e-01
0.000000000000000000e+00
0.000000000000000000e+00
0.000000000000000000e+00
6.121199999999999974e-01
0.000000000000000000e+00
0.000000000000000000e+00
0.000000000000000000e+00
0.000000000000000000e+00
5.520100000000000007e-01
0.000000000000000000e+00
6.953599999999999781e-01
0.000000000000000000e+00
0.000000000000000000e+00
0.000000000000000000e+00
5.206499999999999462e-01
0.000000000000000000e+00
0.000000000000000000e+00
7.954299999999999704e-01
0.000000000000000000e+00
0.000000000000000000e+00
0.000000000000000000e+00
7.145000000000000240e-01
0.000000000000000000e+00
0.000000000000000000e+00
0.000000000000000000e+00
1.513949999999999907e+00
0.000000000000000000e+00
6.635799999999999477e-01
0.000000000000000000e+00
0.000000000000000000e+00
5.808799999999999519e-01
0.000000000000000000e+00
0.000000000000000000e+00
0.000000000000000000e+00
7.745499999999999607e-01
0.000000000000000000e+00
0.000000000000000000e+00
0.000000000000000000e+00
0.000000000000000000e+00
5.007300000000000084e-01
0.000000000000000000e+00
9.194499999999999895e-01
0.000000000000000000e+00
6.340400000000000480e-01
0.000000000000000000e+00
8.479700000000000015e-01
0.000000000000000000e+00
0.000000000000000000e+00
7.346099999999999852e-01
0.000000000000000000e+00
0.000000000000000000e+00
0.000000000000000000e+00
6.558599999999999985e-01
0.000000000000000000e+00
0.000000000000000000e+00
4.602800000000000225e-01
0.000000000000000000e+00
0.000000000000000000e+00
0.000000000000000000e+00
0.000000000000000000e+00
0.000000000000000000e+00
0.000000000000000000e+00
0.000000000000000000e+00
0.000000000000000000e+00
0.000000000000000000e+00
0.000000000000000000e+00
0.000000000000000000e+00
0.000000000000000000e+00
0.000000000000000000e+00
0.000000000000000000e+00
0.000000000000000000e+00
0.000000000000000000e+00
0.000000000000000000e+00
0.000000000000000000e+00
0.000000000000000000e+00
0.000000000000000000e+00
0.000000000000000000e+00
5.586699999999999999e-01
0.000000000000000000e+00
0.000000000000000000e+00
0.000000000000000000e+00
0.000000000000000000e+00
4.891499999999999737e-01
0.000000000000000000e+00
7.687800000000000189e-01
0.000000000000000000e+00
0.000000000000000000e+00
0.000000000000000000e+00
0.000000000000000000e+00
5.418399999999999883e-01
0.000000000000000000e+00
9.306400000000000228e-01
0.000000000000000000e+00
0.000000000000000000e+00
0.000000000000000000e+00
6.416899999999999826e-01
0.000000000000000000e+00
0.000000000000000000e+00
0.000000000000000000e+00
7.327200000000000379e-01
0.000000000000000000e+00
0.000000000000000000e+00
0.000000000000000000e+00
0.000000000000000000e+00
0.000000000000000000e+00
5.303700000000000081e-01
0.000000000000000000e+00
0.000000000000000000e+00
6.025899999999999590e-01
0.000000000000000000e+00
0.000000000000000000e+00
0.000000000000000000e+00
0.000000000000000000e+00
5.486600000000000366e-01
0.000000000000000000e+00
0.000000000000000000e+00
0.000000000000000000e+00
9.745399999999999618e-01
0.000000000000000000e+00
0.000000000000000000e+00
6.553799999999999626e-01
0.000000000000000000e+00
5.928299999999999681e-01
0.000000000000000000e+00
0.000000000000000000e+00
0.000000000000000000e+00
0.000000000000000000e+00
4.574599999999999778e-01
0.000000000000000000e+00
0.000000000000000000e+00
0.000000000000000000e+00
0.000000000000000000e+00
0.000000000000000000e+00
0.000000000000000000e+00
6.102199999999999847e-01
0.000000000000000000e+00
0.000000000000000000e+00
0.000000000000000000e+00
6.888199999999999878e-01
0.000000000000000000e+00
0.000000000000000000e+00
5.010200000000000209e-01
0.000000000000000000e+00
0.000000000000000000e+00
7.319700000000000095e-01
0.000000000000000000e+00
0.000000000000000000e+00
0.000000000000000000e+00
0.000000000000000000e+00
0.000000000000000000e+00
6.940300000000000358e-01
0.000000000000000000e+00
0.000000000000000000e+00
5.160200000000000342e-01
0.000000000000000000e+00
0.000000000000000000e+00
6.611000000000000210e-01
0.000000000000000000e+00
0.000000000000000000e+00
0.000000000000000000e+00
5.991400000000000059e-01
0.000000000000000000e+00
5.688800000000000523e-01
0.000000000000000000e+00
7.470400000000000373e-01
0.000000000000000000e+00
8.104799999999999782e-01
0.000000000000000000e+00
0.000000000000000000e+00
0.000000000000000000e+00
0.000000000000000000e+00
4.393900000000000028e-01
0.000000000000000000e+00
6.529300000000000104e-01
0.000000000000000000e+00
0.000000000000000000e+00
0.000000000000000000e+00
6.788199999999999790e-01
0.000000000000000000e+00
0.000000000000000000e+00
3.668199999999999794e-01
0.000000000000000000e+00
0.000000000000000000e+00
4.687500000000000000e-01
0.000000000000000000e+00
0.000000000000000000e+00
0.000000000000000000e+00
1.200159999999999894e+00
0.000000000000000000e+00
0.000000000000000000e+00
0.000000000000000000e+00
0.000000000000000000e+00
0.000000000000000000e+00
3.806300000000000239e-01
0.000000000000000000e+00
0.000000000000000000e+00
0.000000000000000000e+00
4.187799999999999856e-01
0.000000000000000000e+00
1.173000000000000043e+00
0.000000000000000000e+00
0.000000000000000000e+00
8.557000000000000162e-01
0.000000000000000000e+00
0.000000000000000000e+00
0.000000000000000000e+00
0.000000000000000000e+00
0.000000000000000000e+00
4.544500000000000206e-01
0.000000000000000000e+00
0.000000000000000000e+00
9.120700000000000474e-01
0.000000000000000000e+00
0.000000000000000000e+00
0.000000000000000000e+00
7.547399999999999665e-01
0.000000000000000000e+00
0.000000000000000000e+00
0.000000000000000000e+00
0.000000000000000000e+00
5.961899999999999977e-01
0.000000000000000000e+00
8.760799999999999699e-01
0.000000000000000000e+00
0.000000000000000000e+00
8.308200000000000029e-01
0.000000000000000000e+00
0.000000000000000000e+00
0.000000000000000000e+00
0.000000000000000000e+00
5.952300000000000368e-01
0.000000000000000000e+00
0.000000000000000000e+00
0.000000000000000000e+00
0.000000000000000000e+00
0.000000000000000000e+00
0.000000000000000000e+00
0.000000000000000000e+00
4.370999999999999885e-01
0.000000000000000000e+00
7.024399999999999533e-01
0.000000000000000000e+00
8.400300000000000544e-01
0.000000000000000000e+00
7.426099999999999923e-01
0.000000000000000000e+00
6.131199999999999983e-01
0.000000000000000000e+00
0.000000000000000000e+00
5.834200000000000497e-01
0.000000000000000000e+00
0.000000000000000000e+00
0.000000000000000000e+00
0.000000000000000000e+00
0.000000000000000000e+00
5.987400000000000500e-01
0.000000000000000000e+00
9.136999999999999567e-01
0.000000000000000000e+00
5.757900000000000240e-01
0.000000000000000000e+00
0.000000000000000000e+00
0.000000000000000000e+00
6.063199999999999701e-01
0.000000000000000000e+00
5.666999999999999815e-01
0.000000000000000000e+00
0.000000000000000000e+00
0.000000000000000000e+00
5.116699999999999582e-01
0.000000000000000000e+00
5.989799999999999569e-01
0.000000000000000000e+00
0.000000000000000000e+00
0.000000000000000000e+00
0.000000000000000000e+00
5.954000000000000403e-01
0.000000000000000000e+00
0.000000000000000000e+00
0.000000000000000000e+00
0.000000000000000000e+00
0.000000000000000000e+00
0.000000000000000000e+00
9.542500000000000426e-01
0.000000000000000000e+00
0.000000000000000000e+00
0.000000000000000000e+00
6.257099999999999884e-01
0.000000000000000000e+00
0.000000000000000000e+00
5.056199999999999584e-01
0.000000000000000000e+00
0.000000000000000000e+00
0.000000000000000000e+00
5.287300000000000333e-01
0.000000000000000000e+00
0.000000000000000000e+00
3.594300000000000272e-01
0.000000000000000000e+00
0.000000000000000000e+00
0.000000000000000000e+00
0.000000000000000000e+00
0.000000000000000000e+00
4.905499999999999861e-01
0.000000000000000000e+00
1.051050000000000040e+00
0.000000000000000000e+00
0.000000000000000000e+00
4.671799999999999842e-01
0.000000000000000000e+00
0.000000000000000000e+00
0.000000000000000000e+00
0.000000000000000000e+00
4.752700000000000258e-01
0.000000000000000000e+00
0.000000000000000000e+00
0.000000000000000000e+00
0.000000000000000000e+00
1.065010000000000012e+00
0.000000000000000000e+00
0.000000000000000000e+00
6.060100000000000486e-01
0.000000000000000000e+00
9.333399999999999475e-01
0.000000000000000000e+00
8.036699999999999955e-01
0.000000000000000000e+00
7.220800000000000551e-01
0.000000000000000000e+00
5.536200000000000010e-01
0.000000000000000000e+00
0.000000000000000000e+00
4.944700000000000206e-01
0.000000000000000000e+00
0.000000000000000000e+00
7.317599999999999660e-01
0.000000000000000000e+00
0.000000000000000000e+00
5.695000000000000062e-01
0.000000000000000000e+00
0.000000000000000000e+00
5.557900000000000063e-01
0.000000000000000000e+00
0.000000000000000000e+00
0.000000000000000000e+00
6.814099999999999602e-01
0.000000000000000000e+00
7.100199999999999845e-01
0.000000000000000000e+00
0.000000000000000000e+00
7.054300000000000015e-01
0.000000000000000000e+00
0.000000000000000000e+00
7.721700000000000230e-01
0.000000000000000000e+00
0.000000000000000000e+00
0.000000000000000000e+00
0.000000000000000000e+00
7.324800000000000200e-01
0.000000000000000000e+00
0.000000000000000000e+00
0.000000000000000000e+00
0.000000000000000000e+00
0.000000000000000000e+00
0.000000000000000000e+00
0.000000000000000000e+00
0.000000000000000000e+00
0.000000000000000000e+00
0.000000000000000000e+00
0.000000000000000000e+00
0.000000000000000000e+00
0.000000000000000000e+00
0.000000000000000000e+00
0.000000000000000000e+00
0.000000000000000000e+00
0.000000000000000000e+00
0.000000000000000000e+00
0.000000000000000000e+00
0.000000000000000000e+00
0.000000000000000000e+00
0.000000000000000000e+00
0.000000000000000000e+00
6.109499999999999931e-01
0.000000000000000000e+00
0.000000000000000000e+00
7.673499999999999766e-01
0.000000000000000000e+00
0.000000000000000000e+00
7.087299999999999711e-01
0.000000000000000000e+00
0.000000000000000000e+00
0.000000000000000000e+00
5.151999999999999913e-01
0.000000000000000000e+00
0.000000000000000000e+00
0.000000000000000000e+00
0.000000000000000000e+00
5.606100000000000527e-01
0.000000000000000000e+00
0.000000000000000000e+00
9.019800000000000040e-01
0.000000000000000000e+00
0.000000000000000000e+00
0.000000000000000000e+00
6.564299999999999580e-01
0.000000000000000000e+00
0.000000000000000000e+00
0.000000000000000000e+00
5.850999999999999535e-01
0.000000000000000000e+00
0.000000000000000000e+00
6.455100000000000282e-01
0.000000000000000000e+00
7.177400000000000446e-01
0.000000000000000000e+00
6.405999999999999472e-01
0.000000000000000000e+00
0.000000000000000000e+00
0.000000000000000000e+00
5.045600000000000085e-01
0.000000000000000000e+00
9.190599999999999881e-01
0.000000000000000000e+00
0.000000000000000000e+00
0.000000000000000000e+00
0.000000000000000000e+00
4.808799999999999741e-01
0.000000000000000000e+00
0.000000000000000000e+00
0.000000000000000000e+00
0.000000000000000000e+00
4.817000000000000171e-01
0.000000000000000000e+00
0.000000000000000000e+00
5.507600000000000273e-01
0.000000000000000000e+00
8.070500000000000451e-01
0.000000000000000000e+00
4.945399999999999796e-01
0.000000000000000000e+00
0.000000000000000000e+00
0.000000000000000000e+00
0.000000000000000000e+00
5.584299999999999820e-01
0.000000000000000000e+00
0.000000000000000000e+00
6.447800000000000198e-01
0.000000000000000000e+00
0.000000000000000000e+00
6.096099999999999852e-01
0.000000000000000000e+00
0.000000000000000000e+00
6.545800000000000507e-01
0.000000000000000000e+00
0.000000000000000000e+00
5.164100000000000357e-01
0.000000000000000000e+00
0.000000000000000000e+00
7.327500000000000124e-01
0.000000000000000000e+00
0.000000000000000000e+00
0.000000000000000000e+00
0.000000000000000000e+00
0.000000000000000000e+00
0.000000000000000000e+00
4.875399999999999734e-01
0.000000000000000000e+00
0.000000000000000000e+00
0.000000000000000000e+00
0.000000000000000000e+00
4.600099999999999745e-01
0.000000000000000000e+00
0.000000000000000000e+00
0.000000000000000000e+00
6.440099999999999714e-01
0.000000000000000000e+00
0.000000000000000000e+00
5.688800000000000523e-01
0.000000000000000000e+00
1.218390000000000084e+00
0.000000000000000000e+00
0.000000000000000000e+00
6.155100000000000016e-01
0.000000000000000000e+00
0.000000000000000000e+00
4.070699999999999874e-01
0.000000000000000000e+00
0.000000000000000000e+00
0.000000000000000000e+00
0.000000000000000000e+00
0.000000000000000000e+00
6.850800000000000223e-01
0.000000000000000000e+00
9.265499999999999847e-01
0.000000000000000000e+00
5.791300000000000336e-01
0.000000000000000000e+00
5.076100000000000056e-01
0.000000000000000000e+00
0.000000000000000000e+00
5.033800000000000496e-01
0.000000000000000000e+00
0.000000000000000000e+00
8.119499999999999496e-01
0.000000000000000000e+00
0.000000000000000000e+00
5.712099999999999955e-01
0.000000000000000000e+00
0.000000000000000000e+00
0.000000000000000000e+00
0.000000000000000000e+00
1.500469999999999970e+00
0.000000000000000000e+00
0.000000000000000000e+00
0.000000000000000000e+00
9.080700000000000438e-01
0.000000000000000000e+00
6.816999999999999726e-01
0.000000000000000000e+00
0.000000000000000000e+00
0.000000000000000000e+00
5.864300000000000068e-01
0.000000000000000000e+00
1.028229999999999977e+00
0.000000000000000000e+00
0.000000000000000000e+00
0.000000000000000000e+00
6.057500000000000107e-01
0.000000000000000000e+00
8.265000000000000124e-01
0.000000000000000000e+00
0.000000000000000000e+00
0.000000000000000000e+00
0.000000000000000000e+00
0.000000000000000000e+00
6.369099999999999762e-01
0.000000000000000000e+00
6.391599999999999504e-01
0.000000000000000000e+00
0.000000000000000000e+00
0.000000000000000000e+00
9.852800000000000447e-01
0.000000000000000000e+00
1.178430000000000089e+00
0.000000000000000000e+00
0.000000000000000000e+00
0.000000000000000000e+00
0.000000000000000000e+00
0.000000000000000000e+00
0.000000000000000000e+00
9.650199999999999889e-01
0.000000000000000000e+00
0.000000000000000000e+00
0.000000000000000000e+00
6.749000000000000554e-01
0.000000000000000000e+00
0.000000000000000000e+00
0.000000000000000000e+00
8.298499999999999766e-01
0.000000000000000000e+00
0.000000000000000000e+00
7.155599999999999739e-01
0.000000000000000000e+00
0.000000000000000000e+00
7.239700000000000024e-01
0.000000000000000000e+00
6.448599999999999888e-01
0.000000000000000000e+00
0.000000000000000000e+00
6.572099999999999609e-01
0.000000000000000000e+00
0.000000000000000000e+00
0.000000000000000000e+00
0.000000000000000000e+00
9.235700000000000021e-01
0.000000000000000000e+00
5.311900000000000510e-01
0.000000000000000000e+00
0.000000000000000000e+00
0.000000000000000000e+00
0.000000000000000000e+00
5.969999999999999751e-01
0.000000000000000000e+00
0.000000000000000000e+00
0.000000000000000000e+00
6.430299999999999905e-01
0.000000000000000000e+00
6.232299999999999507e-01
0.000000000000000000e+00
0.000000000000000000e+00
0.000000000000000000e+00
0.000000000000000000e+00
1.096070000000000100e+00
0.000000000000000000e+00
0.000000000000000000e+00
0.000000000000000000e+00
0.000000000000000000e+00
0.000000000000000000e+00
8.221199999999999619e-01
0.000000000000000000e+00
0.000000000000000000e+00
0.000000000000000000e+00
0.000000000000000000e+00
7.329599999999999449e-01
0.000000000000000000e+00
0.000000000000000000e+00
8.816899999999999737e-01
0.000000000000000000e+00
6.827900000000000080e-01
0.000000000000000000e+00
0.000000000000000000e+00
6.860800000000000232e-01
0.000000000000000000e+00
0.000000000000000000e+00
5.845000000000000195e-01
0.000000000000000000e+00
0.000000000000000000e+00
0.000000000000000000e+00
0.000000000000000000e+00
4.157500000000000084e-01
0.000000000000000000e+00
8.127699999999999925e-01
0.000000000000000000e+00
0.000000000000000000e+00
5.775299999999999878e-01
0.000000000000000000e+00
0.000000000000000000e+00
7.912400000000000544e-01
0.000000000000000000e+00
0.000000000000000000e+00
0.000000000000000000e+00
1.294550000000000090e+00
0.000000000000000000e+00
6.735900000000000221e-01
0.000000000000000000e+00
0.000000000000000000e+00
5.479000000000000536e-01
0.000000000000000000e+00
8.764800000000000368e-01
0.000000000000000000e+00
6.109400000000000386e-01
0.000000000000000000e+00
5.345900000000000096e-01
0.000000000000000000e+00
0.000000000000000000e+00
0.000000000000000000e+00
0.000000000000000000e+00
4.969700000000000228e-01
0.000000000000000000e+00
0.000000000000000000e+00
7.929100000000000037e-01
0.000000000000000000e+00
0.000000000000000000e+00
0.000000000000000000e+00
0.000000000000000000e+00
0.000000000000000000e+00
0.000000000000000000e+00
0.000000000000000000e+00
0.000000000000000000e+00
0.000000000000000000e+00
0.000000000000000000e+00
0.000000000000000000e+00
0.000000000000000000e+00
0.000000000000000000e+00
