0.000000000000000000e+00
0.000000000000000000e+00
0.000000000000000000e+00
0.000000000000000000e+00
0.000000000000000000e+00
0.000000000000000000e+00
0.000000000000000000e+00
0.000000000000000000e+00
0.000000000000000000e+00
0.000000000000000000e+00
1.938430000000000097e+00
0.000000000000000000e+00
0.000000000000000000e+00
9.842499999999999583e-01
0.000000000000000000e+00
0.000000000000000000e+00
0.000000000000000000e+00
1.932430000000000092e+00
0.000000000000000000e+00
5.906999999999999751e-02
0.000000000000000000e+00
0.000000000000000000e+00
0.000000000000000000e+00
7.765100000000000335e-01
0.000000000000000000e+00
1.937159999999999993e+00
0.000000000000000000e+00
0.000000000000000000e+00
1.939829999999999943e+00
0.000000000000000000e+00
6.066500000000000226e-01
0.000000000000000000e+00
0.000000000000000000e+00
0.000000000000000000e+00
1.931079999999999908e+00
0.000000000000000000e+00
0.000000000000000000e+00
0.000000000000000000e+00
1.933559999999999945e+00
0.000000000000000000e+00
0.000000000000000000e+00
0.000000000000000000e+00
1.937179999999999902e+00
0.000000000000000000e+00
0.000000000000000000e+00
1.938099999999999934e+00
0.000000000000000000e+00
1.939589999999999925e+00
0.000000000000000000e+00
0.000000000000000000e+00
1.942860000000000031e+00
0.000000000000000000e+00
0.000000000000000000e+00
1.930830000000000046e+00
0.000000000000000000e+00
0.000000000000000000e+00
0.000000000000000000e+00
0.000000000000000000e+00
0.000000000000000000e+00
1.935329999999999995e+00
0.000000000000000000e+00
0.000000000000000000e+00
1.937610000000000054e+00
0.000000000000000000e+00
0.000000000000000000e+00
0.000000000000000000e+00
0.000000000000000000e+00
0.000000000000000000e+00
0.000000000000000000e+00
5.239800000000000013e-01
0.000000000000000000e+00
0.000000000000000000e+00
1.931939999999999991e+00
0.000000000000000000e+00
0.000000000000000000e+00
4.512800000000000145e-01
0.000000000000000000e+00
0.000000000000000000e+00
0.000000000000000000e+00
1.937289999999999957e+00
0.000000000000000000e+00
1.938709999999999933e+00
0.000000000000000000e+00
0.000000000000000000e+00
1.941019999999999968e+00
0.000000000000000000e+00
0.000000000000000000e+00
0.000000000000000000e+00
6.314100000000000268e-01
0.000000000000000000e+00
0.000000000000000000e+00
0.000000000000000000e+00
1.932800000000000074e+00
0.000000000000000000e+00
0.000000000000000000e+00
1.936609999999999943e+00
0.000000000000000000e+00
0.000000000000000000e+00
1.655520000000000103e+00
0.000000000000000000e+00
0.000000000000000000e+00
0.000000000000000000e+00
1.941359999999999975e+00
0.000000000000000000e+00
0.000000000000000000e+00
0.000000000000000000e+00
0.000000000000000000e+00
0.000000000000000000e+00
0.000000000000000000e+00
0.000000000000000000e+00
1.934809999999999919e+00
0.000000000000000000e+00
1.375680000000000014e+00
0.000000000000000000e+00
1.936330000000000107e+00
0.000000000000000000e+00
2.288100000000000134e-01
0.000000000000000000e+00
0.000000000000000000e+00
1.940430000000000099e+00
0.000000000000000000e+00
0.000000000000000000e+00
5.235300000000000509e-01
0.000000000000000000e+00
0.000000000000000000e+00
0.000000000000000000e+00
0.000000000000000000e+00
0.000000000000000000e+00
1.933619999999999894e+00
0.000000000000000000e+00
0.000000000000000000e+00
1.935850000000000071e+00
0.000000000000000000e+00
1.937459999999999960e+00
0.000000000000000000e+00
8.220699999999999674e-01
0.000000000000000000e+00
0.000000000000000000e+00
0.000000000000000000e+00
0.000000000000000000e+00
1.943159999999999998e+00
0.000000000000000000e+00
0.000000000000000000e+00
9.141500000000000181e-01
0.000000000000000000e+00
0.000000000000000000e+00
0.000000000000000000e+00
0.000000000000000000e+00
1.935559999999999947e+00
0.000000000000000000e+00
0.000000000000000000e+00
1.936849999999999961e+00
0.000000000000000000e+00
0.000000000000000000e+00
5.820199999999999818e-01
0.000000000000000000e+00
1.941510000000000069e+00
0.000000000000000000e+00
0.000000000000000000e+00
0.000000000000000000e+00
1.930299999999999905e+00
0.000000000000000000e+00
0.000000000000000000e+00
0.000000000000000000e+00
1.934779999999999944e+00
0.000000000000000000e+00
0.000000000000000000e+00
7.085500000000000131e-01
0.000000000000000000e+00
1.937279999999999891e+00
0.000000000000000000e+00
0.000000000000000000e+00
0.000000000000000000e+00
4.572800000000000198e-01
0.000000000000000000e+00
0.000000000000000000e+00
0.000000000000000000e+00
1.930350000000000010e+00
0.000000000000000000e+00
0.000000000000000000e+00
9.238699999999999690e-01
0.000000000000000000e+00
0.000000000000000000e+00
0.000000000000000000e+00
5.322999999999999954e-01
0.000000000000000000e+00
8.778599999999999737e-01
0.000000000000000000e+00
0.000000000000000000e+00
7.510299999999999754e-01
0.000000000000000000e+00
7.486199999999999521e-01
0.000000000000000000e+00
0.000000000000000000e+00
6.035300000000000109e-01
0.000000000000000000e+00
0.000000000000000000e+00
5.889799999999999480e-01
0.000000000000000000e+00
1.009300000000000086e+00
0.000000000000000000e+00
1.142879999999999896e+00
0.000000000000000000e+00
0.000000000000000000e+00
6.662799999999999834e-01
0.000000000000000000e+00
0.000000000000000000e+00
0.000000000000000000e+00
1.229300000000000059e+00
0.000000000000000000e+00
0.000000000000000000e+00
1.086929999999999952e+00
0.000000000000000000e+00
0.000000000000000000e+00
7.484600000000000142e-01
0.000000000000000000e+00
0.000000000000000000e+00
0.000000000000000000e+00
0.000000000000000000e+00
1.589350000000000041e+00
0.000000000000000000e+00
0.000000000000000000e+00
8.045400000000000329e-01
0.000000000000000000e+00
0.000000000000000000e+00
0.000000000000000000e+00
0.000000000000000000e+00
7.513800000000000479e-01
0.000000000000000000e+00
9.230300000000000171e-01
0.000000000000000000e+00
0.000000000000000000e+00
7.261800000000000477e-01
0.000000000000000000e+00
0.000000000000000000e+00
6.332200000000000051e-01
0.000000000000000000e+00
7.905799999999999494e-01
0.000000000000000000e+00
8.332600000000000007e-01
0.000000000000000000e+00
0.000000000000000000e+00
7.755699999999999816e-01
0.000000000000000000e+00
0.000000000000000000e+00
0.000000000000000000e+00
7.349799999999999667e-01
0.000000000000000000e+00
0.000000000000000000e+00
0.000000000000000000e+00
0.000000000000000000e+00
7.181300000000000461e-01
0.000000000000000000e+00
0.000000000000000000e+00
7.043300000000000116e-01
0.000000000000000000e+00
0.000000000000000000e+00
0.000000000000000000e+00
7.373499999999999499e-01
0.000000000000000000e+00
9.554200000000000470e-01
0.000000000000000000e+00
0.000000000000000000e+00
8.836600000000000010e-01
0.000000000000000000e+00
0.000000000000000000e+00
0.000000000000000000e+00
0.000000000000000000e+00
0.000000000000000000e+00
5.944800000000000084e-01
0.000000000000000000e+00
8.390400000000000080e-01
0.000000000000000000e+00
0.000000000000000000e+00
0.000000000000000000e+00
0.000000000000000000e+00
0.000000000000000000e+00
0.000000000000000000e+00
0.000000000000000000e+00
0.000000000000000000e+00
0.000000000000000000e+00
0.000000000000000000e+00
0.000000000000000000e+00
0.000000000000000000e+00
0.000000000000000000e+00
0.000000000000000000e+00
0.000000000000000000e+00
0.000000000000000000e+00
0.000000000000000000e+00
0.000000000000000000e+00
0.000000000000000000e+00
0.000000000000000000e+00
0.000000000000000000e+00
0.000000000000000000e+00
0.000000000000000000e+00
6.817800000000000527e-01
0.000000000000000000e+00
0.000000000000000000e+00
0.000000000000000000e+00
0.000000000000000000e+00
5.102400000000000269e-01
0.000000000000000000e+00
0.000000000000000000e+00
0.000000000000000000e+00
0.000000000000000000e+00
5.980400000000000160e-01
0.000000000000000000e+00
0.000000000000000000e+00
0.000000000000000000e+00
9.009800000000000031e-01
0.000000000000000000e+00
7.532299999999999551e-01
0.000000000000000000e+00
7.483600000000000252e-01
0.000000000000000000e+00
7.593999999999999639e-01
0.000000000000000000e+00
7.502400000000000180e-01
0.000000000000000000e+00
0.000000000000000000e+00
0.000000000000000000e+00
0.000000000000000000e+00
0.000000000000000000e+00
7.733400000000000274e-01
0.000000000000000000e+00
7.718500000000000361e-01
0.000000000000000000e+00
6.700800000000000090e-01
0.000000000000000000e+00
0.000000000000000000e+00
0.000000000000000000e+00
6.390900000000000469e-01
0.000000000000000000e+00
0.000000000000000000e+00
3.965199999999999836e-01
0.000000000000000000e+00
0.000000000000000000e+00
0.000000000000000000e+00
8.075700000000000101e-01
0.000000000000000000e+00
0.000000000000000000e+00
9.258800000000000363e-01
0.000000000000000000e+00
6.663700000000000179e-01
0.000000000000000000e+00
7.867499999999999494e-01
0.000000000000000000e+00
0.000000000000000000e+00
0.000000000000000000e+00
6.718800000000000328e-01
0.000000000000000000e+00
0.000000000000000000e+00
0.000000000000000000e+00
0.000000000000000000e+00
0.000000000000000000e+00
0.000000000000000000e+00
5.699100000000000277e-01
0.000000000000000000e+00
0.000000000000000000e+00
0.000000000000000000e+00
0.000000000000000000e+00
7.926600000000000312e-01
0.000000000000000000e+00
0.000000000000000000e+00
0.000000000000000000e+00
0.000000000000000000e+00
6.362400000000000277e-01
0.000000000000000000e+00
0.000000000000000000e+00
0.000000000000000000e+00
4.783200000000000229e-01
0.000000000000000000e+00
0.000000000000000000e+00
0.000000000000000000e+00
5.774399999999999533e-01
0.000000000000000000e+00
0.000000000000000000e+00
1.234580000000000011e+00
0.000000000000000000e+00
0.000000000000000000e+00
0.000000000000000000e+00
4.943299999999999916e-01
0.000000000000000000e+00
5.853000000000000425e-01
0.000000000000000000e+00
0.000000000000000000e+00
7.500099999999999545e-01
0.000000000000000000e+00
0.000000000000000000e+00
6.053100000000000147e-01
0.000000000000000000e+00
0.000000000000000000e+00
7.075200000000000378e-01
0.000000000000000000e+00
7.162300000000000333e-01
0.000000000000000000e+00
5.667400000000000215e-01
0.000000000000000000e+00
0.000000000000000000e+00
0.000000000000000000e+00
0.000000000000000000e+00
6.761899999999999578e-01
0.000000000000000000e+00
0.000000000000000000e+00
0.000000000000000000e+00
0.000000000000000000e+00
0.000000000000000000e+00
7.056599999999999540e-01
0.000000000000000000e+00
0.000000000000000000e+00
0.000000000000000000e+00
7.447899999999999521e-01
0.000000000000000000e+00
0.000000000000000000e+00
8.251300000000000301e-01
0.000000000000000000e+00
0.000000000000000000e+00
9.475999999999999979e-01
0.000000000000000000e+00
0.000000000000000000e+00
5.899299999999999544e-01
0.000000000000000000e+00
8.769700000000000273e-01
0.000000000000000000e+00
7.902799999999999825e-01
0.000000000000000000e+00
0.000000000000000000e+00
0.000000000000000000e+00
0.000000000000000000e+00
0.000000000000000000e+00
8.910799999999999832e-01
0.000000000000000000e+00
0.000000000000000000e+00
5.848100000000000520e-01
0.000000000000000000e+00
0.000000000000000000e+00
0.000000000000000000e+00
7.743700000000000028e-01
0.000000000000000000e+00
0.000000000000000000e+00
0.000000000000000000e+00
0.000000000000000000e+00
9.918200000000000349e-01
0.000000000000000000e+00
0.000000000000000000e+00
0.000000000000000000e+00
0.000000000000000000e+00
0.000000000000000000e+00
7.262800000000000367e-01
0.000000000000000000e+00
0.000000000000000000e+00
0.000000000000000000e+00
9.326900000000000190e-01
0.000000000000000000e+00
0.000000000000000000e+00
6.583700000000000108e-01
0.000000000000000000e+00
0.000000000000000000e+00
5.965099999999999847e-01
0.000000000000000000e+00
6.864000000000000101e-01
0.000000000000000000e+00
0.000000000000000000e+00
9.154600000000000515e-01
0.000000000000000000e+00
0.000000000000000000e+00
0.000000000000000000e+00
0.000000000000000000e+00
6.153300000000000436e-01
0.000000000000000000e+00
0.000000000000000000e+00
0.000000000000000000e+00
8.338900000000000201e-01
0.000000000000000000e+00
0.000000000000000000e+00
0.000000000000000000e+00
1.018969999999999931e+00
0.000000000000000000e+00
0.000000000000000000e+00
0.000000000000000000e+00
7.989899999999999780e-01
0.000000000000000000e+00
0.000000000000000000e+00
0.000000000000000000e+00
0.000000000000000000e+00
9.367699999999999916e-01
0.000000000000000000e+00
0.000000000000000000e+00
6.686999999999999611e-01
0.000000000000000000e+00
0.000000000000000000e+00
0.000000000000000000e+00
0.000000000000000000e+00
0.000000000000000000e+00
0.000000000000000000e+00
1.092219999999999969e+00
0.000000000000000000e+00
0.000000000000000000e+00
7.253600000000000048e-01
0.000000000000000000e+00
0.000000000000000000e+00
0.000000000000000000e+00
9.354999999999999982e-01
0.000000000000000000e+00
0.000000000000000000e+00
0.000000000000000000e+00
6.139400000000000412e-01
0.000000000000000000e+00
5.719600000000000239e-01
0.000000000000000000e+00
0.000000000000000000e+00
8.440100000000000380e-01
0.000000000000000000e+00
0.000000000000000000e+00
0.000000000000000000e+00
7.621099999999999541e-01
0.000000000000000000e+00
0.000000000000000000e+00
0.000000000000000000e+00
7.060199999999999809e-01
0.000000000000000000e+00
9.376900000000000235e-01
0.000000000000000000e+00
0.000000000000000000e+00
0.000000000000000000e+00
6.527500000000000524e-01
0.000000000000000000e+00
0.000000000000000000e+00
0.000000000000000000e+00
0.000000000000000000e+00
0.000000000000000000e+00
0.000000000000000000e+00
9.083999999999999853e-01
0.000000000000000000e+00
0.000000000000000000e+00
0.000000000000000000e+00
0.000000000000000000e+00
6.808999999999999497e-01
0.000000000000000000e+00
0.000000000000000000e+00
6.587600000000000122e-01
0.000000000000000000e+00
0.000000000000000000e+00
0.000000000000000000e+00
1.183499999999999996e+00
0.000000000000000000e+00
0.000000000000000000e+00
0.000000000000000000e+00
1.097490000000000077e+00
0.000000000000000000e+00
9.366700000000000026e-01
0.000000000000000000e+00
9.535599999999999632e-01
0.000000000000000000e+00
0.000000000000000000e+00
0.000000000000000000e+00
0.000000000000000000e+00
0.000000000000000000e+00
5.982199999999999740e-01
0.000000000000000000e+00
0.000000000000000000e+00
0.000000000000000000e+00
7.009900000000000020e-01
0.000000000000000000e+00
6.985200000000000298e-01
0.000000000000000000e+00
7.250299999999999523e-01
0.000000000000000000e+00
0.000000000000000000e+00
0.000000000000000000e+00
0.000000000000000000e+00
1.028690000000000104e+00
0.000000000000000000e+00
0.000000000000000000e+00
0.000000000000000000e+00
6.607800000000000340e-01
0.000000000000000000e+00
0.000000000000000000e+00
7.920500000000000318e-01
0.000000000000000000e+00
0.000000000000000000e+00
0.000000000000000000e+00
6.698600000000000110e-01
0.000000000000000000e+00
0.000000000000000000e+00
0.000000000000000000e+00
0.000000000000000000e+00
0.000000000000000000e+00
0.000000000000000000e+00
0.000000000000000000e+00
0.000000000000000000e+00
0.000000000000000000e+00
0.000000000000000000e+00
0.000000000000000000e+00
0.000000000000000000e+00
0.000000000000000000e+00
0.000000000000000000e+00
0.000000000000000000e+00
0.000000000000000000e+00
0.000000000000000000e+00
0.000000000000000000e+00
0.000000000000000000e+00
0.000000000000000000e+00
0.000000000000000000e+00
0.000000000000000000e+00
0.000000000000000000e+00
0.000000000000000000e+00
8.579799999999999649e-01
0.000000000000000000e+00
0.000000000000000000e+00
0.000000000000000000e+00
0.000000000000000000e+00
0.000000000000000000e+00
6.186300000000000132e-01
0.000000000000000000e+00
0.000000000000000000e+00
7.613299999999999512e-01
0.000000000000000000e+00
0.000000000000000000e+00
0.000000000000000000e+00
0.000000000000000000e+00
0.000000000000000000e+00
6.756100000000000438e-01
0.000000000000000000e+00
9.334700000000000220e-01
0.000000000000000000e+00
6.905099999999999572e-01
0.000000000000000000e+00
0.000000000000000000e+00
6.873799999999999910e-01
0.000000000000000000e+00
0.000000000000000000e+00
0.000000000000000000e+00
9.895699999999999497e-01
0.000000000000000000e+00
0.000000000000000000e+00
7.171300000000000452e-01
0.000000000000000000e+00
6.338300000000000045e-01
0.000000000000000000e+00
0.000000000000000000e+00
0.000000000000000000e+00
6.920600000000000085e-01
0.000000000000000000e+00
0.000000000000000000e+00
5.902600000000000069e-01
0.000000000000000000e+00
0.000000000000000000e+00
9.266299999999999537e-01
0.000000000000000000e+00
1.045530000000000070e+00
0.000000000000000000e+00
0.000000000000000000e+00
0.000000000000000000e+00
0.000000000000000000e+00
0.000000000000000000e+00
6.137700000000000378e-01
0.000000000000000000e+00
0.000000000000000000e+00
0.000000000000000000e+00
5.302999999999999936e-01
0.000000000000000000e+00
0.000000000000000000e+00
8.555800000000000072e-01
0.000000000000000000e+00
7.822500000000000009e-01
0.000000000000000000e+00
0.000000000000000000e+00
0.000000000000000000e+00
5.452500000000000124e-01
0.000000000000000000e+00
0.000000000000000000e+00
8.909700000000000397e-01
0.000000000000000000e+00
6.559899999999999620e-01
0.000000000000000000e+00
0.000000000000000000e+00
0.000000000000000000e+00
6.657399999999999984e-01
0.000000000000000000e+00
0.000000000000000000e+00
1.010059999999999958e+00
0.000000000000000000e+00
0.000000000000000000e+00
6.373299999999999521e-01
0.000000000000000000e+00
9.498600000000000376e-01
0.000000000000000000e+00
0.000000000000000000e+00
5.920299999999999452e-01
0.000000000000000000e+00
0.000000000000000000e+00
0.000000000000000000e+00
7.512400000000000189e-01
0.000000000000000000e+00
0.000000000000000000e+00
6.560700000000000420e-01
0.000000000000000000e+00
0.000000000000000000e+00
5.725900000000000434e-01
0.000000000000000000e+00
8.089300000000000379e-01
0.000000000000000000e+00
0.000000000000000000e+00
0.000000000000000000e+00
1.272410000000000041e+00
0.000000000000000000e+00
0.000000000000000000e+00
0.000000000000000000e+00
6.923700000000000410e-01
0.000000000000000000e+00
0.000000000000000000e+00
0.000000000000000000e+00
0.000000000000000000e+00
0.000000000000000000e+00
7.314800000000000191e-01
0.000000000000000000e+00
0.000000000000000000e+00
1.414639999999999898e+00
0.000000000000000000e+00
0.000000000000000000e+00
0.000000000000000000e+00
0.000000000000000000e+00
7.162899999999999823e-01
0.000000000000000000e+00
0.000000000000000000e+00
0.000000000000000000e+00
7.960199999999999498e-01
0.000000000000000000e+00
0.000000000000000000e+00
1.018520000000000092e+00
0.000000000000000000e+00
0.000000000000000000e+00
1.156709999999999905e+00
0.000000000000000000e+00
0.000000000000000000e+00
0.000000000000000000e+00
0.000000000000000000e+00
0.000000000000000000e+00
6.292200000000000015e-01
0.000000000000000000e+00
0.000000000000000000e+00
1.414439999999999920e+00
0.000000000000000000e+00
0.000000000000000000e+00
0.000000000000000000e+00
0.000000000000000000e+00
9.529900000000000038e-01
0.000000000000000000e+00
0.000000000000000000e+00
0.000000000000000000e+00
6.340900000000000425e-01
0.000000000000000000e+00
7.596600000000000019e-01
0.000000000000000000e+00
0.000000000000000000e+00
0.000000000000000000e+00
1.554089999999999971e+00
0.000000000000000000e+00
0.000000000000000000e+00
0.000000000000000000e+00
0.000000000000000000e+00
7.265300000000000091e-01
0.000000000000000000e+00
1.266559999999999908e+00
0.000000000000000000e+00
1.219049999999999967e+00
0.000000000000000000e+00
1.034659999999999913e+00
0.000000000000000000e+00
1.047730000000000050e+00
0.000000000000000000e+00
0.000000000000000000e+00
6.194300000000000361e-01
0.000000000000000000e+00
0.000000000000000000e+00
0.000000000000000000e+00
0.000000000000000000e+00
0.000000000000000000e+00
6.870500000000000496e-01
0.000000000000000000e+00
9.767200000000000326e-01
0.000000000000000000e+00
0.000000000000000000e+00
0.000000000000000000e+00
1.163319999999999910e+00
0.000000000000000000e+00
0.000000000000000000e+00
6.825599999999999445e-01
0.000000000000000000e+00
0.000000000000000000e+00
0.000000000000000000e+00
6.161100000000000465e-01
0.000000000000000000e+00
0.000000000000000000e+00
0.000000000000000000e+00
7.971399999999999597e-01
0.000000000000000000e+00
0.000000000000000000e+00
5.520500000000000407e-01
0.000000000000000000e+00
0.000000000000000000e+00
0.000000000000000000e+00
0.000000000000000000e+00
6.425899999999999945e-01
0.000000000000000000e+00
0.000000000000000000e+00
0.000000000000000000e+00
0.000000000000000000e+00
0.000000000000000000e+00
0.000000000000000000e+00
7.597500000000000364e-01
0.000000000000000000e+00
0.000000000000000000e+00
0.000000000000000000e+00
9.857799999999999896e-01
0.000000000000000000e+00
0.000000000000000000e+00
0.000000000000000000e+00
1.134670000000000067e+00
0.000000000000000000e+00
0.000000000000000000e+00
0.000000000000000000e+00
0.000000000000000000e+00
0.000000000000000000e+00
5.861399999999999944e-01
0.000000000000000000e+00
0.000000000000000000e+00
0.000000000000000000e+00
0.000000000000000000e+00
9.474500000000000144e-01
0.000000000000000000e+00
0.000000000000000000e+00
0.000000000000000000e+00
1.079709999999999948e+00
0.000000000000000000e+00
0.000000000000000000e+00
0.000000000000000000e+00
0.000000000000000000e+00
0.000000000000000000e+00
0.000000000000000000e+00
5.850300000000000500e-01
0.000000000000000000e+00
0.000000000000000000e+00
0.000000000000000000e+00
7.789899999999999602e-01
0.000000000000000000e+00
0.000000000000000000e+00
0.000000000000000000e+00
0.000000000000000000e+00
9.637599999999999500e-01
0.000000000000000000e+00
0.000000000000000000e+00
9.938000000000000167e-01
0.000000000000000000e+00
0.000000000000000000e+00
0.000000000000000000e+00
0.000000000000000000e+00
0.000000000000000000e+00
5.544000000000000039e-01
0.000000000000000000e+00
0.000000000000000000e+00
6.841000000000000414e-01
0.000000000000000000e+00
0.000000000000000000e+00
1.248450000000000060e+00
0.000000000000000000e+00
1.253870000000000040e+00
0.000000000000000000e+00
1.168959999999999999e+00
0.000000000000000000e+00
0.000000000000000000e+00
0.000000000000000000e+00
6.581099999999999728e-01
0.000000000000000000e+00
0.000000000000000000e+00
0.000000000000000000e+00
0.000000000000000000e+00
0.000000000000000000e+00
0.000000000000000000e+00
0.000000000000000000e+00
5.622899999999999565e-01
0.000000000000000000e+00
0.000000000000000000e+00
7.766999999999999460e-01
0.000000000000000000e+00
1.270979999999999999e+00
0.000000000000000000e+00
7.372199999999999864e-01
0.000000000000000000e+00
0.000000000000000000e+00
4.601799999999999780e-01
0.000000000000000000e+00
5.810699999999999754e-01
0.000000000000000000e+00
0.000000000000000000e+00
0.000000000000000000e+00
0.000000000000000000e+00
0.000000000000000000e+00
0.000000000000000000e+00
0.000000000000000000e+00
0.000000000000000000e+00
0.000000000000000000e+00
0.000000000000000000e+00
0.000000000000000000e+00
0.000000000000000000e+00
0.000000000000000000e+00
0.000000000000000000e+00
0.000000000000000000e+00
0.000000000000000000e+00
0.000000000000000000e+00
0.000000000000000000e+00
0.000000000000000000e+00
0.000000000000000000e+00
0.000000000000000000e+00
0.000000000000000000e+00
0.000000000000000000e+00
0.000000000000000000e+00
5.048700000000000410e-01
0.000000000000000000e+00
6.448700000000000543e-01
0.000000000000000000e+00
0.000000000000000000e+00
0.000000000000000000e+00
5.479899999999999771e-01
0.000000000000000000e+00
0.000000000000000000e+00
0.000000000000000000e+00
0.000000000000000000e+00
1.247859999999999969e+00
0.000000000000000000e+00
0.000000000000000000e+00
9.516200000000000214e-01
0.000000000000000000e+00
0.000000000000000000e+00
0.000000000000000000e+00
0.000000000000000000e+00
5.748999999999999666e-01
0.000000000000000000e+00
8.894199999999999884e-01
0.000000000000000000e+00
6.373999999999999666e-01
0.000000000000000000e+00
0.000000000000000000e+00
7.148999999999999799e-01
0.000000000000000000e+00
6.744799999999999685e-01
0.000000000000000000e+00
0.000000000000000000e+00
6.927499999999999769e-01
0.000000000000000000e+00
6.612900000000000444e-01
0.000000000000000000e+00
0.000000000000000000e+00
8.445599999999999774e-01
0.000000000000000000e+00
0.000000000000000000e+00
6.947699999999999987e-01
0.000000000000000000e+00
0.000000000000000000e+00
0.000000000000000000e+00
0.000000000000000000e+00
6.564799999999999525e-01
0.000000000000000000e+00
0.000000000000000000e+00
7.110199999999999854e-01
0.000000000000000000e+00
0.000000000000000000e+00
0.000000000000000000e+00
1.159089999999999954e+00
0.000000000000000000e+00
0.000000000000000000e+00
5.968700000000000117e-01
0.000000000000000000e+00
6.334199999999999831e-01
0.000000000000000000e+00
0.000000000000000000e+00
0.000000000000000000e+00
6.365300000000000402e-01
0.000000000000000000e+00
0.000000000000000000e+00
0.000000000000000000e+00
6.085899999999999643e-01
0.000000000000000000e+00
6.086799999999999988e-01
0.000000000000000000e+00
0.000000000000000000e+00
7.549700000000000299e-01
0.000000000000000000e+00
0.000000000000000000e+00
0.000000000000000000e+00
6.604499999999999815e-01
0.000000000000000000e+00
0.000000000000000000e+00
8.127900000000000125e-01
0.000000000000000000e+00
1.078880000000000061e+00
0.000000000000000000e+00
0.000000000000000000e+00
0.000000000000000000e+00
0.000000000000000000e+00
0.000000000000000000e+00
1.344179999999999930e+00
0.000000000000000000e+00
0.000000000000000000e+00
0.000000000000000000e+00
0.000000000000000000e+00
1.151960000000000095e+00
0.000000000000000000e+00
0.000000000000000000e+00
8.126400000000000290e-01
0.000000000000000000e+00
0.000000000000000000e+00
7.245599999999999818e-01
0.000000000000000000e+00
0.000000000000000000e+00
0.000000000000000000e+00
6.572700000000000209e-01
0.000000000000000000e+00
6.154500000000000526e-01
0.000000000000000000e+00
0.000000000000000000e+00
7.291100000000000358e-01
0.000000000000000000e+00
0.000000000000000000e+00
0.000000000000000000e+00
1.172579999999999956e+00
0.000000000000000000e+00
9.290699999999999514e-01
0.000000000000000000e+00
1.325269999999999948e+00
0.000000000000000000e+00
6.536899999999999933e-01
0.000000000000000000e+00
0.000000000000000000e+00
0.000000000000000000e+00
0.000000000000000000e+00
0.000000000000000000e+00
9.019000000000000350e-01
0.000000000000000000e+00
0.000000000000000000e+00
0.000000000000000000e+00
1.122560000000000002e+00
0.000000000000000000e+00
0.000000000000000000e+00
0.000000000000000000e+00
0.000000000000000000e+00
7.708899999999999642e-01
0.000000000000000000e+00
0.000000000000000000e+00
0.000000000000000000e+00
5.746099999999999541e-01
0.000000000000000000e+00
0.000000000000000000e+00
6.138400000000000523e-01
0.000000000000000000e+00
1.325269999999999948e+00
0.000000000000000000e+00
0.000000000000000000e+00
5.955099999999999838e-01
0.000000000000000000e+00
7.674800000000000511e-01
0.000000000000000000e+00
0.000000000000000000e+00
0.000000000000000000e+00
9.992600000000000371e-01
0.000000000000000000e+00
0.000000000000000000e+00
0.000000000000000000e+00
0.000000000000000000e+00
6.835400000000000365e-01
0.000000000000000000e+00
0.000000000000000000e+00
0.000000000000000000e+00
0.000000000000000000e+00
9.135100000000000442e-01
0.000000000000000000e+00
0.000000000000000000e+00
0.000000000000000000e+00
0.000000000000000000e+00
0.000000000000000000e+00
1.337429999999999897e+00
0.000000000000000000e+00
1.105450000000000044e+00
0.000000000000000000e+00
6.896099999999999453e-01
0.000000000000000000e+00
0.000000000000000000e+00
7.861399999999999499e-01
0.000000000000000000e+00
0.000000000000000000e+00
0.000000000000000000e+00
1.435990000000000100e+00
0.000000000000000000e+00
6.477199999999999624e-01
0.000000000000000000e+00
0.000000000000000000e+00
0.000000000000000000e+00
7.292899999999999938e-01
0.000000000000000000e+00
0.000000000000000000e+00
1.079029999999999934e+00
0.000000000000000000e+00
0.000000000000000000e+00
0.000000000000000000e+00
6.501500000000000057e-01
0.000000000000000000e+00
1.008289999999999909e+00
0.000000000000000000e+00
9.686799999999999855e-01
0.000000000000000000e+00
1.371299999999999963e+00
0.000000000000000000e+00
0.000000000000000000e+00
0.000000000000000000e+00
0.000000000000000000e+00
6.315300000000000358e-01
0.000000000000000000e+00
7.435899999999999732e-01
0.000000000000000000e+00
1.079499999999999904e+00
0.000000000000000000e+00
0.000000000000000000e+00
0.000000000000000000e+00
8.083099999999999730e-01
0.000000000000000000e+00
0.000000000000000000e+00
0.000000000000000000e+00
0.000000000000000000e+00
0.000000000000000000e+00
8.263500000000000290e-01
0.000000000000000000e+00
0.000000000000000000e+00
0.000000000000000000e+00
0.000000000000000000e+00
1.125210000000000043e+00
0.000000000000000000e+00
0.000000000000000000e+00
5.964199999999999502e-01
0.000000000000000000e+00
1.216949999999999976e+00
0.000000000000000000e+00
0.000000000000000000e+00
0.000000000000000000e+00
8.293800000000000061e-01
0.000000000000000000e+00
6.175599999999999978e-01
0.000000000000000000e+00
0.000000000000000000e+00
1.285479999999999956e+00
0.000000000000000000e+00
0.000000000000000000e+00
0.000000000000000000e+00
0.000000000000000000e+00
0.000000000000000000e+00
0.000000000000000000e+00
5.214499999999999691e-01
0.000000000000000000e+00
0.000000000000000000e+00
1.641760000000000108e+00
0.000000000000000000e+00
7.340799999999999548e-01
0.000000000000000000e+00
0.000000000000000000e+00
0.000000000000000000e+00
9.313700000000000312e-01
0.000000000000000000e+00
6.604900000000000215e-01
0.000000000000000000e+00
1.182439999999999936e+00
0.000000000000000000e+00
0.000000000000000000e+00
0.000000000000000000e+00
7.625600000000000156e-01
0.000000000000000000e+00
0.000000000000000000e+00
0.000000000000000000e+00
0.000000000000000000e+00
8.459499999999999797e-01
0.000000000000000000e+00
1.220520000000000049e+00
0.000000000000000000e+00
0.000000000000000000e+00
0.000000000000000000e+00
0.000000000000000000e+00
0.000000000000000000e+00
0.000000000000000000e+00
0.000000000000000000e+00
0.000000000000000000e+00
0.000000000000000000e+00
0.000000000000000000e+00
0.000000000000000000e+00
0.000000000000000000e+00
0.000000000000000000e+00
0.000000000000000000e+00
0.000000000000000000e+00
0.000000000000000000e+00
0.000000000000000000e+00
0.000000000000000000e+00
0.000000000000000000e+00
0.000000000000000000e+00
0.000000000000000000e+00
0.000000000000000000e+00
1.095720000000000027e+00
0.000000000000000000e+00
0.000000000000000000e+00
0.000000000000000000e+00
9.517499999999999849e-01
0.000000000000000000e+00
0.000000000000000000e+00
0.000000000000000000e+00
7.694499999999999673e-01
0.000000000000000000e+00
0.000000000000000000e+00
0.000000000000000000e+00
0.000000000000000000e+00
1.022310000000000052e+00
0.000000000000000000e+00
0.000000000000000000e+00
0.000000000000000000e+00
6.887900000000000134e-01
0.000000000000000000e+00
1.157059999999999977e+00
0.000000000000000000e+00
0.000000000000000000e+00
0.000000000000000000e+00
6.454299999999999482e-01
0.000000000000000000e+00
0.000000000000000000e+00
5.983199999999999630e-01
0.000000000000000000e+00
9.623099999999999987e-01
0.000000000000000000e+00
0.000000000000000000e+00
5.777700000000000058e-01
0.000000000000000000e+00
0.000000000000000000e+00
0.000000000000000000e+00
6.442900000000000293e-01
0.000000000000000000e+00
7.523600000000000287e-01
0.000000000000000000e+00
6.598300000000000276e-01
0.000000000000000000e+00
8.107199999999999962e-01
0.000000000000000000e+00
0.000000000000000000e+00
1.156530000000000058e+00
0.000000000000000000e+00
0.000000000000000000e+00
1.138900000000000023e+00
0.000000000000000000e+00
0.000000000000000000e+00
1.173810000000000020e+00
0.000000000000000000e+00
0.000000000000000000e+00
0.000000000000000000e+00
1.224949999999999983e+00
0.000000000000000000e+00
7.164300000000000113e-01
0.000000000000000000e+00
0.000000000000000000e+00
0.000000000000000000e+00
6.135099999999999998e-01
0.000000000000000000e+00
0.000000000000000000e+00
0.000000000000000000e+00
0.000000000000000000e+00
6.658600000000000074e-01
0.000000000000000000e+00
1.318580000000000085e+00
0.000000000000000000e+00
0.000000000000000000e+00
0.000000000000000000e+00
5.605200000000000182e-01
0.000000000000000000e+00
0.000000000000000000e+00
8.798399999999999554e-01
0.000000000000000000e+00
0.000000000000000000e+00
0.000000000000000000e+00
0.000000000000000000e+00
0.000000000000000000e+00
1.061360000000000081e+00
0.000000000000000000e+00
7.094300000000000050e-01
0.000000000000000000e+00
0.000000000000000000e+00
0.000000000000000000e+00
1.931559999999999944e+00
0.000000000000000000e+00
0.000000000000000000e+00
0.000000000000000000e+00
0.000000000000000000e+00
9.463799999999999990e-01
0.000000000000000000e+00
0.000000000000000000e+00
1.289740000000000109e+00
0.000000000000000000e+00
0.000000000000000000e+00
8.839099999999999735e-01
0.000000000000000000e+00
0.000000000000000000e+00
0.000000000000000000e+00
6.976900000000000324e-01
0.000000000000000000e+00
0.000000000000000000e+00
7.669399999999999551e-01
0.000000000000000000e+00
0.000000000000000000e+00
7.254000000000000448e-01
0.000000000000000000e+00
0.000000000000000000e+00
0.000000000000000000e+00
7.024299999999999988e-01
0.000000000000000000e+00
1.078419999999999934e+00
0.000000000000000000e+00
7.344399999999999817e-01
0.000000000000000000e+00
0.000000000000000000e+00
0.000000000000000000e+00
0.000000000000000000e+00
6.609000000000000430e-01
0.000000000000000000e+00
0.000000000000000000e+00
5.590699999999999559e-01
0.000000000000000000e+00
0.000000000000000000e+00
0.000000000000000000e+00
1.154670000000000085e+00
0.000000000000000000e+00
0.000000000000000000e+00
0.000000000000000000e+00
6.883000000000000229e-01
0.000000000000000000e+00
1.417839999999999989e+00
0.000000000000000000e+00
0.000000000000000000e+00
0.000000000000000000e+00
0.000000000000000000e+00
9.843499999999999472e-01
0.000000000000000000e+00
0.000000000000000000e+00
6.217099999999999849e-01
0.000000000000000000e+00
0.000000000000000000e+00
1.355380000000000029e+00
0.000000000000000000e+00
0.000000000000000000e+00
0.000000000000000000e+00
7.894200000000000106e-01
0.000000000000000000e+00
0.000000000000000000e+00
7.466199999999999504e-01
0.000000000000000000e+00
7.666800000000000281e-01
0.000000000000000000e+00
0.000000000000000000e+00
0.000000000000000000e+00
1.078370000000000051e+00
0.000000000000000000e+00
0.000000000000000000e+00
9.792800000000000393e-01
0.000000000000000000e+00
0.000000000000000000e+00
0.000000000000000000e+00
7.997699999999999809e-01
0.000000000000000000e+00
0.000000000000000000e+00
0.000000000000000000e+00
8.039100000000000135e-01
0.000000000000000000e+00
0.000000000000000000e+00
6.959800000000000431e-01
0.000000000000000000e+00
0.000000000000000000e+00
0.000000000000000000e+00
0.000000000000000000e+00
0.000000000000000000e+00
0.000000000000000000e+00
0.000000000000000000e+00
6.394400000000000084e-01
0.000000000000000000e+00
0.000000000000000000e+00
0.000000000000000000e+00
5.563200000000000367e-01
0.000000000000000000e+00
0.000000000000000000e+00
0.000000000000000000e+00
0.000000000000000000e+00
0.000000000000000000e+00
1.650959999999999983e+00
0.000000000000000000e+00
0.000000000000000000e+00
7.103500000000000369e-01
0.000000000000000000e+00
6.909600000000000186e-01
0.000000000000000000e+00
0.000000000000000000e+00
1.087560000000000082e+00
0.000000000000000000e+00
0.000000000000000000e+00
0.000000000000000000e+00
0.000000000000000000e+00
0.000000000000000000e+00
6.437199999999999589e-01
0.000000000000000000e+00
0.000000000000000000e+00
0.000000000000000000e+00
0.000000000000000000e+00
6.647100000000000231e-01
0.000000000000000000e+00
1.023600000000000065e+00
0.000000000000000000e+00
0.000000000000000000e+00
0.000000000000000000e+00
0.000000000000000000e+00
6.829899999999999860e-01
0.000000000000000000e+00
0.000000000000000000e+00
0.000000000000000000e+00
0.000000000000000000e+00
0.000000000000000000e+00
6.641799999999999926e-01
0.000000000000000000e+00
0.000000000000000000e+00
7.190100000000000380e-01
0.000000000000000000e+00
0.000000000000000000e+00
1.047269999999999923e+00
0.000000000000000000e+00
0.000000000000000000e+00
1.255840000000000067e+00
0.000000000000000000e+00
0.000000000000000000e+00
1.326489999999999947e+00
0.000000000000000000e+00
0.000000000000000000e+00
0.000000000000000000e+00
1.188029999999999919e+00
0.000000000000000000e+00
0.000000000000000000e+00
6.944200000000000372e-01
0.000000000000000000e+00
6.877799999999999470e-01
0.000000000000000000e+00
0.000000000000000000e+00
8.322500000000000453e-01
0.000000000000000000e+00
0.000000000000000000e+00
7.000499999999999501e-01
0.000000000000000000e+00
0.000000000000000000e+00
6.238500000000000156e-01
0.000000000000000000e+00
0.000000000000000000e+00
0.000000000000000000e+00
7.125099999999999767e-01
0.000000000000000000e+00
0.000000000000000000e+00
0.000000000000000000e+00
7.594699999999999784e-01
0.000000000000000000e+00
7.599000000000000199e-01
0.000000000000000000e+00
0.000000000000000000e+00
1.550980000000000025e+00
0.000000000000000000e+00
0.000000000000000000e+00
8.925499999999999545e-01
0.000000000000000000e+00
0.000000000000000000e+00
0.000000000000000000e+00
0.000000000000000000e+00
0.000000000000000000e+00
7.017799999999999594e-01
0.000000000000000000e+00
0.000000000000000000e+00
1.940360000000000085e+00
0.000000000000000000e+00
0.000000000000000000e+00
0.000000000000000000e+00
0.000000000000000000e+00
0.000000000000000000e+00
0.000000000000000000e+00
0.000000000000000000e+00
0.000000000000000000e+00
0.000000000000000000e+00
0.000000000000000000e+00
0.000000000000000000e+00
0.000000000000000000e+00
0.000000000000000000e+00
0.000000000000000000e+00
0.000000000000000000e+00
0.000000000000000000e+00
0.000000000000000000e+00
0.000000000000000000e+00
0.000000000000000000e+00
0.000000000000000000e+00
0.000000000000000000e+00
0.000000000000000000e+00
1.153920000000000057e+00
0.000000000000000000e+00
0.000000000000000000e+00
6.602099999999999635e-01
0.000000000000000000e+00
0.000000000000000000e+00
1.386970000000000036e+00
0.000000000000000000e+00
0.000000000000000000e+00
1.390190000000000037e+00
0.000000000000000000e+00
7.074300000000000033e-01
0.000000000000000000e+00
1.092859999999999943e+00
0.000000000000000000e+00
0.000000000000000000e+00
1.085869999999999891e+00
0.000000000000000000e+00
6.562200000000000255e-01
0.000000000000000000e+00
0.000000000000000000e+00
7.500299999999999745e-01
0.000000000000000000e+00
0.000000000000000000e+00
8.069100000000000161e-01
0.000000000000000000e+00
0.000000000000000000e+00
1.194660000000000055e+00
0.000000000000000000e+00
0.000000000000000000e+00
0.000000000000000000e+00
0.000000000000000000e+00
1.437510000000000066e+00
0.000000000000000000e+00
0.000000000000000000e+00
0.000000000000000000e+00
6.068000000000000060e-01
0.000000000000000000e+00
6.435600000000000209e-01
0.000000000000000000e+00
0.000000000000000000e+00
1.240490000000000093e+00
0.000000000000000000e+00
1.132980000000000098e+00
0.000000000000000000e+00
0.000000000000000000e+00
6.679399999999999782e-01
0.000000000000000000e+00
0.000000000000000000e+00
0.000000000000000000e+00
5.909699999999999953e-01
0.000000000000000000e+00
0.000000000000000000e+00
6.843099999999999739e-01
0.000000000000000000e+00
1.910590000000000011e+00
0.000000000000000000e+00
1.123269999999999991e+00
0.000000000000000000e+00
0.000000000000000000e+00
0.000000000000000000e+00
5.758699999999999930e-01
0.000000000000000000e+00
0.000000000000000000e+00
0.000000000000000000e+00
1.251440000000000108e+00
0.000000000000000000e+00
6.916999999999999815e-01
0.000000000000000000e+00
0.000000000000000000e+00
0.000000000000000000e+00
0.000000000000000000e+00
0.000000000000000000e+00
1.538319999999999910e+00
0.000000000000000000e+00
0.000000000000000000e+00
6.691099999999999826e-01
0.000000000000000000e+00
0.000000000000000000e+00
0.000000000000000000e+00
0.000000000000000000e+00
0.000000000000000000e+00
8.640099999999999447e-01
0.000000000000000000e+00
0.000000000000000000e+00
1.205389999999999961e+00
0.000000000000000000e+00
0.000000000000000000e+00
8.833600000000000341e-01
0.000000000000000000e+00
0.000000000000000000e+00
0.000000000000000000e+00
0.000000000000000000e+00
0.000000000000000000e+00
6.739199999999999635e-01
0.000000000000000000e+00
0.000000000000000000e+00
1.141280000000000072e+00
0.000000000000000000e+00
0.000000000000000000e+00
7.054000000000000270e-01
0.000000000000000000e+00
0.000000000000000000e+00
0.000000000000000000e+00
0.000000000000000000e+00
6.719100000000000072e-01
0.000000000000000000e+00
0.000000000000000000e+00
6.657199999999999784e-01
0.000000000000000000e+00
0.000000000000000000e+00
9.585000000000000187e-01
0.000000000000000000e+00
0.000000000000000000e+00
7.937499999999999556e-01
0.000000000000000000e+00
0.000000000000000000e+00
0.000000000000000000e+00
0.000000000000000000e+00
0.000000000000000000e+00
0.000000000000000000e+00
0.000000000000000000e+00
1.069010000000000016e+00
0.000000000000000000e+00
0.000000000000000000e+00
7.111199999999999743e-01
0.000000000000000000e+00
8.403399999999999759e-01
0.000000000000000000e+00
0.000000000000000000e+00
1.237640000000000073e+00
0.000000000000000000e+00
0.000000000000000000e+00
0.000000000000000000e+00
0.000000000000000000e+00
1.160570000000000102e+00
0.000000000000000000e+00
0.000000000000000000e+00
0.000000000000000000e+00
1.158439999999999914e+00
0.000000000000000000e+00
7.437599999999999767e-01
0.000000000000000000e+00
0.000000000000000000e+00
7.162600000000000078e-01
0.000000000000000000e+00
0.000000000000000000e+00
1.354379999999999917e+00
0.000000000000000000e+00
0.000000000000000000e+00
0.000000000000000000e+00
7.382499999999999618e-01
0.000000000000000000e+00
5.849400000000000155e-01
0.000000000000000000e+00
1.286450000000000093e+00
0.000000000000000000e+00
0.000000000000000000e+00
0.000000000000000000e+00
1.163159999999999972e+00
0.000000000000000000e+00
6.509899999999999576e-01
0.000000000000000000e+00
1.110389999999999988e+00
0.000000000000000000e+00
0.000000000000000000e+00
5.853599999999999914e-01
0.000000000000000000e+00
0.000000000000000000e+00
0.000000000000000000e+00
8.204700000000000326e-01
0.000000000000000000e+00
0.000000000000000000e+00
0.000000000000000000e+00
1.397040000000000060e+00
0.000000000000000000e+00
0.000000000000000000e+00
6.400400000000000533e-01
0.000000000000000000e+00
0.000000000000000000e+00
6.653299999999999770e-01
0.000000000000000000e+00
0.000000000000000000e+00
1.189189999999999969e+00
0.000000000000000000e+00
1.010599999999999943e+00
0.000000000000000000e+00
0.000000000000000000e+00
6.168799999999999839e-01
0.000000000000000000e+00
0.000000000000000000e+00
0.000000000000000000e+00
5.833599999999999897e-01
0.000000000000000000e+00
0.000000000000000000e+00
6.248799999999999910e-01
0.000000000000000000e+00
0.000000000000000000e+00
0.000000000000000000e+00
7.498500000000000165e-01
0.000000000000000000e+00
6.063600000000000101e-01
0.000000000000000000e+00
0.000000000000000000e+00
0.000000000000000000e+00
0.000000000000000000e+00
0.000000000000000000e+00
1.158020000000000049e+00
0.000000000000000000e+00
0.000000000000000000e+00
0.000000000000000000e+00
9.831400000000000139e-01
0.000000000000000000e+00
0.000000000000000000e+00
8.019600000000000062e-01
0.000000000000000000e+00
0.000000000000000000e+00
0.000000000000000000e+00
0.000000000000000000e+00
1.007959999999999967e+00
0.000000000000000000e+00
6.833700000000000330e-01
0.000000000000000000e+00
0.000000000000000000e+00
0.000000000000000000e+00
0.000000000000000000e+00
8.832499999999999796e-01
0.000000000000000000e+00
0.000000000000000000e+00
0.000000000000000000e+00
1.087399999999999922e+00
0.000000000000000000e+00
1.334200000000000053e+00
0.000000000000000000e+00
0.000000000000000000e+00
0.000000000000000000e+00
5.985800000000000010e-01
0.000000000000000000e+00
0.000000000000000000e+00
0.000000000000000000e+00
0.000000000000000000e+00
0.000000000000000000e+00
0.000000000000000000e+00
8.569400000000000350e-01
0.000000000000000000e+00
0.000000000000000000e+00
0.000000000000000000e+00
6.313199999999999923e-01
0.000000000000000000e+00
0.000000000000000000e+00
0.000000000000000000e+00
7.835199999999999942e-01
0.000000000000000000e+00
0.000000000000000000e+00
1.178809999999999913e+00
0.000000000000000000e+00
6.494199999999999973e-01
0.000000000000000000e+00
0.000000000000000000e+00
0.000000000000000000e+00
0.000000000000000000e+00
0.000000000000000000e+00
0.000000000000000000e+00
1.014380000000000059e+00
0.000000000000000000e+00
0.000000000000000000e+00
0.000000000000000000e+00
0.000000000000000000e+00
0.000000000000000000e+00
1.479899999999999993e+00
0.000000000000000000e+00
0.000000000000000000e+00
0.000000000000000000e+00
0.000000000000000000e+00
0.000000000000000000e+00
8.244299999999999962e-01
0.000000000000000000e+00
0.000000000000000000e+00
0.000000000000000000e+00
0.000000000000000000e+00
0.000000000000000000e+00
0.000000000000000000e+00
0.000000000000000000e+00
0.000000000000000000e+00
0.000000000000000000e+00
0.000000000000000000e+00
0.000000000000000000e+00
