0.000000000000000000e+00
0.000000000000000000e+00
0.000000000000000000e+00
0.000000000000000000e+00
0.000000000000000000e+00
0.000000000000000000e+00
0.000000000000000000e+00
0.000000000000000000e+00
0.000000000000000000e+00
0.000000000000000000e+00
6.798499999999999543e-01
0.000000000000000000e+00
5.333099999999999508e-01
0.000000000000000000e+00
0.000000000000000000e+00
5.844899999999999540e-01
0.000000000000000000e+00
0.000000000000000000e+00
0.000000000000000000e+00
5.257800000000000251e-01
0.000000000000000000e+00
0.000000000000000000e+00
4.361200000000000077e-01
0.000000000000000000e+00
0.000000000000000000e+00
3.878099999999999881e-01
0.000000000000000000e+00
4.994399999999999951e-01
0.000000000000000000e+00
0.000000000000000000e+00
0.000000000000000000e+00
4.734900000000000220e-01
0.000000000000000000e+00
0.000000000000000000e+00
0.000000000000000000e+00
4.495299999999999851e-01
0.000000000000000000e+00
0.000000000000000000e+00
4.684800000000000075e-01
0.000000000000000000e+00
5.049099999999999699e-01
0.000000000000000000e+00
0.000000000000000000e+00
4.576899999999999857e-01
0.000000000000000000e+00
0.000000000000000000e+00
0.000000000000000000e+00
0.000000000000000000e+00
4.880399999999999738e-01
0.000000000000000000e+00
0.000000000000000000e+00
0.000000000000000000e+00
4.717500000000000027e-01
0.000000000000000000e+00
4.299999999999999933e-01
0.000000000000000000e+00
0.000000000000000000e+00
0.000000000000000000e+00
5.237199999999999633e-01
0.000000000000000000e+00
3.509700000000000042e-01
0.000000000000000000e+00
4.054900000000000171e-01
0.000000000000000000e+00
4.878600000000000159e-01
0.000000000000000000e+00
0.000000000000000000e+00
0.000000000000000000e+00
4.114300000000000179e-01
0.000000000000000000e+00
0.000000000000000000e+00
0.000000000000000000e+00
0.000000000000000000e+00
0.000000000000000000e+00
3.851700000000000124e-01
0.000000000000000000e+00
4.187299999999999911e-01
0.000000000000000000e+00
0.000000000000000000e+00
3.819299999999999917e-01
0.000000000000000000e+00
4.375100000000000100e-01
0.000000000000000000e+00
0.000000000000000000e+00
4.803000000000000047e-01
0.000000000000000000e+00
0.000000000000000000e+00
0.000000000000000000e+00
4.745500000000000274e-01
0.000000000000000000e+00
0.000000000000000000e+00
4.417900000000000160e-01
0.000000000000000000e+00
0.000000000000000000e+00
0.000000000000000000e+00
0.000000000000000000e+00
4.935700000000000087e-01
0.000000000000000000e+00
5.331799999999999873e-01
0.000000000000000000e+00
0.000000000000000000e+00
0.000000000000000000e+00
0.000000000000000000e+00
4.075699999999999878e-01
0.000000000000000000e+00
0.000000000000000000e+00
0.000000000000000000e+00
4.246699999999999919e-01
0.000000000000000000e+00
0.000000000000000000e+00
0.000000000000000000e+00
4.122799999999999798e-01
0.000000000000000000e+00
0.000000000000000000e+00
4.780300000000000105e-01
0.000000000000000000e+00
0.000000000000000000e+00
0.000000000000000000e+00
0.000000000000000000e+00
0.000000000000000000e+00
3.665700000000000069e-01
0.000000000000000000e+00
0.000000000000000000e+00
4.363000000000000211e-01
0.000000000000000000e+00
4.501100000000000101e-01
0.000000000000000000e+00
0.000000000000000000e+00
0.000000000000000000e+00
3.716099999999999959e-01
0.000000000000000000e+00
5.035800000000000276e-01
0.000000000000000000e+00
0.000000000000000000e+00
0.000000000000000000e+00
5.148200000000000554e-01
0.000000000000000000e+00
0.000000000000000000e+00
0.000000000000000000e+00
4.173200000000000243e-01
0.000000000000000000e+00
0.000000000000000000e+00
0.000000000000000000e+00
4.560799999999999854e-01
0.000000000000000000e+00
0.000000000000000000e+00
3.956200000000000272e-01
0.000000000000000000e+00
4.051899999999999946e-01
0.000000000000000000e+00
0.000000000000000000e+00
3.878300000000000081e-01
0.000000000000000000e+00
0.000000000000000000e+00
4.247699999999999809e-01
0.000000000000000000e+00
0.000000000000000000e+00
0.000000000000000000e+00
4.550199999999999800e-01
0.000000000000000000e+00
0.000000000000000000e+00
0.000000000000000000e+00
0.000000000000000000e+00
4.574699999999999878e-01
0.000000000000000000e+00
0.000000000000000000e+00
0.000000000000000000e+00
4.534699999999999842e-01
0.000000000000000000e+00
0.000000000000000000e+00
0.000000000000000000e+00
0.000000000000000000e+00
4.202000000000000179e-01
0.000000000000000000e+00
0.000000000000000000e+00
5.004899999999999904e-01
0.000000000000000000e+00
0.000000000000000000e+00
4.297599999999999754e-01
0.000000000000000000e+00
4.175699999999999967e-01
0.000000000000000000e+00
0.000000000000000000e+00
0.000000000000000000e+00
6.080100000000000504e-01
0.000000000000000000e+00
0.000000000000000000e+00
0.000000000000000000e+00
4.047999999999999932e-01
0.000000000000000000e+00
0.000000000000000000e+00
0.000000000000000000e+00
0.000000000000000000e+00
5.024699999999999722e-01
0.000000000000000000e+00
0.000000000000000000e+00
4.081299999999999928e-01
0.000000000000000000e+00
4.907900000000000040e-01
0.000000000000000000e+00
0.000000000000000000e+00
0.000000000000000000e+00
4.520399999999999974e-01
0.000000000000000000e+00
0.000000000000000000e+00
0.000000000000000000e+00
0.000000000000000000e+00
0.000000000000000000e+00
4.229399999999999826e-01
0.000000000000000000e+00
4.650500000000000189e-01
0.000000000000000000e+00
5.130900000000000460e-01
0.000000000000000000e+00
4.925999999999999823e-01
0.000000000000000000e+00
0.000000000000000000e+00
0.000000000000000000e+00
3.746900000000000230e-01
0.000000000000000000e+00
4.089800000000000102e-01
0.000000000000000000e+00
4.300399999999999778e-01
0.000000000000000000e+00
0.000000000000000000e+00
0.000000000000000000e+00
4.432599999999999874e-01
0.000000000000000000e+00
0.000000000000000000e+00
0.000000000000000000e+00
0.000000000000000000e+00
3.948499999999999788e-01
0.000000000000000000e+00
3.990699999999999803e-01
0.000000000000000000e+00
4.559799999999999964e-01
0.000000000000000000e+00
0.000000000000000000e+00
4.232199999999999851e-01
0.000000000000000000e+00
6.326699999999999546e-01
0.000000000000000000e+00
0.000000000000000000e+00
0.000000000000000000e+00
0.000000000000000000e+00
4.614800000000000013e-01
0.000000000000000000e+00
5.025800000000000267e-01
0.000000000000000000e+00
0.000000000000000000e+00
0.000000000000000000e+00
0.000000000000000000e+00
0.000000000000000000e+00
0.000000000000000000e+00
4.179300000000000237e-01
0.000000000000000000e+00
5.142999999999999794e-01
0.000000000000000000e+00
0.000000000000000000e+00
0.000000000000000000e+00
5.243900000000000228e-01
0.000000000000000000e+00
0.000000000000000000e+00
0.000000000000000000e+00
4.368500000000000161e-01
0.000000000000000000e+00
0.000000000000000000e+00
4.426499999999999879e-01
0.000000000000000000e+00
4.995299999999999740e-01
0.000000000000000000e+00
0.000000000000000000e+00
0.000000000000000000e+00
0.000000000000000000e+00
5.013499999999999623e-01
0.000000000000000000e+00
0.000000000000000000e+00
0.000000000000000000e+00
0.000000000000000000e+00
0.000000000000000000e+00
0.000000000000000000e+00
0.000000000000000000e+00
0.000000000000000000e+00
0.000000000000000000e+00
0.000000000000000000e+00
0.000000000000000000e+00
0.000000000000000000e+00
0.000000000000000000e+00
0.000000000000000000e+00
0.000000000000000000e+00
0.000000000000000000e+00
0.000000000000000000e+00
0.000000000000000000e+00
0.000000000000000000e+00
0.000000000000000000e+00
0.000000000000000000e+00
3.753199999999999870e-01
0.000000000000000000e+00
0.000000000000000000e+00
4.171400000000000108e-01
0.000000000000000000e+00
3.819899999999999962e-01
0.000000000000000000e+00
4.940899999999999737e-01
0.000000000000000000e+00
0.000000000000000000e+00
0.000000000000000000e+00
0.000000000000000000e+00
3.748500000000000165e-01
0.000000000000000000e+00
0.000000000000000000e+00
0.000000000000000000e+00
3.806200000000000139e-01
0.000000000000000000e+00
0.000000000000000000e+00
3.869900000000000007e-01
0.000000000000000000e+00
5.635099999999999554e-01
0.000000000000000000e+00
0.000000000000000000e+00
0.000000000000000000e+00
6.035099999999999909e-01
0.000000000000000000e+00
5.070999999999999952e-01
0.000000000000000000e+00
0.000000000000000000e+00
4.467300000000000160e-01
0.000000000000000000e+00
0.000000000000000000e+00
0.000000000000000000e+00
0.000000000000000000e+00
0.000000000000000000e+00
0.000000000000000000e+00
4.542300000000000226e-01
0.000000000000000000e+00
4.428300000000000014e-01
0.000000000000000000e+00
0.000000000000000000e+00
0.000000000000000000e+00
3.919000000000000261e-01
0.000000000000000000e+00
0.000000000000000000e+00
0.000000000000000000e+00
4.006000000000000116e-01
0.000000000000000000e+00
0.000000000000000000e+00
0.000000000000000000e+00
0.000000000000000000e+00
0.000000000000000000e+00
0.000000000000000000e+00
0.000000000000000000e+00
4.406200000000000117e-01
0.000000000000000000e+00
0.000000000000000000e+00
4.595099999999999740e-01
0.000000000000000000e+00
0.000000000000000000e+00
5.542099999999999804e-01
0.000000000000000000e+00
0.000000000000000000e+00
4.875300000000000189e-01
0.000000000000000000e+00
0.000000000000000000e+00
0.000000000000000000e+00
5.404200000000000115e-01
0.000000000000000000e+00
0.000000000000000000e+00
4.794999999999999818e-01
0.000000000000000000e+00
0.000000000000000000e+00
4.592399999999999816e-01
0.000000000000000000e+00
0.000000000000000000e+00
4.616399999999999948e-01
0.000000000000000000e+00
0.000000000000000000e+00
6.863399999999999501e-01
0.000000000000000000e+00
0.000000000000000000e+00
0.000000000000000000e+00
0.000000000000000000e+00
4.747500000000000053e-01
0.000000000000000000e+00
4.753899999999999793e-01
0.000000000000000000e+00
0.000000000000000000e+00
0.000000000000000000e+00
0.000000000000000000e+00
5.001100000000000545e-01
0.000000000000000000e+00
4.391200000000000103e-01
0.000000000000000000e+00
0.000000000000000000e+00
0.000000000000000000e+00
0.000000000000000000e+00
0.000000000000000000e+00
0.000000000000000000e+00
0.000000000000000000e+00
6.168400000000000549e-01
0.000000000000000000e+00
0.000000000000000000e+00
3.767499999999999738e-01
0.000000000000000000e+00
0.000000000000000000e+00
4.000199999999999867e-01
0.000000000000000000e+00
0.000000000000000000e+00
0.000000000000000000e+00
5.237199999999999633e-01
0.000000000000000000e+00
0.000000000000000000e+00
0.000000000000000000e+00
4.990899999999999781e-01
0.000000000000000000e+00
4.576500000000000012e-01
0.000000000000000000e+00
0.000000000000000000e+00
0.000000000000000000e+00
4.464799999999999880e-01
0.000000000000000000e+00
4.732899999999999885e-01
0.000000000000000000e+00
0.000000000000000000e+00
0.000000000000000000e+00
8.489799999999999569e-01
0.000000000000000000e+00
0.000000000000000000e+00
0.000000000000000000e+00
4.820599999999999885e-01
0.000000000000000000e+00
0.000000000000000000e+00
5.933899999999999730e-01
0.000000000000000000e+00
0.000000000000000000e+00
4.411599999999999966e-01
0.000000000000000000e+00
4.967799999999999994e-01
0.000000000000000000e+00
0.000000000000000000e+00
0.000000000000000000e+00
4.098200000000000176e-01
0.000000000000000000e+00
0.000000000000000000e+00
4.642100000000000115e-01
0.000000000000000000e+00
4.666100000000000247e-01
0.000000000000000000e+00
4.151299999999999990e-01
0.000000000000000000e+00
0.000000000000000000e+00
5.548999999999999488e-01
0.000000000000000000e+00
0.000000000000000000e+00
0.000000000000000000e+00
0.000000000000000000e+00
4.952199999999999935e-01
0.000000000000000000e+00
4.642800000000000260e-01
0.000000000000000000e+00
0.000000000000000000e+00
4.816500000000000226e-01
0.000000000000000000e+00
5.523000000000000131e-01
0.000000000000000000e+00
0.000000000000000000e+00
0.000000000000000000e+00
0.000000000000000000e+00
0.000000000000000000e+00
5.068000000000000282e-01
0.000000000000000000e+00
0.000000000000000000e+00
0.000000000000000000e+00
6.325499999999999456e-01
0.000000000000000000e+00
0.000000000000000000e+00
4.399000000000000132e-01
0.000000000000000000e+00
0.000000000000000000e+00
3.786399999999999766e-01
0.000000000000000000e+00
0.000000000000000000e+00
0.000000000000000000e+00
0.000000000000000000e+00
0.000000000000000000e+00
0.000000000000000000e+00
5.316100000000000270e-01
0.000000000000000000e+00
0.000000000000000000e+00
3.977100000000000080e-01
0.000000000000000000e+00
5.308000000000000496e-01
0.000000000000000000e+00
0.000000000000000000e+00
0.000000000000000000e+00
4.063899999999999735e-01
0.000000000000000000e+00
4.615400000000000058e-01
0.000000000000000000e+00
5.071799999999999642e-01
0.000000000000000000e+00
0.000000000000000000e+00
0.000000000000000000e+00
0.000000000000000000e+00
4.257799999999999918e-01
0.000000000000000000e+00
0.000000000000000000e+00
4.281599999999999850e-01
0.000000000000000000e+00
4.240900000000000225e-01
0.000000000000000000e+00
0.000000000000000000e+00
4.585699999999999776e-01
0.000000000000000000e+00
0.000000000000000000e+00
0.000000000000000000e+00
0.000000000000000000e+00
4.894899999999999807e-01
0.000000000000000000e+00
0.000000000000000000e+00
0.000000000000000000e+00
0.000000000000000000e+00
0.000000000000000000e+00
4.676400000000000001e-01
0.000000000000000000e+00
4.954799999999999760e-01
0.000000000000000000e+00
0.000000000000000000e+00
0.000000000000000000e+00
0.000000000000000000e+00
0.000000000000000000e+00
4.722899999999999876e-01
0.000000000000000000e+00
0.000000000000000000e+00
0.000000000000000000e+00
0.000000000000000000e+00
3.835299999999999820e-01
0.000000000000000000e+00
0.000000000000000000e+00
0.000000000000000000e+00
0.000000000000000000e+00
0.000000000000000000e+00
0.000000000000000000e+00
5.068700000000000427e-01
0.000000000000000000e+00
0.000000000000000000e+00
0.000000000000000000e+00
0.000000000000000000e+00
3.774600000000000177e-01
0.000000000000000000e+00
0.000000000000000000e+00
0.000000000000000000e+00
5.571099999999999941e-01
0.000000000000000000e+00
4.928699999999999748e-01
0.000000000000000000e+00
0.000000000000000000e+00
0.000000000000000000e+00
5.110599999999999588e-01
0.000000000000000000e+00
0.000000000000000000e+00
0.000000000000000000e+00
3.545900000000000163e-01
0.000000000000000000e+00
0.000000000000000000e+00
4.540500000000000091e-01
0.000000000000000000e+00
0.000000000000000000e+00
0.000000000000000000e+00
4.630199999999999871e-01
0.000000000000000000e+00
0.000000000000000000e+00
5.074100000000000277e-01
0.000000000000000000e+00
4.868199999999999750e-01
0.000000000000000000e+00
0.000000000000000000e+00
0.000000000000000000e+00
4.209600000000000009e-01
0.000000000000000000e+00
0.000000000000000000e+00
0.000000000000000000e+00
0.000000000000000000e+00
0.000000000000000000e+00
0.000000000000000000e+00
0.000000000000000000e+00
0.000000000000000000e+00
0.000000000000000000e+00
0.000000000000000000e+00
0.000000000000000000e+00
0.000000000000000000e+00
0.000000000000000000e+00
0.000000000000000000e+00
0.000000000000000000e+00
0.000000000000000000e+00
0.000000000000000000e+00
0.000000000000000000e+00
0.000000000000000000e+00
0.000000000000000000e+00
0.000000000000000000e+00
4.606100000000000194e-01
0.000000000000000000e+00
0.000000000000000000e+00
0.000000000000000000e+00
4.612899999999999778e-01
0.000000000000000000e+00
4.233799999999999786e-01
0.000000000000000000e+00
0.000000000000000000e+00
0.000000000000000000e+00
0.000000000000000000e+00
4.757299999999999862e-01
0.000000000000000000e+00
0.000000000000000000e+00
0.000000000000000000e+00
3.878599999999999826e-01
0.000000000000000000e+00
4.112299999999999844e-01
0.000000000000000000e+00
0.000000000000000000e+00
0.000000000000000000e+00
3.978700000000000014e-01
0.000000000000000000e+00
0.000000000000000000e+00
4.693100000000000049e-01
0.000000000000000000e+00
4.928799999999999848e-01
0.000000000000000000e+00
4.884399999999999853e-01
0.000000000000000000e+00
4.199100000000000055e-01
0.000000000000000000e+00
0.000000000000000000e+00
4.811400000000000121e-01
0.000000000000000000e+00
0.000000000000000000e+00
0.000000000000000000e+00
0.000000000000000000e+00
0.000000000000000000e+00
5.119899999999999451e-01
0.000000000000000000e+00
0.000000000000000000e+00
0.000000000000000000e+00
0.000000000000000000e+00
4.830300000000000149e-01
0.000000000000000000e+00
5.856999999999999984e-01
0.000000000000000000e+00
0.000000000000000000e+00
0.000000000000000000e+00
0.000000000000000000e+00
4.555100000000000260e-01
0.000000000000000000e+00
0.000000000000000000e+00
4.792500000000000093e-01
0.000000000000000000e+00
4.488800000000000012e-01
0.000000000000000000e+00
0.000000000000000000e+00
5.031299999999999661e-01
0.000000000000000000e+00
0.000000000000000000e+00
4.076099999999999723e-01
0.000000000000000000e+00
0.000000000000000000e+00
0.000000000000000000e+00
3.804699999999999749e-01
0.000000000000000000e+00
4.420899999999999830e-01
0.000000000000000000e+00
0.000000000000000000e+00
0.000000000000000000e+00
3.890199999999999769e-01
0.000000000000000000e+00
0.000000000000000000e+00
5.087099999999999955e-01
0.000000000000000000e+00
0.000000000000000000e+00
0.000000000000000000e+00
4.063700000000000090e-01
0.000000000000000000e+00
4.816400000000000126e-01
0.000000000000000000e+00
0.000000000000000000e+00
0.000000000000000000e+00
5.676600000000000534e-01
0.000000000000000000e+00
0.000000000000000000e+00
4.505199999999999760e-01
0.000000000000000000e+00
0.000000000000000000e+00
4.158800000000000274e-01
0.000000000000000000e+00
0.000000000000000000e+00
0.000000000000000000e+00
0.000000000000000000e+00
5.297800000000000287e-01
0.000000000000000000e+00
7.173199999999999577e-01
0.000000000000000000e+00
0.000000000000000000e+00
0.000000000000000000e+00
0.000000000000000000e+00
4.976900000000000213e-01
0.000000000000000000e+00
0.000000000000000000e+00
3.934699999999999864e-01
0.000000000000000000e+00
0.000000000000000000e+00
0.000000000000000000e+00
0.000000000000000000e+00
0.000000000000000000e+00
4.812199999999999811e-01
0.000000000000000000e+00
5.092799999999999550e-01
0.000000000000000000e+00
4.766799999999999926e-01
0.000000000000000000e+00
0.000000000000000000e+00
0.000000000000000000e+00
4.237400000000000055e-01
0.000000000000000000e+00
0.000000000000000000e+00
0.000000000000000000e+00
4.064300000000000135e-01
0.000000000000000000e+00
0.000000000000000000e+00
0.000000000000000000e+00
0.000000000000000000e+00
4.194499999999999895e-01
0.000000000000000000e+00
0.000000000000000000e+00
3.515099999999999891e-01
0.000000000000000000e+00
4.660299999999999998e-01
0.000000000000000000e+00
0.000000000000000000e+00
0.000000000000000000e+00
0.000000000000000000e+00
0.000000000000000000e+00
0.000000000000000000e+00
0.000000000000000000e+00
4.591000000000000081e-01
0.000000000000000000e+00
0.000000000000000000e+00
0.000000000000000000e+00
4.344199999999999728e-01
0.000000000000000000e+00
0.000000000000000000e+00
0.000000000000000000e+00
0.000000000000000000e+00
4.370600000000000041e-01
0.000000000000000000e+00
0.000000000000000000e+00
3.835200000000000276e-01
0.000000000000000000e+00
0.000000000000000000e+00
5.429300000000000237e-01
0.000000000000000000e+00
0.000000000000000000e+00
0.000000000000000000e+00
4.982500000000000262e-01
0.000000000000000000e+00
0.000000000000000000e+00
0.000000000000000000e+00
4.666100000000000247e-01
0.000000000000000000e+00
0.000000000000000000e+00
0.000000000000000000e+00
4.310599999999999987e-01
0.000000000000000000e+00
0.000000000000000000e+00
0.000000000000000000e+00
4.411599999999999966e-01
0.000000000000000000e+00
4.127899999999999903e-01
0.000000000000000000e+00
0.000000000000000000e+00
3.409800000000000053e-01
0.000000000000000000e+00
3.109600000000000142e-01
0.000000000000000000e+00
0.000000000000000000e+00
0.000000000000000000e+00
3.534300000000000219e-01
0.000000000000000000e+00
0.000000000000000000e+00
0.000000000000000000e+00
0.000000000000000000e+00
5.805500000000000105e-01
0.000000000000000000e+00
0.000000000000000000e+00
0.000000000000000000e+00
3.935400000000000009e-01
0.000000000000000000e+00
0.000000000000000000e+00
0.000000000000000000e+00
0.000000000000000000e+00
7.124300000000000077e-01
0.000000000000000000e+00
0.000000000000000000e+00
5.417800000000000393e-01
0.000000000000000000e+00
4.904399999999999871e-01
0.000000000000000000e+00
5.128800000000000026e-01
0.000000000000000000e+00
4.432300000000000129e-01
0.000000000000000000e+00
0.000000000000000000e+00
4.976400000000000268e-01
0.000000000000000000e+00
0.000000000000000000e+00
0.000000000000000000e+00
0.000000000000000000e+00
0.000000000000000000e+00
0.000000000000000000e+00
0.000000000000000000e+00
3.975199999999999845e-01
0.000000000000000000e+00
0.000000000000000000e+00
3.735600000000000032e-01
0.000000000000000000e+00
0.000000000000000000e+00
0.000000000000000000e+00
4.747600000000000153e-01
0.000000000000000000e+00
0.000000000000000000e+00
0.000000000000000000e+00
4.577999999999999847e-01
0.000000000000000000e+00
0.000000000000000000e+00
5.301099999999999701e-01
0.000000000000000000e+00
0.000000000000000000e+00
0.000000000000000000e+00
0.000000000000000000e+00
4.585600000000000231e-01
0.000000000000000000e+00
5.056800000000000184e-01
0.000000000000000000e+00
0.000000000000000000e+00
0.000000000000000000e+00
4.526000000000000023e-01
0.000000000000000000e+00
0.000000000000000000e+00
0.000000000000000000e+00
0.000000000000000000e+00
5.829699999999999882e-01
0.000000000000000000e+00
9.214900000000000313e-01
0.000000000000000000e+00
4.081199999999999828e-01
0.000000000000000000e+00
0.000000000000000000e+00
0.000000000000000000e+00
6.381000000000000005e-01
0.000000000000000000e+00
4.563099999999999934e-01
0.000000000000000000e+00
0.000000000000000000e+00
0.000000000000000000e+00
0.000000000000000000e+00
4.560199999999999809e-01
0.000000000000000000e+00
0.000000000000000000e+00
5.204999999999999627e-01
0.000000000000000000e+00
0.000000000000000000e+00
0.000000000000000000e+00
0.000000000000000000e+00
4.507499999999999840e-01
0.000000000000000000e+00
0.000000000000000000e+00
0.000000000000000000e+00
0.000000000000000000e+00
4.871800000000000019e-01
0.000000000000000000e+00
5.721699999999999564e-01
0.000000000000000000e+00
0.000000000000000000e+00
0.000000000000000000e+00
0.000000000000000000e+00
0.000000000000000000e+00
0.000000000000000000e+00
0.000000000000000000e+00
0.000000000000000000e+00
0.000000000000000000e+00
0.000000000000000000e+00
0.000000000000000000e+00
0.000000000000000000e+00
0.000000000000000000e+00
0.000000000000000000e+00
0.000000000000000000e+00
0.000000000000000000e+00
0.000000000000000000e+00
0.000000000000000000e+00
0.000000000000000000e+00
0.000000000000000000e+00
0.000000000000000000e+00
0.000000000000000000e+00
0.000000000000000000e+00
3.887599999999999945e-01
0.000000000000000000e+00
0.000000000000000000e+00
0.000000000000000000e+00
0.000000000000000000e+00
3.885700000000000265e-01
0.000000000000000000e+00
0.000000000000000000e+00
0.000000000000000000e+00
4.424500000000000099e-01
0.000000000000000000e+00
4.837600000000000233e-01
0.000000000000000000e+00
0.000000000000000000e+00
4.321499999999999786e-01
0.000000000000000000e+00
0.000000000000000000e+00
0.000000000000000000e+00
3.668299999999999894e-01
0.000000000000000000e+00
0.000000000000000000e+00
4.116199999999999859e-01
0.000000000000000000e+00
0.000000000000000000e+00
0.000000000000000000e+00
0.000000000000000000e+00
4.668800000000000172e-01
0.000000000000000000e+00
0.000000000000000000e+00
4.913500000000000090e-01
0.000000000000000000e+00
0.000000000000000000e+00
4.395899999999999808e-01
0.000000000000000000e+00
0.000000000000000000e+00
0.000000000000000000e+00
4.070900000000000074e-01
0.000000000000000000e+00
4.461200000000000165e-01
0.000000000000000000e+00
0.000000000000000000e+00
5.807200000000000140e-01
0.000000000000000000e+00
5.139399999999999524e-01
0.000000000000000000e+00
0.000000000000000000e+00
0.000000000000000000e+00
0.000000000000000000e+00
4.240200000000000080e-01
0.000000000000000000e+00
0.000000000000000000e+00
0.000000000000000000e+00
4.994799999999999796e-01
0.000000000000000000e+00
4.048999999999999821e-01
0.000000000000000000e+00
4.884299999999999753e-01
0.000000000000000000e+00
0.000000000000000000e+00
0.000000000000000000e+00
5.092299999999999605e-01
0.000000000000000000e+00
0.000000000000000000e+00
4.305800000000000183e-01
0.000000000000000000e+00
0.000000000000000000e+00
0.000000000000000000e+00
0.000000000000000000e+00
4.458799999999999986e-01
0.000000000000000000e+00
0.000000000000000000e+00
5.406499999999999639e-01
0.000000000000000000e+00
0.000000000000000000e+00
0.000000000000000000e+00
5.725999999999999979e-01
0.000000000000000000e+00
0.000000000000000000e+00
0.000000000000000000e+00
4.993199999999999861e-01
0.000000000000000000e+00
0.000000000000000000e+00
0.000000000000000000e+00
5.375299999999999523e-01
0.000000000000000000e+00
5.034899999999999931e-01
0.000000000000000000e+00
4.824899999999999745e-01
0.000000000000000000e+00
0.000000000000000000e+00
4.447099999999999942e-01
0.000000000000000000e+00
0.000000000000000000e+00
4.179499999999999882e-01
0.000000000000000000e+00
0.000000000000000000e+00
4.689999999999999725e-01
0.000000000000000000e+00
5.839699999999999891e-01
0.000000000000000000e+00
0.000000000000000000e+00
0.000000000000000000e+00
0.000000000000000000e+00
0.000000000000000000e+00
4.782100000000000239e-01
0.000000000000000000e+00
4.385499999999999954e-01
0.000000000000000000e+00
0.000000000000000000e+00
0.000000000000000000e+00
4.572200000000000153e-01
0.000000000000000000e+00
0.000000000000000000e+00
6.648399999999999865e-01
0.000000000000000000e+00
0.000000000000000000e+00
0.000000000000000000e+00
4.248000000000000109e-01
0.000000000000000000e+00
0.000000000000000000e+00
0.000000000000000000e+00
0.000000000000000000e+00
4.280100000000000016e-01
0.000000000000000000e+00
0.000000000000000000e+00
0.000000000000000000e+00
5.029400000000000537e-01
0.000000000000000000e+00
0.000000000000000000e+00
4.423599999999999755e-01
0.000000000000000000e+00
0.000000000000000000e+00
5.020099999999999563e-01
0.000000000000000000e+00
0.000000000000000000e+00
0.000000000000000000e+00
5.277199999999999669e-01
0.000000000000000000e+00
0.000000000000000000e+00
0.000000000000000000e+00
4.361200000000000077e-01
0.000000000000000000e+00
0.000000000000000000e+00
4.431100000000000039e-01
0.000000000000000000e+00
0.000000000000000000e+00
0.000000000000000000e+00
4.531399999999999872e-01
0.000000000000000000e+00
0.000000000000000000e+00
0.000000000000000000e+00
3.858800000000000008e-01
0.000000000000000000e+00
0.000000000000000000e+00
0.000000000000000000e+00
4.180200000000000027e-01
0.000000000000000000e+00
0.000000000000000000e+00
0.000000000000000000e+00
0.000000000000000000e+00
0.000000000000000000e+00
0.000000000000000000e+00
4.562999999999999834e-01
0.000000000000000000e+00
0.000000000000000000e+00
5.397399999999999975e-01
0.000000000000000000e+00
0.000000000000000000e+00
0.000000000000000000e+00
4.754099999999999993e-01
0.000000000000000000e+00
0.000000000000000000e+00
0.000000000000000000e+00
0.000000000000000000e+00
0.000000000000000000e+00
0.000000000000000000e+00
0.000000000000000000e+00
4.953199999999999825e-01
0.000000000000000000e+00
0.000000000000000000e+00
4.225999999999999757e-01
0.000000000000000000e+00
5.338399999999999812e-01
0.000000000000000000e+00
0.000000000000000000e+00
0.000000000000000000e+00
4.172500000000000098e-01
0.000000000000000000e+00
0.000000000000000000e+00
3.876200000000000201e-01
0.000000000000000000e+00
4.902400000000000091e-01
0.000000000000000000e+00
0.000000000000000000e+00
0.000000000000000000e+00
4.688800000000000190e-01
0.000000000000000000e+00
0.000000000000000000e+00
0.000000000000000000e+00
0.000000000000000000e+00
4.989399999999999946e-01
0.000000000000000000e+00
0.000000000000000000e+00
0.000000000000000000e+00
6.563099999999999490e-01
0.000000000000000000e+00
5.407899999999999929e-01
0.000000000000000000e+00
4.694699999999999984e-01
0.000000000000000000e+00
0.000000000000000000e+00
0.000000000000000000e+00
5.774799999999999933e-01
0.000000000000000000e+00
0.000000000000000000e+00
0.000000000000000000e+00
0.000000000000000000e+00
0.000000000000000000e+00
0.000000000000000000e+00
9.436799999999999633e-01
0.000000000000000000e+00
8.273200000000000554e-01
0.000000000000000000e+00
0.000000000000000000e+00
0.000000000000000000e+00
0.000000000000000000e+00
4.230700000000000016e-01
0.000000000000000000e+00
0.000000000000000000e+00
0.000000000000000000e+00
0.000000000000000000e+00
4.027999999999999914e-01
0.000000000000000000e+00
3.819799999999999862e-01
0.000000000000000000e+00
3.882200000000000095e-01
0.000000000000000000e+00
0.000000000000000000e+00
5.464499999999999913e-01
0.000000000000000000e+00
0.000000000000000000e+00
4.137899999999999912e-01
0.000000000000000000e+00
0.000000000000000000e+00
4.719900000000000206e-01
0.000000000000000000e+00
0.000000000000000000e+00
5.954399999999999693e-01
0.000000000000000000e+00
7.669500000000000206e-01
0.000000000000000000e+00
0.000000000000000000e+00
0.000000000000000000e+00
5.949200000000000044e-01
0.000000000000000000e+00
0.000000000000000000e+00
0.000000000000000000e+00
4.245200000000000085e-01
0.000000000000000000e+00
0.000000000000000000e+00
5.496400000000000174e-01
0.000000000000000000e+00
0.000000000000000000e+00
0.000000000000000000e+00
0.000000000000000000e+00
5.847900000000000320e-01
0.000000000000000000e+00
0.000000000000000000e+00
0.000000000000000000e+00
9.413500000000000201e-01
0.000000000000000000e+00
0.000000000000000000e+00
0.000000000000000000e+00
0.000000000000000000e+00
4.605600000000000249e-01
0.000000000000000000e+00
4.508900000000000130e-01
0.000000000000000000e+00
0.000000000000000000e+00
0.000000000000000000e+00
0.000000000000000000e+00
0.000000000000000000e+00
4.954700000000000215e-01
0.000000000000000000e+00
0.000000000000000000e+00
0.000000000000000000e+00
0.000000000000000000e+00
0.000000000000000000e+00
0.000000000000000000e+00
0.000000000000000000e+00
0.000000000000000000e+00
0.000000000000000000e+00
0.000000000000000000e+00
0.000000000000000000e+00
0.000000000000000000e+00
0.000000000000000000e+00
0.000000000000000000e+00
0.000000000000000000e+00
0.000000000000000000e+00
0.000000000000000000e+00
0.000000000000000000e+00
0.000000000000000000e+00
0.000000000000000000e+00
0.000000000000000000e+00
0.000000000000000000e+00
0.000000000000000000e+00
4.289499999999999980e-01
0.000000000000000000e+00
0.000000000000000000e+00
4.800300000000000122e-01
0.000000000000000000e+00
4.585899999999999976e-01
0.000000000000000000e+00
0.000000000000000000e+00
0.000000000000000000e+00
4.961400000000000254e-01
0.000000000000000000e+00
0.000000000000000000e+00
5.590500000000000469e-01
0.000000000000000000e+00
0.000000000000000000e+00
4.880800000000000138e-01
0.000000000000000000e+00
0.000000000000000000e+00
0.000000000000000000e+00
0.000000000000000000e+00
0.000000000000000000e+00
4.887900000000000023e-01
0.000000000000000000e+00
4.561999999999999944e-01
0.000000000000000000e+00
3.415000000000000258e-01
0.000000000000000000e+00
0.000000000000000000e+00
0.000000000000000000e+00
0.000000000000000000e+00
4.263100000000000223e-01
0.000000000000000000e+00
0.000000000000000000e+00
0.000000000000000000e+00
4.431200000000000139e-01
0.000000000000000000e+00
0.000000000000000000e+00
0.000000000000000000e+00
4.230499999999999816e-01
0.000000000000000000e+00
0.000000000000000000e+00
0.000000000000000000e+00
0.000000000000000000e+00
0.000000000000000000e+00
4.231400000000000161e-01
0.000000000000000000e+00
0.000000000000000000e+00
0.000000000000000000e+00
0.000000000000000000e+00
0.000000000000000000e+00
0.000000000000000000e+00
0.000000000000000000e+00
4.274600000000000066e-01
0.000000000000000000e+00
0.000000000000000000e+00
0.000000000000000000e+00
5.522200000000000442e-01
0.000000000000000000e+00
0.000000000000000000e+00
4.610000000000000209e-01
0.000000000000000000e+00
0.000000000000000000e+00
0.000000000000000000e+00
4.859399999999999831e-01
0.000000000000000000e+00
0.000000000000000000e+00
0.000000000000000000e+00
0.000000000000000000e+00
0.000000000000000000e+00
0.000000000000000000e+00
4.344899999999999873e-01
0.000000000000000000e+00
0.000000000000000000e+00
0.000000000000000000e+00
4.945300000000000251e-01
0.000000000000000000e+00
0.000000000000000000e+00
5.561899999999999622e-01
0.000000000000000000e+00
0.000000000000000000e+00
4.079300000000000148e-01
0.000000000000000000e+00
0.000000000000000000e+00
4.779100000000000015e-01
0.000000000000000000e+00
0.000000000000000000e+00
0.000000000000000000e+00
5.412700000000000289e-01
0.000000000000000000e+00
0.000000000000000000e+00
0.000000000000000000e+00
4.504799999999999915e-01
0.000000000000000000e+00
5.040099999999999580e-01
0.000000000000000000e+00
0.000000000000000000e+00
4.572999999999999843e-01
0.000000000000000000e+00
5.062600000000000433e-01
0.000000000000000000e+00
4.659499999999999753e-01
0.000000000000000000e+00
0.000000000000000000e+00
4.007100000000000106e-01
0.000000000000000000e+00
0.000000000000000000e+00
0.000000000000000000e+00
4.346400000000000263e-01
0.000000000000000000e+00
4.688999999999999835e-01
0.000000000000000000e+00
0.000000000000000000e+00
6.020299999999999541e-01
0.000000000000000000e+00
0.000000000000000000e+00
8.498599999999999488e-01
0.000000000000000000e+00
5.139799999999999924e-01
0.000000000000000000e+00
0.000000000000000000e+00
4.056799999999999851e-01
0.000000000000000000e+00
4.532200000000000117e-01
0.000000000000000000e+00
0.000000000000000000e+00
4.593900000000000206e-01
0.000000000000000000e+00
0.000000000000000000e+00
0.000000000000000000e+00
4.372900000000000120e-01
0.000000000000000000e+00
0.000000000000000000e+00
0.000000000000000000e+00
0.000000000000000000e+00
3.961500000000000021e-01
0.000000000000000000e+00
0.000000000000000000e+00
0.000000000000000000e+00
4.835999999999999743e-01
0.000000000000000000e+00
0.000000000000000000e+00
0.000000000000000000e+00
5.148399999999999643e-01
0.000000000000000000e+00
0.000000000000000000e+00
4.947400000000000131e-01
0.000000000000000000e+00
0.000000000000000000e+00
0.000000000000000000e+00
5.036800000000000166e-01
0.000000000000000000e+00
0.000000000000000000e+00
0.000000000000000000e+00
0.000000000000000000e+00
5.036100000000000021e-01
0.000000000000000000e+00
0.000000000000000000e+00
0.000000000000000000e+00
0.000000000000000000e+00
7.001500000000000501e-01
0.000000000000000000e+00
0.000000000000000000e+00
0.000000000000000000e+00
5.680100000000000149e-01
0.000000000000000000e+00
0.000000000000000000e+00
0.000000000000000000e+00
8.080300000000000260e-01
0.000000000000000000e+00
0.000000000000000000e+00
0.000000000000000000e+00
0.000000000000000000e+00
0.000000000000000000e+00
6.307599999999999874e-01
0.000000000000000000e+00
4.833200000000000274e-01
0.000000000000000000e+00
0.000000000000000000e+00
0.000000000000000000e+00
4.545899999999999941e-01
0.000000000000000000e+00
0.000000000000000000e+00
0.000000000000000000e+00
0.000000000000000000e+00
4.236900000000000110e-01
0.000000000000000000e+00
4.873199999999999754e-01
0.000000000000000000e+00
0.000000000000000000e+00
5.475400000000000267e-01
0.000000000000000000e+00
0.000000000000000000e+00
0.000000000000000000e+00
0.000000000000000000e+00
4.449799999999999867e-01
0.000000000000000000e+00
0.000000000000000000e+00
0.000000000000000000e+00
0.000000000000000000e+00
0.000000000000000000e+00
5.155999999999999472e-01
0.000000000000000000e+00
5.517999999999999572e-01
0.000000000000000000e+00
0.000000000000000000e+00
8.280499999999999527e-01
0.000000000000000000e+00
0.000000000000000000e+00
0.000000000000000000e+00
4.252400000000000069e-01
0.000000000000000000e+00
5.010400000000000409e-01
0.000000000000000000e+00
0.000000000000000000e+00
5.504599999999999493e-01
0.000000000000000000e+00
0.000000000000000000e+00
0.000000000000000000e+00
6.686199999999999921e-01
0.000000000000000000e+00
0.000000000000000000e+00
0.000000000000000000e+00
0.000000000000000000e+00
0.000000000000000000e+00
0.000000000000000000e+00
5.037500000000000311e-01
0.000000000000000000e+00
0.000000000000000000e+00
0.000000000000000000e+00
0.000000000000000000e+00
0.000000000000000000e+00
8.735100000000000087e-01
0.000000000000000000e+00
5.141099999999999559e-01
0.000000000000000000e+00
0.000000000000000000e+00
6.808699999999999752e-01
0.000000000000000000e+00
0.000000000000000000e+00
0.000000000000000000e+00
0.000000000000000000e+00
6.842799999999999994e-01
0.000000000000000000e+00
0.000000000000000000e+00
6.074600000000000000e-01
0.000000000000000000e+00
0.000000000000000000e+00
0.000000000000000000e+00
5.954500000000000348e-01
0.000000000000000000e+00
5.058000000000000274e-01
0.000000000000000000e+00
0.000000000000000000e+00
0.000000000000000000e+00
7.096900000000000430e-01
0.000000000000000000e+00
0.000000000000000000e+00
0.000000000000000000e+00
4.527300000000000213e-01
0.000000000000000000e+00
0.000000000000000000e+00
5.746400000000000396e-01
0.000000000000000000e+00
0.000000000000000000e+00
4.973500000000000143e-01
0.000000000000000000e+00
0.000000000000000000e+00
7.144599999999999840e-01
0.000000000000000000e+00
4.779800000000000160e-01
0.000000000000000000e+00
4.198700000000000210e-01
0.000000000000000000e+00
0.000000000000000000e+00
0.000000000000000000e+00
0.000000000000000000e+00
0.000000000000000000e+00
3.988999999999999768e-01
0.000000000000000000e+00
0.000000000000000000e+00
6.126800000000000024e-01
0.000000000000000000e+00
0.000000000000000000e+00
0.000000000000000000e+00
7.473899999999999988e-01
0.000000000000000000e+00
0.000000000000000000e+00
6.596899999999999986e-01
0.000000000000000000e+00
0.000000000000000000e+00
0.000000000000000000e+00
0.000000000000000000e+00
0.000000000000000000e+00
0.000000000000000000e+00
0.000000000000000000e+00
0.000000000000000000e+00
0.000000000000000000e+00
0.000000000000000000e+00
0.000000000000000000e+00
0.000000000000000000e+00
0.000000000000000000e+00
0.000000000000000000e+00
0.000000000000000000e+00
0.000000000000000000e+00
0.000000000000000000e+00
0.000000000000000000e+00
0.000000000000000000e+00
0.000000000000000000e+00
0.000000000000000000e+00
0.000000000000000000e+00
0.000000000000000000e+00
0.000000000000000000e+00
3.924099999999999810e-01
0.000000000000000000e+00
4.620900000000000007e-01
0.000000000000000000e+00
0.000000000000000000e+00
0.000000000000000000e+00
3.950099999999999723e-01
0.000000000000000000e+00
4.226300000000000057e-01
0.000000000000000000e+00
0.000000000000000000e+00
4.317699999999999871e-01
0.000000000000000000e+00
0.000000000000000000e+00
0.000000000000000000e+00
5.004800000000000360e-01
0.000000000000000000e+00
0.000000000000000000e+00
0.000000000000000000e+00
3.875600000000000156e-01
0.000000000000000000e+00
0.000000000000000000e+00
0.000000000000000000e+00
0.000000000000000000e+00
0.000000000000000000e+00
0.000000000000000000e+00
4.710400000000000142e-01
0.000000000000000000e+00
0.000000000000000000e+00
0.000000000000000000e+00
0.000000000000000000e+00
3.427600000000000091e-01
0.000000000000000000e+00
0.000000000000000000e+00
0.000000000000000000e+00
4.264499999999999957e-01
0.000000000000000000e+00
0.000000000000000000e+00
5.137000000000000455e-01
0.000000000000000000e+00
0.000000000000000000e+00
0.000000000000000000e+00
6.097799999999999887e-01
0.000000000000000000e+00
0.000000000000000000e+00
0.000000000000000000e+00
4.389700000000000268e-01
0.000000000000000000e+00
0.000000000000000000e+00
4.707799999999999763e-01
0.000000000000000000e+00
0.000000000000000000e+00
4.484699999999999798e-01
0.000000000000000000e+00
0.000000000000000000e+00
5.044999999999999485e-01
0.000000000000000000e+00
0.000000000000000000e+00
0.000000000000000000e+00
3.914699999999999847e-01
0.000000000000000000e+00
0.000000000000000000e+00
4.588200000000000056e-01
0.000000000000000000e+00
0.000000000000000000e+00
4.996399999999999730e-01
0.000000000000000000e+00
0.000000000000000000e+00
0.000000000000000000e+00
6.710199999999999498e-01
0.000000000000000000e+00
0.000000000000000000e+00
4.059400000000000230e-01
0.000000000000000000e+00
4.284399999999999875e-01
0.000000000000000000e+00
4.961300000000000154e-01
0.000000000000000000e+00
0.000000000000000000e+00
0.000000000000000000e+00
0.000000000000000000e+00
5.518499999999999517e-01
0.000000000000000000e+00
0.000000000000000000e+00
0.000000000000000000e+00
6.285600000000000076e-01
0.000000000000000000e+00
0.000000000000000000e+00
0.000000000000000000e+00
0.000000000000000000e+00
4.010199999999999876e-01
0.000000000000000000e+00
0.000000000000000000e+00
0.000000000000000000e+00
4.104999999999999760e-01
0.000000000000000000e+00
0.000000000000000000e+00
4.858399999999999941e-01
0.000000000000000000e+00
0.000000000000000000e+00
0.000000000000000000e+00
5.188500000000000334e-01
0.000000000000000000e+00
0.000000000000000000e+00
3.796999999999999820e-01
0.000000000000000000e+00
0.000000000000000000e+00
4.260900000000000243e-01
0.000000000000000000e+00
0.000000000000000000e+00
8.837500000000000355e-01
0.000000000000000000e+00
0.000000000000000000e+00
4.775900000000000145e-01
0.000000000000000000e+00
0.000000000000000000e+00
4.108600000000000030e-01
0.000000000000000000e+00
0.000000000000000000e+00
4.886099999999999888e-01
0.000000000000000000e+00
0.000000000000000000e+00
0.000000000000000000e+00
6.346100000000000074e-01
0.000000000000000000e+00
0.000000000000000000e+00
0.000000000000000000e+00
0.000000000000000000e+00
4.626000000000000112e-01
0.000000000000000000e+00
0.000000000000000000e+00
0.000000000000000000e+00
4.865599999999999925e-01
0.000000000000000000e+00
0.000000000000000000e+00
0.000000000000000000e+00
0.000000000000000000e+00
0.000000000000000000e+00
5.294900000000000162e-01
0.000000000000000000e+00
4.709699999999999998e-01
0.000000000000000000e+00
0.000000000000000000e+00
6.572900000000000409e-01
0.000000000000000000e+00
5.623299999999999965e-01
0.000000000000000000e+00
0.000000000000000000e+00
0.000000000000000000e+00
4.544000000000000261e-01
0.000000000000000000e+00
0.000000000000000000e+00
0.000000000000000000e+00
6.065000000000000391e-01
0.000000000000000000e+00
0.000000000000000000e+00
0.000000000000000000e+00
4.424500000000000099e-01
0.000000000000000000e+00
5.264900000000000135e-01
0.000000000000000000e+00
0.000000000000000000e+00
0.000000000000000000e+00
5.761399999999999855e-01
0.000000000000000000e+00
0.000000000000000000e+00
4.880700000000000038e-01
0.000000000000000000e+00
0.000000000000000000e+00
0.000000000000000000e+00
5.499600000000000044e-01
0.000000000000000000e+00
0.000000000000000000e+00
0.000000000000000000e+00
5.811100000000000154e-01
0.000000000000000000e+00
5.775599999999999623e-01
0.000000000000000000e+00
0.000000000000000000e+00
0.000000000000000000e+00
8.817599999999999882e-01
0.000000000000000000e+00
0.000000000000000000e+00
0.000000000000000000e+00
4.214399999999999813e-01
0.000000000000000000e+00
0.000000000000000000e+00
6.653400000000000425e-01
0.000000000000000000e+00
0.000000000000000000e+00
0.000000000000000000e+00
7.328599999999999559e-01
0.000000000000000000e+00
0.000000000000000000e+00
5.251700000000000257e-01
0.000000000000000000e+00
4.525199999999999778e-01
0.000000000000000000e+00
4.946800000000000086e-01
0.000000000000000000e+00
0.000000000000000000e+00
0.000000000000000000e+00
0.000000000000000000e+00
6.015099999999999891e-01
0.000000000000000000e+00
0.000000000000000000e+00
4.837299999999999933e-01
0.000000000000000000e+00
0.000000000000000000e+00
5.931899999999999951e-01
0.000000000000000000e+00
5.317100000000000160e-01
0.000000000000000000e+00
0.000000000000000000e+00
0.000000000000000000e+00
0.000000000000000000e+00
6.210299999999999709e-01
0.000000000000000000e+00
0.000000000000000000e+00
6.225100000000000078e-01
0.000000000000000000e+00
0.000000000000000000e+00
0.000000000000000000e+00
0.000000000000000000e+00
7.070999999999999508e-01
0.000000000000000000e+00
0.000000000000000000e+00
0.000000000000000000e+00
0.000000000000000000e+00
4.759900000000000242e-01
0.000000000000000000e+00
0.000000000000000000e+00
0.000000000000000000e+00
4.408400000000000096e-01
0.000000000000000000e+00
0.000000000000000000e+00
5.839999999999999636e-01
0.000000000000000000e+00
0.000000000000000000e+00
0.000000000000000000e+00
5.807999999999999829e-01
0.000000000000000000e+00
0.000000000000000000e+00
6.742899999999999450e-01
0.000000000000000000e+00
0.000000000000000000e+00
6.885799999999999699e-01
0.000000000000000000e+00
0.000000000000000000e+00
4.538300000000000112e-01
0.000000000000000000e+00
0.000000000000000000e+00
0.000000000000000000e+00
0.000000000000000000e+00
4.914600000000000080e-01
0.000000000000000000e+00
0.000000000000000000e+00
0.000000000000000000e+00
4.505100000000000215e-01
0.000000000000000000e+00
0.000000000000000000e+00
5.627999999999999670e-01
0.000000000000000000e+00
4.422599999999999865e-01
0.000000000000000000e+00
4.308100000000000263e-01
0.000000000000000000e+00
5.458899999999999864e-01
0.000000000000000000e+00
0.000000000000000000e+00
0.000000000000000000e+00
5.200799999999999867e-01
0.000000000000000000e+00
0.000000000000000000e+00
0.000000000000000000e+00
5.789600000000000302e-01
0.000000000000000000e+00
0.000000000000000000e+00
0.000000000000000000e+00
0.000000000000000000e+00
0.000000000000000000e+00
0.000000000000000000e+00
0.000000000000000000e+00
0.000000000000000000e+00
0.000000000000000000e+00
0.000000000000000000e+00
0.000000000000000000e+00
0.000000000000000000e+00
