0.000000000000000000e+00
0.000000000000000000e+00
0.000000000000000000e+00
0.000000000000000000e+00
0.000000000000000000e+00
0.000000000000000000e+00
0.000000000000000000e+00
0.000000000000000000e+00
0.000000000000000000e+00
0.000000000000000000e+00
6.312200000000000033e-01
0.000000000000000000e+00
0.000000000000000000e+00
7.374000000000000554e-01
0.000000000000000000e+00
0.000000000000000000e+00
0.000000000000000000e+00
7.430999999999999828e-01
0.000000000000000000e+00
5.939400000000000235e-01
0.000000000000000000e+00
0.000000000000000000e+00
0.000000000000000000e+00
4.040400000000000102e-01
0.000000000000000000e+00
6.021300000000000541e-01
0.000000000000000000e+00
0.000000000000000000e+00
4.841199999999999948e-01
0.000000000000000000e+00
4.885399999999999743e-01
0.000000000000000000e+00
0.000000000000000000e+00
0.000000000000000000e+00
5.340000000000000302e-01
0.000000000000000000e+00
0.000000000000000000e+00
0.000000000000000000e+00
1.460520000000000040e+00
0.000000000000000000e+00
0.000000000000000000e+00
0.000000000000000000e+00
5.640699999999999603e-01
0.000000000000000000e+00
0.000000000000000000e+00
1.038119999999999932e+00
0.000000000000000000e+00
5.843300000000000161e-01
0.000000000000000000e+00
0.000000000000000000e+00
5.563700000000000312e-01
0.000000000000000000e+00
0.000000000000000000e+00
5.074800000000000422e-01
0.000000000000000000e+00
0.000000000000000000e+00
0.000000000000000000e+00
0.000000000000000000e+00
0.000000000000000000e+00
7.301900000000000057e-01
0.000000000000000000e+00
0.000000000000000000e+00
7.728300000000000169e-01
0.000000000000000000e+00
0.000000000000000000e+00
0.000000000000000000e+00
0.000000000000000000e+00
0.000000000000000000e+00
0.000000000000000000e+00
6.583099999999999508e-01
0.000000000000000000e+00
0.000000000000000000e+00
7.773799999999999599e-01
0.000000000000000000e+00
0.000000000000000000e+00
7.381600000000000383e-01
0.000000000000000000e+00
0.000000000000000000e+00
0.000000000000000000e+00
4.516100000000000114e-01
0.000000000000000000e+00
5.351099999999999746e-01
0.000000000000000000e+00
0.000000000000000000e+00
1.571059999999999901e+00
0.000000000000000000e+00
0.000000000000000000e+00
0.000000000000000000e+00
7.616100000000000092e-01
0.000000000000000000e+00
0.000000000000000000e+00
0.000000000000000000e+00
6.791300000000000114e-01
0.000000000000000000e+00
0.000000000000000000e+00
5.532599999999999740e-01
0.000000000000000000e+00
0.000000000000000000e+00
1.697289999999999965e+00
0.000000000000000000e+00
0.000000000000000000e+00
0.000000000000000000e+00
7.967800000000000438e-01
0.000000000000000000e+00
0.000000000000000000e+00
0.000000000000000000e+00
0.000000000000000000e+00
0.000000000000000000e+00
0.000000000000000000e+00
0.000000000000000000e+00
5.915099999999999802e-01
0.000000000000000000e+00
6.170400000000000329e-01
0.000000000000000000e+00
6.401000000000000023e-01
0.000000000000000000e+00
5.942399999999999904e-01
0.000000000000000000e+00
0.000000000000000000e+00
7.346000000000000307e-01
0.000000000000000000e+00
0.000000000000000000e+00
6.291700000000000070e-01
0.000000000000000000e+00
0.000000000000000000e+00
0.000000000000000000e+00
0.000000000000000000e+00
0.000000000000000000e+00
5.702700000000000546e-01
0.000000000000000000e+00
0.000000000000000000e+00
1.184420000000000028e+00
0.000000000000000000e+00
1.921410000000000062e+00
0.000000000000000000e+00
5.286100000000000243e-01
0.000000000000000000e+00
0.000000000000000000e+00
0.000000000000000000e+00
0.000000000000000000e+00
5.396800000000000486e-01
0.000000000000000000e+00
0.000000000000000000e+00
5.705900000000000416e-01
0.000000000000000000e+00
0.000000000000000000e+00
0.000000000000000000e+00
0.000000000000000000e+00
5.420300000000000118e-01
0.000000000000000000e+00
0.000000000000000000e+00
5.354100000000000525e-01
0.000000000000000000e+00
0.000000000000000000e+00
8.759599999999999609e-01
0.000000000000000000e+00
1.193109999999999893e+00
0.000000000000000000e+00
0.000000000000000000e+00
0.000000000000000000e+00
1.711899999999999977e+00
0.000000000000000000e+00
0.000000000000000000e+00
0.000000000000000000e+00
7.422600000000000309e-01
0.000000000000000000e+00
0.000000000000000000e+00
8.172300000000000120e-01
0.000000000000000000e+00
6.445400000000000018e-01
0.000000000000000000e+00
0.000000000000000000e+00
0.000000000000000000e+00
1.367070000000000007e+00
0.000000000000000000e+00
0.000000000000000000e+00
0.000000000000000000e+00
7.077099999999999502e-01
0.000000000000000000e+00
0.000000000000000000e+00
9.649699999999999944e-01
0.000000000000000000e+00
0.000000000000000000e+00
0.000000000000000000e+00
1.929589999999999916e+00
0.000000000000000000e+00
1.024350000000000094e+00
0.000000000000000000e+00
0.000000000000000000e+00
6.673700000000000188e-01
0.000000000000000000e+00
1.017490000000000006e+00
0.000000000000000000e+00
0.000000000000000000e+00
7.878699999999999593e-01
0.000000000000000000e+00
0.000000000000000000e+00
5.545299999999999674e-01
0.000000000000000000e+00
1.254799999999999915e+00
0.000000000000000000e+00
6.731700000000000461e-01
0.000000000000000000e+00
0.000000000000000000e+00
8.000800000000000134e-01
0.000000000000000000e+00
0.000000000000000000e+00
0.000000000000000000e+00
5.440500000000000336e-01
0.000000000000000000e+00
0.000000000000000000e+00
1.174639999999999906e+00
0.000000000000000000e+00
0.000000000000000000e+00
8.278499999999999748e-01
0.000000000000000000e+00
0.000000000000000000e+00
0.000000000000000000e+00
0.000000000000000000e+00
7.419599999999999529e-01
0.000000000000000000e+00
0.000000000000000000e+00
6.028400000000000425e-01
0.000000000000000000e+00
0.000000000000000000e+00
0.000000000000000000e+00
0.000000000000000000e+00
1.917680000000000051e+00
0.000000000000000000e+00
1.916069999999999940e+00
0.000000000000000000e+00
0.000000000000000000e+00
6.074000000000000510e-01
0.000000000000000000e+00
0.000000000000000000e+00
6.115000000000000435e-01
0.000000000000000000e+00
5.963600000000000012e-01
0.000000000000000000e+00
5.413999999999999924e-01
0.000000000000000000e+00
0.000000000000000000e+00
5.185300000000000464e-01
0.000000000000000000e+00
0.000000000000000000e+00
0.000000000000000000e+00
9.110099999999999865e-01
0.000000000000000000e+00
0.000000000000000000e+00
0.000000000000000000e+00
0.000000000000000000e+00
1.039060000000000095e+00
0.000000000000000000e+00
0.000000000000000000e+00
7.139600000000000390e-01
0.000000000000000000e+00
0.000000000000000000e+00
0.000000000000000000e+00
6.235699999999999577e-01
0.000000000000000000e+00
1.349299999999999944e+00
0.000000000000000000e+00
0.000000000000000000e+00
9.285200000000000120e-01
0.000000000000000000e+00
0.000000000000000000e+00
0.000000000000000000e+00
0.000000000000000000e+00
0.000000000000000000e+00
5.466800000000000548e-01
0.000000000000000000e+00
1.126049999999999995e+00
0.000000000000000000e+00
0.000000000000000000e+00
0.000000000000000000e+00
0.000000000000000000e+00
0.000000000000000000e+00
0.000000000000000000e+00
0.000000000000000000e+00
0.000000000000000000e+00
0.000000000000000000e+00
0.000000000000000000e+00
0.000000000000000000e+00
0.000000000000000000e+00
0.000000000000000000e+00
0.000000000000000000e+00
0.000000000000000000e+00
0.000000000000000000e+00
0.000000000000000000e+00
0.000000000000000000e+00
0.000000000000000000e+00
0.000000000000000000e+00
0.000000000000000000e+00
0.000000000000000000e+00
0.000000000000000000e+00
1.049360000000000070e+00
0.000000000000000000e+00
0.000000000000000000e+00
0.000000000000000000e+00
0.000000000000000000e+00
6.141799999999999482e-01
0.000000000000000000e+00
0.000000000000000000e+00
0.000000000000000000e+00
0.000000000000000000e+00
5.819499999999999673e-01
0.000000000000000000e+00
0.000000000000000000e+00
0.000000000000000000e+00
1.010869999999999935e+00
0.000000000000000000e+00
8.978500000000000369e-01
0.000000000000000000e+00
4.767399999999999971e-01
0.000000000000000000e+00
5.767700000000000049e-01
0.000000000000000000e+00
6.084500000000000464e-01
0.000000000000000000e+00
0.000000000000000000e+00
0.000000000000000000e+00
0.000000000000000000e+00
0.000000000000000000e+00
4.474699999999999789e-01
0.000000000000000000e+00
5.190000000000000169e-01
0.000000000000000000e+00
9.560499999999999554e-01
0.000000000000000000e+00
0.000000000000000000e+00
0.000000000000000000e+00
1.103390000000000093e+00
0.000000000000000000e+00
0.000000000000000000e+00
7.731200000000000294e-01
0.000000000000000000e+00
0.000000000000000000e+00
0.000000000000000000e+00
1.922269999999999923e+00
0.000000000000000000e+00
0.000000000000000000e+00
8.888200000000000545e-01
0.000000000000000000e+00
7.335099999999999953e-01
0.000000000000000000e+00
6.649399999999999755e-01
0.000000000000000000e+00
0.000000000000000000e+00
0.000000000000000000e+00
6.743000000000000105e-01
0.000000000000000000e+00
0.000000000000000000e+00
0.000000000000000000e+00
0.000000000000000000e+00
0.000000000000000000e+00
0.000000000000000000e+00
6.621700000000000363e-01
0.000000000000000000e+00
0.000000000000000000e+00
0.000000000000000000e+00
0.000000000000000000e+00
6.338399999999999590e-01
0.000000000000000000e+00
0.000000000000000000e+00
0.000000000000000000e+00
0.000000000000000000e+00
3.678600000000000203e-01
0.000000000000000000e+00
0.000000000000000000e+00
0.000000000000000000e+00
6.112199999999999855e-01
0.000000000000000000e+00
0.000000000000000000e+00
0.000000000000000000e+00
1.918840000000000101e+00
0.000000000000000000e+00
0.000000000000000000e+00
5.598999999999999533e-01
0.000000000000000000e+00
0.000000000000000000e+00
0.000000000000000000e+00
5.045600000000000085e-01
0.000000000000000000e+00
7.052699999999999525e-01
0.000000000000000000e+00
0.000000000000000000e+00
1.926730000000000054e+00
0.000000000000000000e+00
0.000000000000000000e+00
4.633300000000000196e-01
0.000000000000000000e+00
0.000000000000000000e+00
5.973800000000000221e-01
0.000000000000000000e+00
5.066899999999999737e-01
0.000000000000000000e+00
6.070100000000000495e-01
0.000000000000000000e+00
0.000000000000000000e+00
0.000000000000000000e+00
0.000000000000000000e+00
6.791599999999999859e-01
0.000000000000000000e+00
0.000000000000000000e+00
0.000000000000000000e+00
0.000000000000000000e+00
0.000000000000000000e+00
1.634160000000000057e+00
0.000000000000000000e+00
0.000000000000000000e+00
0.000000000000000000e+00
5.224100000000000410e-01
0.000000000000000000e+00
0.000000000000000000e+00
6.496699999999999697e-01
0.000000000000000000e+00
0.000000000000000000e+00
5.935200000000000475e-01
0.000000000000000000e+00
0.000000000000000000e+00
4.324700000000000211e-01
0.000000000000000000e+00
1.923499999999999988e+00
0.000000000000000000e+00
5.840499999999999581e-01
0.000000000000000000e+00
0.000000000000000000e+00
0.000000000000000000e+00
0.000000000000000000e+00
0.000000000000000000e+00
5.897700000000000164e-01
0.000000000000000000e+00
0.000000000000000000e+00
7.277000000000000135e-01
0.000000000000000000e+00
0.000000000000000000e+00
0.000000000000000000e+00
8.462699999999999667e-01
0.000000000000000000e+00
0.000000000000000000e+00
0.000000000000000000e+00
0.000000000000000000e+00
6.281499999999999861e-01
0.000000000000000000e+00
0.000000000000000000e+00
0.000000000000000000e+00
0.000000000000000000e+00
0.000000000000000000e+00
4.835200000000000053e-01
0.000000000000000000e+00
0.000000000000000000e+00
0.000000000000000000e+00
1.916959999999999997e+00
0.000000000000000000e+00
0.000000000000000000e+00
5.118099999999999872e-01
0.000000000000000000e+00
0.000000000000000000e+00
1.920919999999999961e+00
0.000000000000000000e+00
6.502099999999999547e-01
0.000000000000000000e+00
0.000000000000000000e+00
8.079600000000000115e-01
0.000000000000000000e+00
0.000000000000000000e+00
0.000000000000000000e+00
0.000000000000000000e+00
4.832299999999999929e-01
0.000000000000000000e+00
0.000000000000000000e+00
0.000000000000000000e+00
1.916619999999999990e+00
0.000000000000000000e+00
0.000000000000000000e+00
0.000000000000000000e+00
6.292499999999999760e-01
0.000000000000000000e+00
0.000000000000000000e+00
0.000000000000000000e+00
6.328399999999999581e-01
0.000000000000000000e+00
0.000000000000000000e+00
0.000000000000000000e+00
0.000000000000000000e+00
4.469299999999999939e-01
0.000000000000000000e+00
0.000000000000000000e+00
5.976599999999999691e-01
0.000000000000000000e+00
0.000000000000000000e+00
0.000000000000000000e+00
0.000000000000000000e+00
0.000000000000000000e+00
0.000000000000000000e+00
5.294200000000000017e-01
0.000000000000000000e+00
0.000000000000000000e+00
6.504299999999999526e-01
0.000000000000000000e+00
0.000000000000000000e+00
0.000000000000000000e+00
5.990499999999999714e-01
0.000000000000000000e+00
0.000000000000000000e+00
0.000000000000000000e+00
8.422399999999999887e-01
0.000000000000000000e+00
8.269999999999999574e-01
0.000000000000000000e+00
0.000000000000000000e+00
9.246100000000000430e-01
0.000000000000000000e+00
0.000000000000000000e+00
0.000000000000000000e+00
4.151099999999999790e-01
0.000000000000000000e+00
0.000000000000000000e+00
0.000000000000000000e+00
8.068800000000000416e-01
0.000000000000000000e+00
1.732269999999999976e+00
0.000000000000000000e+00
0.000000000000000000e+00
0.000000000000000000e+00
7.637199999999999545e-01
0.000000000000000000e+00
0.000000000000000000e+00
0.000000000000000000e+00
0.000000000000000000e+00
0.000000000000000000e+00
0.000000000000000000e+00
5.950600000000000334e-01
0.000000000000000000e+00
0.000000000000000000e+00
0.000000000000000000e+00
0.000000000000000000e+00
4.803899999999999837e-01
0.000000000000000000e+00
0.000000000000000000e+00
7.365500000000000380e-01
0.000000000000000000e+00
0.000000000000000000e+00
0.000000000000000000e+00
1.924039999999999973e+00
0.000000000000000000e+00
0.000000000000000000e+00
0.000000000000000000e+00
5.681300000000000239e-01
0.000000000000000000e+00
1.927499999999999991e+00
0.000000000000000000e+00
5.209300000000000042e-01
0.000000000000000000e+00
0.000000000000000000e+00
0.000000000000000000e+00
0.000000000000000000e+00
0.000000000000000000e+00
7.189400000000000235e-01
0.000000000000000000e+00
0.000000000000000000e+00
0.000000000000000000e+00
6.445699999999999763e-01
0.000000000000000000e+00
9.687700000000000200e-01
0.000000000000000000e+00
1.379050000000000109e+00
0.000000000000000000e+00
0.000000000000000000e+00
0.000000000000000000e+00
0.000000000000000000e+00
1.111429999999999918e+00
0.000000000000000000e+00
0.000000000000000000e+00
0.000000000000000000e+00
1.501810000000000089e+00
0.000000000000000000e+00
0.000000000000000000e+00
5.968499999999999917e-01
0.000000000000000000e+00
0.000000000000000000e+00
0.000000000000000000e+00
4.105400000000000160e-01
0.000000000000000000e+00
0.000000000000000000e+00
0.000000000000000000e+00
0.000000000000000000e+00
0.000000000000000000e+00
0.000000000000000000e+00
0.000000000000000000e+00
0.000000000000000000e+00
0.000000000000000000e+00
0.000000000000000000e+00
0.000000000000000000e+00
0.000000000000000000e+00
0.000000000000000000e+00
0.000000000000000000e+00
0.000000000000000000e+00
0.000000000000000000e+00
0.000000000000000000e+00
0.000000000000000000e+00
0.000000000000000000e+00
0.000000000000000000e+00
0.000000000000000000e+00
0.000000000000000000e+00
0.000000000000000000e+00
0.000000000000000000e+00
6.074899999999999745e-01
0.000000000000000000e+00
0.000000000000000000e+00
0.000000000000000000e+00
0.000000000000000000e+00
0.000000000000000000e+00
6.289000000000000146e-01
0.000000000000000000e+00
0.000000000000000000e+00
6.703799999999999759e-01
0.000000000000000000e+00
0.000000000000000000e+00
0.000000000000000000e+00
0.000000000000000000e+00
0.000000000000000000e+00
5.960299999999999487e-01
0.000000000000000000e+00
6.562900000000000400e-01
0.000000000000000000e+00
5.961999999999999522e-01
0.000000000000000000e+00
0.000000000000000000e+00
5.582200000000000495e-01
0.000000000000000000e+00
0.000000000000000000e+00
0.000000000000000000e+00
6.069499999999999895e-01
0.000000000000000000e+00
0.000000000000000000e+00
1.116009999999999946e+00
0.000000000000000000e+00
6.382299999999999640e-01
0.000000000000000000e+00
0.000000000000000000e+00
0.000000000000000000e+00
6.992300000000000182e-01
0.000000000000000000e+00
0.000000000000000000e+00
1.540380000000000082e+00
0.000000000000000000e+00
0.000000000000000000e+00
5.284699999999999953e-01
0.000000000000000000e+00
5.786700000000000177e-01
0.000000000000000000e+00
0.000000000000000000e+00
0.000000000000000000e+00
0.000000000000000000e+00
0.000000000000000000e+00
5.838299999999999601e-01
0.000000000000000000e+00
0.000000000000000000e+00
0.000000000000000000e+00
1.254399999999999959e+00
0.000000000000000000e+00
0.000000000000000000e+00
7.561799999999999633e-01
0.000000000000000000e+00
6.101999999999999647e-01
0.000000000000000000e+00
0.000000000000000000e+00
0.000000000000000000e+00
5.160799999999999832e-01
0.000000000000000000e+00
0.000000000000000000e+00
6.052300000000000457e-01
0.000000000000000000e+00
5.294299999999999562e-01
0.000000000000000000e+00
0.000000000000000000e+00
0.000000000000000000e+00
9.951299999999999590e-01
0.000000000000000000e+00
0.000000000000000000e+00
5.747100000000000541e-01
0.000000000000000000e+00
0.000000000000000000e+00
5.529800000000000271e-01
0.000000000000000000e+00
8.416599999999999637e-01
0.000000000000000000e+00
0.000000000000000000e+00
6.875599999999999490e-01
0.000000000000000000e+00
0.000000000000000000e+00
0.000000000000000000e+00
1.917370000000000019e+00
0.000000000000000000e+00
0.000000000000000000e+00
5.656499999999999861e-01
0.000000000000000000e+00
0.000000000000000000e+00
6.905000000000000027e-01
0.000000000000000000e+00
6.077900000000000524e-01
0.000000000000000000e+00
0.000000000000000000e+00
0.000000000000000000e+00
4.104400000000000270e-01
0.000000000000000000e+00
0.000000000000000000e+00
0.000000000000000000e+00
6.414600000000000302e-01
0.000000000000000000e+00
0.000000000000000000e+00
0.000000000000000000e+00
0.000000000000000000e+00
0.000000000000000000e+00
1.486709999999999976e+00
0.000000000000000000e+00
0.000000000000000000e+00
6.813299999999999912e-01
0.000000000000000000e+00
0.000000000000000000e+00
0.000000000000000000e+00
0.000000000000000000e+00
4.727299999999999836e-01
0.000000000000000000e+00
0.000000000000000000e+00
0.000000000000000000e+00
4.851800000000000002e-01
0.000000000000000000e+00
0.000000000000000000e+00
4.969999999999999973e-01
0.000000000000000000e+00
0.000000000000000000e+00
6.031900000000000039e-01
0.000000000000000000e+00
0.000000000000000000e+00
0.000000000000000000e+00
0.000000000000000000e+00
0.000000000000000000e+00
6.240499999999999936e-01
0.000000000000000000e+00
0.000000000000000000e+00
1.102889999999999926e+00
0.000000000000000000e+00
0.000000000000000000e+00
0.000000000000000000e+00
0.000000000000000000e+00
7.334899999999999753e-01
0.000000000000000000e+00
0.000000000000000000e+00
0.000000000000000000e+00
1.929400000000000004e+00
0.000000000000000000e+00
6.299799999999999844e-01
0.000000000000000000e+00
0.000000000000000000e+00
0.000000000000000000e+00
1.125729999999999897e+00
0.000000000000000000e+00
0.000000000000000000e+00
0.000000000000000000e+00
0.000000000000000000e+00
6.536699999999999733e-01
0.000000000000000000e+00
8.909799999999999942e-01
0.000000000000000000e+00
5.823700000000000543e-01
0.000000000000000000e+00
5.147000000000000464e-01
0.000000000000000000e+00
4.867099999999999760e-01
0.000000000000000000e+00
0.000000000000000000e+00
7.476899999999999658e-01
0.000000000000000000e+00
0.000000000000000000e+00
0.000000000000000000e+00
0.000000000000000000e+00
0.000000000000000000e+00
4.834100000000000064e-01
0.000000000000000000e+00
6.290499999999999980e-01
0.000000000000000000e+00
0.000000000000000000e+00
0.000000000000000000e+00
5.036500000000000421e-01
0.000000000000000000e+00
0.000000000000000000e+00
5.112400000000000277e-01
0.000000000000000000e+00
0.000000000000000000e+00
0.000000000000000000e+00
5.572399999999999576e-01
0.000000000000000000e+00
0.000000000000000000e+00
0.000000000000000000e+00
7.034700000000000397e-01
0.000000000000000000e+00
0.000000000000000000e+00
5.526400000000000201e-01
0.000000000000000000e+00
0.000000000000000000e+00
0.000000000000000000e+00
0.000000000000000000e+00
1.346919999999999895e+00
0.000000000000000000e+00
0.000000000000000000e+00
0.000000000000000000e+00
0.000000000000000000e+00
0.000000000000000000e+00
0.000000000000000000e+00
7.179299999999999571e-01
0.000000000000000000e+00
0.000000000000000000e+00
0.000000000000000000e+00
1.494779999999999998e+00
0.000000000000000000e+00
0.000000000000000000e+00
0.000000000000000000e+00
5.002600000000000380e-01
0.000000000000000000e+00
0.000000000000000000e+00
0.000000000000000000e+00
0.000000000000000000e+00
0.000000000000000000e+00
5.275699999999999834e-01
0.000000000000000000e+00
0.000000000000000000e+00
0.000000000000000000e+00
0.000000000000000000e+00
8.557900000000000507e-01
0.000000000000000000e+00
0.000000000000000000e+00
0.000000000000000000e+00
4.718399999999999817e-01
0.000000000000000000e+00
0.000000000000000000e+00
0.000000000000000000e+00
0.000000000000000000e+00
0.000000000000000000e+00
0.000000000000000000e+00
5.970499999999999696e-01
0.000000000000000000e+00
0.000000000000000000e+00
0.000000000000000000e+00
1.134079999999999977e+00
0.000000000000000000e+00
0.000000000000000000e+00
0.000000000000000000e+00
0.000000000000000000e+00
5.417499999999999538e-01
0.000000000000000000e+00
0.000000000000000000e+00
9.032499999999999973e-01
0.000000000000000000e+00
0.000000000000000000e+00
0.000000000000000000e+00
0.000000000000000000e+00
0.000000000000000000e+00
1.081919999999999993e+00
0.000000000000000000e+00
0.000000000000000000e+00
7.407399999999999540e-01
0.000000000000000000e+00
0.000000000000000000e+00
6.148900000000000476e-01
0.000000000000000000e+00
5.698199999999999932e-01
0.000000000000000000e+00
6.677100000000000257e-01
0.000000000000000000e+00
0.000000000000000000e+00
0.000000000000000000e+00
5.337800000000000322e-01
0.000000000000000000e+00
0.000000000000000000e+00
0.000000000000000000e+00
0.000000000000000000e+00
0.000000000000000000e+00
0.000000000000000000e+00
0.000000000000000000e+00
4.360700000000000132e-01
0.000000000000000000e+00
0.000000000000000000e+00
3.951399999999999912e-01
0.000000000000000000e+00
6.284800000000000386e-01
0.000000000000000000e+00
5.745500000000000052e-01
0.000000000000000000e+00
0.000000000000000000e+00
4.901200000000000001e-01
0.000000000000000000e+00
5.725700000000000234e-01
0.000000000000000000e+00
0.000000000000000000e+00
0.000000000000000000e+00
0.000000000000000000e+00
0.000000000000000000e+00
0.000000000000000000e+00
0.000000000000000000e+00
0.000000000000000000e+00
0.000000000000000000e+00
0.000000000000000000e+00
0.000000000000000000e+00
0.000000000000000000e+00
0.000000000000000000e+00
0.000000000000000000e+00
0.000000000000000000e+00
0.000000000000000000e+00
0.000000000000000000e+00
0.000000000000000000e+00
0.000000000000000000e+00
0.000000000000000000e+00
0.000000000000000000e+00
0.000000000000000000e+00
0.000000000000000000e+00
0.000000000000000000e+00
5.962499999999999467e-01
0.000000000000000000e+00
5.556499999999999773e-01
0.000000000000000000e+00
0.000000000000000000e+00
0.000000000000000000e+00
3.962499999999999911e-01
0.000000000000000000e+00
0.000000000000000000e+00
0.000000000000000000e+00
0.000000000000000000e+00
4.248799999999999799e-01
0.000000000000000000e+00
0.000000000000000000e+00
8.103599999999999692e-01
0.000000000000000000e+00
0.000000000000000000e+00
0.000000000000000000e+00
0.000000000000000000e+00
5.126300000000000301e-01
0.000000000000000000e+00
9.635299999999999976e-01
0.000000000000000000e+00
7.093399999999999705e-01
0.000000000000000000e+00
0.000000000000000000e+00
5.812199999999999589e-01
0.000000000000000000e+00
6.439000000000000279e-01
0.000000000000000000e+00
0.000000000000000000e+00
7.150400000000000089e-01
0.000000000000000000e+00
5.855500000000000149e-01
0.000000000000000000e+00
0.000000000000000000e+00
4.942500000000000226e-01
0.000000000000000000e+00
0.000000000000000000e+00
4.734200000000000075e-01
0.000000000000000000e+00
0.000000000000000000e+00
0.000000000000000000e+00
0.000000000000000000e+00
5.106199999999999628e-01
0.000000000000000000e+00
0.000000000000000000e+00
5.045100000000000140e-01
0.000000000000000000e+00
0.000000000000000000e+00
0.000000000000000000e+00
5.270200000000000440e-01
0.000000000000000000e+00
0.000000000000000000e+00
5.359300000000000175e-01
0.000000000000000000e+00
1.146330000000000071e+00
0.000000000000000000e+00
0.000000000000000000e+00
0.000000000000000000e+00
5.157800000000000162e-01
0.000000000000000000e+00
0.000000000000000000e+00
0.000000000000000000e+00
5.985500000000000265e-01
0.000000000000000000e+00
6.346100000000000074e-01
0.000000000000000000e+00
0.000000000000000000e+00
1.043330000000000091e+00
0.000000000000000000e+00
0.000000000000000000e+00
0.000000000000000000e+00
1.098179999999999934e+00
0.000000000000000000e+00
0.000000000000000000e+00
5.501200000000000534e-01
0.000000000000000000e+00
7.604100000000000303e-01
0.000000000000000000e+00
0.000000000000000000e+00
0.000000000000000000e+00
0.000000000000000000e+00
0.000000000000000000e+00
5.881800000000000361e-01
0.000000000000000000e+00
0.000000000000000000e+00
0.000000000000000000e+00
0.000000000000000000e+00
5.006399999999999739e-01
0.000000000000000000e+00
0.000000000000000000e+00
1.700159999999999894e+00
0.000000000000000000e+00
0.000000000000000000e+00
5.471000000000000307e-01
0.000000000000000000e+00
0.000000000000000000e+00
0.000000000000000000e+00
8.956800000000000317e-01
0.000000000000000000e+00
1.228569999999999940e+00
0.000000000000000000e+00
0.000000000000000000e+00
6.006000000000000227e-01
0.000000000000000000e+00
0.000000000000000000e+00
0.000000000000000000e+00
6.055500000000000327e-01
0.000000000000000000e+00
5.425600000000000422e-01
0.000000000000000000e+00
5.912699999999999623e-01
0.000000000000000000e+00
5.072600000000000442e-01
0.000000000000000000e+00
0.000000000000000000e+00
0.000000000000000000e+00
0.000000000000000000e+00
0.000000000000000000e+00
5.004999999999999449e-01
0.000000000000000000e+00
0.000000000000000000e+00
0.000000000000000000e+00
6.037000000000000144e-01
0.000000000000000000e+00
0.000000000000000000e+00
0.000000000000000000e+00
0.000000000000000000e+00
6.080600000000000449e-01
0.000000000000000000e+00
0.000000000000000000e+00
0.000000000000000000e+00
5.026699999999999502e-01
0.000000000000000000e+00
0.000000000000000000e+00
1.112249999999999961e+00
0.000000000000000000e+00
5.399300000000000210e-01
0.000000000000000000e+00
0.000000000000000000e+00
4.627899999999999792e-01
0.000000000000000000e+00
5.137199999999999545e-01
0.000000000000000000e+00
0.000000000000000000e+00
0.000000000000000000e+00
4.727299999999999836e-01
0.000000000000000000e+00
0.000000000000000000e+00
0.000000000000000000e+00
0.000000000000000000e+00
5.146800000000000264e-01
0.000000000000000000e+00
0.000000000000000000e+00
0.000000000000000000e+00
0.000000000000000000e+00
6.858199999999999852e-01
0.000000000000000000e+00
0.000000000000000000e+00
0.000000000000000000e+00
0.000000000000000000e+00
0.000000000000000000e+00
4.627899999999999792e-01
0.000000000000000000e+00
5.481399999999999606e-01
0.000000000000000000e+00
1.098579999999999890e+00
0.000000000000000000e+00
0.000000000000000000e+00
1.927349999999999897e+00
0.000000000000000000e+00
0.000000000000000000e+00
0.000000000000000000e+00
4.828200000000000269e-01
0.000000000000000000e+00
5.370700000000000474e-01
0.000000000000000000e+00
0.000000000000000000e+00
0.000000000000000000e+00
4.857500000000000151e-01
0.000000000000000000e+00
0.000000000000000000e+00
3.482100000000000195e-01
0.000000000000000000e+00
0.000000000000000000e+00
0.000000000000000000e+00
4.833200000000000274e-01
0.000000000000000000e+00
5.912100000000000133e-01
0.000000000000000000e+00
7.079999999999999627e-01
0.000000000000000000e+00
7.581400000000000361e-01
0.000000000000000000e+00
0.000000000000000000e+00
0.000000000000000000e+00
0.000000000000000000e+00
9.443099999999999827e-01
0.000000000000000000e+00
6.603599999999999470e-01
0.000000000000000000e+00
7.386800000000000033e-01
0.000000000000000000e+00
0.000000000000000000e+00
0.000000000000000000e+00
1.028359999999999941e+00
0.000000000000000000e+00
0.000000000000000000e+00
0.000000000000000000e+00
0.000000000000000000e+00
0.000000000000000000e+00
4.801900000000000057e-01
0.000000000000000000e+00
0.000000000000000000e+00
0.000000000000000000e+00
0.000000000000000000e+00
5.372200000000000308e-01
0.000000000000000000e+00
0.000000000000000000e+00
4.601799999999999780e-01
0.000000000000000000e+00
6.155399999999999761e-01
0.000000000000000000e+00
0.000000000000000000e+00
0.000000000000000000e+00
5.891600000000000170e-01
0.000000000000000000e+00
6.101499999999999702e-01
0.000000000000000000e+00
0.000000000000000000e+00
5.405499999999999750e-01
0.000000000000000000e+00
0.000000000000000000e+00
0.000000000000000000e+00
0.000000000000000000e+00
0.000000000000000000e+00
0.000000000000000000e+00
6.028599999999999515e-01
0.000000000000000000e+00
0.000000000000000000e+00
5.157300000000000217e-01
0.000000000000000000e+00
5.803700000000000525e-01
0.000000000000000000e+00
0.000000000000000000e+00
0.000000000000000000e+00
1.347669999999999924e+00
0.000000000000000000e+00
6.977100000000000524e-01
0.000000000000000000e+00
4.442800000000000082e-01
0.000000000000000000e+00
0.000000000000000000e+00
0.000000000000000000e+00
5.149399999999999533e-01
0.000000000000000000e+00
0.000000000000000000e+00
0.000000000000000000e+00
0.000000000000000000e+00
1.041060000000000096e+00
0.000000000000000000e+00
5.441500000000000226e-01
0.000000000000000000e+00
0.000000000000000000e+00
0.000000000000000000e+00
0.000000000000000000e+00
0.000000000000000000e+00
0.000000000000000000e+00
0.000000000000000000e+00
0.000000000000000000e+00
0.000000000000000000e+00
0.000000000000000000e+00
0.000000000000000000e+00
0.000000000000000000e+00
0.000000000000000000e+00
0.000000000000000000e+00
0.000000000000000000e+00
0.000000000000000000e+00
0.000000000000000000e+00
0.000000000000000000e+00
0.000000000000000000e+00
0.000000000000000000e+00
0.000000000000000000e+00
0.000000000000000000e+00
5.553299999999999903e-01
0.000000000000000000e+00
0.000000000000000000e+00
0.000000000000000000e+00
5.317100000000000160e-01
0.000000000000000000e+00
0.000000000000000000e+00
0.000000000000000000e+00
6.361999999999999877e-01
0.000000000000000000e+00
0.000000000000000000e+00
0.000000000000000000e+00
0.000000000000000000e+00
5.965700000000000447e-01
0.000000000000000000e+00
0.000000000000000000e+00
0.000000000000000000e+00
4.941599999999999882e-01
0.000000000000000000e+00
6.152800000000000491e-01
0.000000000000000000e+00
0.000000000000000000e+00
0.000000000000000000e+00
5.386800000000000477e-01
0.000000000000000000e+00
0.000000000000000000e+00
5.467800000000000438e-01
0.000000000000000000e+00
5.124100000000000321e-01
0.000000000000000000e+00
0.000000000000000000e+00
4.957400000000000140e-01
0.000000000000000000e+00
0.000000000000000000e+00
0.000000000000000000e+00
1.014369999999999994e+00
0.000000000000000000e+00
1.544659999999999922e+00
0.000000000000000000e+00
6.270200000000000218e-01
0.000000000000000000e+00
5.887299999999999756e-01
0.000000000000000000e+00
0.000000000000000000e+00
5.725200000000000289e-01
0.000000000000000000e+00
0.000000000000000000e+00
1.067280000000000006e+00
0.000000000000000000e+00
0.000000000000000000e+00
1.039379999999999971e+00
0.000000000000000000e+00
0.000000000000000000e+00
0.000000000000000000e+00
6.319599999999999662e-01
0.000000000000000000e+00
1.188190000000000079e+00
0.000000000000000000e+00
0.000000000000000000e+00
0.000000000000000000e+00
6.450000000000000178e-01
0.000000000000000000e+00
0.000000000000000000e+00
0.000000000000000000e+00
0.000000000000000000e+00
5.209599999999999786e-01
0.000000000000000000e+00
5.521800000000000042e-01
0.000000000000000000e+00
0.000000000000000000e+00
0.000000000000000000e+00
1.496070000000000011e+00
0.000000000000000000e+00
0.000000000000000000e+00
8.537700000000000289e-01
0.000000000000000000e+00
0.000000000000000000e+00
0.000000000000000000e+00
0.000000000000000000e+00
0.000000000000000000e+00
8.978099999999999969e-01
0.000000000000000000e+00
7.845800000000000551e-01
0.000000000000000000e+00
0.000000000000000000e+00
0.000000000000000000e+00
5.926000000000000156e-01
0.000000000000000000e+00
0.000000000000000000e+00
0.000000000000000000e+00
0.000000000000000000e+00
5.345900000000000096e-01
0.000000000000000000e+00
0.000000000000000000e+00
5.615599999999999481e-01
0.000000000000000000e+00
0.000000000000000000e+00
4.658900000000000263e-01
0.000000000000000000e+00
0.000000000000000000e+00
0.000000000000000000e+00
5.471899999999999542e-01
0.000000000000000000e+00
0.000000000000000000e+00
8.299600000000000311e-01
0.000000000000000000e+00
0.000000000000000000e+00
1.338410000000000100e+00
0.000000000000000000e+00
0.000000000000000000e+00
0.000000000000000000e+00
6.557500000000000551e-01
0.000000000000000000e+00
1.921859999999999902e+00
0.000000000000000000e+00
1.923999999999999932e+00
0.000000000000000000e+00
0.000000000000000000e+00
0.000000000000000000e+00
0.000000000000000000e+00
4.273299999999999876e-01
0.000000000000000000e+00
0.000000000000000000e+00
5.575900000000000301e-01
0.000000000000000000e+00
0.000000000000000000e+00
0.000000000000000000e+00
1.250750000000000028e+00
0.000000000000000000e+00
0.000000000000000000e+00
0.000000000000000000e+00
5.265300000000000535e-01
0.000000000000000000e+00
1.231689999999999952e+00
0.000000000000000000e+00
0.000000000000000000e+00
0.000000000000000000e+00
0.000000000000000000e+00
4.891599999999999837e-01
0.000000000000000000e+00
0.000000000000000000e+00
6.139999999999999902e-01
0.000000000000000000e+00
0.000000000000000000e+00
6.187099999999999822e-01
0.000000000000000000e+00
0.000000000000000000e+00
0.000000000000000000e+00
6.193300000000000471e-01
0.000000000000000000e+00
0.000000000000000000e+00
5.461500000000000243e-01
0.000000000000000000e+00
6.087500000000000133e-01
0.000000000000000000e+00
0.000000000000000000e+00
0.000000000000000000e+00
5.161599999999999522e-01
0.000000000000000000e+00
0.000000000000000000e+00
6.118799999999999795e-01
0.000000000000000000e+00
0.000000000000000000e+00
0.000000000000000000e+00
8.312100000000000044e-01
0.000000000000000000e+00
0.000000000000000000e+00
0.000000000000000000e+00
4.560799999999999854e-01
0.000000000000000000e+00
0.000000000000000000e+00
5.130599999999999605e-01
0.000000000000000000e+00
0.000000000000000000e+00
0.000000000000000000e+00
0.000000000000000000e+00
0.000000000000000000e+00
0.000000000000000000e+00
0.000000000000000000e+00
6.552200000000000246e-01
0.000000000000000000e+00
0.000000000000000000e+00
0.000000000000000000e+00
5.808699999999999974e-01
0.000000000000000000e+00
0.000000000000000000e+00
0.000000000000000000e+00
0.000000000000000000e+00
0.000000000000000000e+00
4.735300000000000065e-01
0.000000000000000000e+00
0.000000000000000000e+00
1.193300000000000027e+00
0.000000000000000000e+00
1.718010000000000037e+00
0.000000000000000000e+00
0.000000000000000000e+00
4.669300000000000117e-01
0.000000000000000000e+00
0.000000000000000000e+00
0.000000000000000000e+00
0.000000000000000000e+00
0.000000000000000000e+00
7.266599999999999726e-01
0.000000000000000000e+00
0.000000000000000000e+00
0.000000000000000000e+00
0.000000000000000000e+00
1.109490000000000087e+00
0.000000000000000000e+00
1.319190000000000085e+00
0.000000000000000000e+00
0.000000000000000000e+00
0.000000000000000000e+00
0.000000000000000000e+00
9.882300000000000528e-01
0.000000000000000000e+00
0.000000000000000000e+00
0.000000000000000000e+00
0.000000000000000000e+00
0.000000000000000000e+00
7.007400000000000295e-01
0.000000000000000000e+00
0.000000000000000000e+00
7.061399999999999899e-01
0.000000000000000000e+00
0.000000000000000000e+00
7.020800000000000374e-01
0.000000000000000000e+00
0.000000000000000000e+00
6.598699999999999566e-01
0.000000000000000000e+00
0.000000000000000000e+00
5.098899999999999544e-01
0.000000000000000000e+00
0.000000000000000000e+00
0.000000000000000000e+00
5.024699999999999722e-01
0.000000000000000000e+00
0.000000000000000000e+00
5.568899999999999961e-01
0.000000000000000000e+00
6.106800000000000006e-01
0.000000000000000000e+00
0.000000000000000000e+00
1.094209999999999905e+00
0.000000000000000000e+00
0.000000000000000000e+00
9.028399999999999759e-01
0.000000000000000000e+00
0.000000000000000000e+00
1.347299999999999942e+00
0.000000000000000000e+00
0.000000000000000000e+00
0.000000000000000000e+00
6.037299999999999889e-01
0.000000000000000000e+00
0.000000000000000000e+00
0.000000000000000000e+00
6.401200000000000223e-01
0.000000000000000000e+00
5.309099999999999930e-01
0.000000000000000000e+00
0.000000000000000000e+00
5.174400000000000110e-01
0.000000000000000000e+00
0.000000000000000000e+00
6.813500000000000112e-01
0.000000000000000000e+00
0.000000000000000000e+00
0.000000000000000000e+00
0.000000000000000000e+00
0.000000000000000000e+00
4.414000000000000146e-01
0.000000000000000000e+00
0.000000000000000000e+00
4.979500000000000037e-01
0.000000000000000000e+00
0.000000000000000000e+00
0.000000000000000000e+00
0.000000000000000000e+00
0.000000000000000000e+00
0.000000000000000000e+00
0.000000000000000000e+00
0.000000000000000000e+00
0.000000000000000000e+00
0.000000000000000000e+00
0.000000000000000000e+00
0.000000000000000000e+00
0.000000000000000000e+00
0.000000000000000000e+00
0.000000000000000000e+00
0.000000000000000000e+00
0.000000000000000000e+00
0.000000000000000000e+00
0.000000000000000000e+00
0.000000000000000000e+00
0.000000000000000000e+00
0.000000000000000000e+00
8.045499999999999874e-01
0.000000000000000000e+00
0.000000000000000000e+00
6.074100000000000055e-01
0.000000000000000000e+00
0.000000000000000000e+00
5.120799999999999796e-01
0.000000000000000000e+00
0.000000000000000000e+00
6.743200000000000305e-01
0.000000000000000000e+00
5.695200000000000262e-01
0.000000000000000000e+00
5.592799999999999994e-01
0.000000000000000000e+00
0.000000000000000000e+00
4.982699999999999907e-01
0.000000000000000000e+00
4.488900000000000112e-01
0.000000000000000000e+00
0.000000000000000000e+00
4.518800000000000039e-01
0.000000000000000000e+00
0.000000000000000000e+00
4.798499999999999988e-01
0.000000000000000000e+00
0.000000000000000000e+00
4.289999999999999925e-01
0.000000000000000000e+00
0.000000000000000000e+00
0.000000000000000000e+00
0.000000000000000000e+00
5.223999999999999755e-01
0.000000000000000000e+00
0.000000000000000000e+00
0.000000000000000000e+00
7.276599999999999735e-01
0.000000000000000000e+00
1.476720000000000033e+00
0.000000000000000000e+00
0.000000000000000000e+00
5.748600000000000376e-01
0.000000000000000000e+00
6.931199999999999584e-01
0.000000000000000000e+00
0.000000000000000000e+00
7.660500000000000087e-01
0.000000000000000000e+00
0.000000000000000000e+00
0.000000000000000000e+00
5.668999999999999595e-01
0.000000000000000000e+00
0.000000000000000000e+00
5.042499999999999760e-01
0.000000000000000000e+00
9.017399999999999860e-01
0.000000000000000000e+00
1.566170000000000062e+00
0.000000000000000000e+00
0.000000000000000000e+00
0.000000000000000000e+00
5.667999999999999705e-01
0.000000000000000000e+00
0.000000000000000000e+00
0.000000000000000000e+00
6.093800000000000328e-01
0.000000000000000000e+00
8.302599999999999980e-01
0.000000000000000000e+00
0.000000000000000000e+00
0.000000000000000000e+00
0.000000000000000000e+00
0.000000000000000000e+00
8.794100000000000250e-01
0.000000000000000000e+00
0.000000000000000000e+00
5.623899999999999455e-01
0.000000000000000000e+00
0.000000000000000000e+00
0.000000000000000000e+00
0.000000000000000000e+00
0.000000000000000000e+00
5.053199999999999914e-01
0.000000000000000000e+00
0.000000000000000000e+00
5.830899999999999972e-01
0.000000000000000000e+00
0.000000000000000000e+00
5.324900000000000189e-01
0.000000000000000000e+00
0.000000000000000000e+00
0.000000000000000000e+00
0.000000000000000000e+00
0.000000000000000000e+00
6.426100000000000145e-01
0.000000000000000000e+00
0.000000000000000000e+00
7.057999999999999829e-01
0.000000000000000000e+00
0.000000000000000000e+00
5.232700000000000129e-01
0.000000000000000000e+00
0.000000000000000000e+00
0.000000000000000000e+00
0.000000000000000000e+00
1.769020000000000037e+00
0.000000000000000000e+00
0.000000000000000000e+00
6.299200000000000355e-01
0.000000000000000000e+00
0.000000000000000000e+00
4.318199999999999816e-01
0.000000000000000000e+00
0.000000000000000000e+00
5.711300000000000265e-01
0.000000000000000000e+00
0.000000000000000000e+00
0.000000000000000000e+00
0.000000000000000000e+00
0.000000000000000000e+00
0.000000000000000000e+00
0.000000000000000000e+00
6.129999999999999893e-01
0.000000000000000000e+00
0.000000000000000000e+00
5.007399999999999629e-01
0.000000000000000000e+00
6.078000000000000069e-01
0.000000000000000000e+00
0.000000000000000000e+00
5.661000000000000476e-01
0.000000000000000000e+00
0.000000000000000000e+00
0.000000000000000000e+00
0.000000000000000000e+00
4.621199999999999752e-01
0.000000000000000000e+00
0.000000000000000000e+00
0.000000000000000000e+00
4.988400000000000056e-01
0.000000000000000000e+00
1.049020000000000064e+00
0.000000000000000000e+00
0.000000000000000000e+00
8.959300000000000042e-01
0.000000000000000000e+00
0.000000000000000000e+00
4.579300000000000037e-01
0.000000000000000000e+00
0.000000000000000000e+00
0.000000000000000000e+00
5.601699999999999458e-01
0.000000000000000000e+00
5.504499999999999948e-01
0.000000000000000000e+00
7.788300000000000223e-01
0.000000000000000000e+00
0.000000000000000000e+00
0.000000000000000000e+00
5.183600000000000430e-01
0.000000000000000000e+00
6.239000000000000101e-01
0.000000000000000000e+00
1.291290000000000049e+00
0.000000000000000000e+00
0.000000000000000000e+00
4.280700000000000061e-01
0.000000000000000000e+00
0.000000000000000000e+00
0.000000000000000000e+00
4.697600000000000109e-01
0.000000000000000000e+00
0.000000000000000000e+00
0.000000000000000000e+00
4.795599999999999863e-01
0.000000000000000000e+00
0.000000000000000000e+00
5.159599999999999742e-01
0.000000000000000000e+00
0.000000000000000000e+00
6.420500000000000096e-01
0.000000000000000000e+00
0.000000000000000000e+00
5.249200000000000532e-01
0.000000000000000000e+00
5.848700000000000010e-01
0.000000000000000000e+00
0.000000000000000000e+00
4.222799999999999887e-01
0.000000000000000000e+00
0.000000000000000000e+00
0.000000000000000000e+00
5.188099999999999934e-01
0.000000000000000000e+00
0.000000000000000000e+00
9.025199999999999889e-01
0.000000000000000000e+00
0.000000000000000000e+00
0.000000000000000000e+00
5.923699999999999521e-01
0.000000000000000000e+00
9.046499999999999542e-01
0.000000000000000000e+00
0.000000000000000000e+00
0.000000000000000000e+00
0.000000000000000000e+00
0.000000000000000000e+00
1.240350000000000064e+00
0.000000000000000000e+00
0.000000000000000000e+00
0.000000000000000000e+00
8.937800000000000189e-01
0.000000000000000000e+00
0.000000000000000000e+00
5.518800000000000372e-01
0.000000000000000000e+00
0.000000000000000000e+00
0.000000000000000000e+00
0.000000000000000000e+00
6.531400000000000539e-01
0.000000000000000000e+00
6.201400000000000245e-01
0.000000000000000000e+00
0.000000000000000000e+00
0.000000000000000000e+00
0.000000000000000000e+00
1.079820000000000002e+00
0.000000000000000000e+00
0.000000000000000000e+00
0.000000000000000000e+00
5.595900000000000318e-01
0.000000000000000000e+00
6.753900000000000459e-01
0.000000000000000000e+00
0.000000000000000000e+00
0.000000000000000000e+00
9.427400000000000224e-01
0.000000000000000000e+00
0.000000000000000000e+00
0.000000000000000000e+00
0.000000000000000000e+00
0.000000000000000000e+00
0.000000000000000000e+00
9.746399999999999508e-01
0.000000000000000000e+00
0.000000000000000000e+00
0.000000000000000000e+00
1.922660000000000036e+00
0.000000000000000000e+00
0.000000000000000000e+00
0.000000000000000000e+00
5.224100000000000410e-01
0.000000000000000000e+00
0.000000000000000000e+00
4.044900000000000162e-01
0.000000000000000000e+00
5.126800000000000246e-01
0.000000000000000000e+00
0.000000000000000000e+00
0.000000000000000000e+00
0.000000000000000000e+00
0.000000000000000000e+00
0.000000000000000000e+00
5.131099999999999550e-01
0.000000000000000000e+00
0.000000000000000000e+00
0.000000000000000000e+00
0.000000000000000000e+00
0.000000000000000000e+00
9.520399999999999974e-01
0.000000000000000000e+00
0.000000000000000000e+00
0.000000000000000000e+00
0.000000000000000000e+00
0.000000000000000000e+00
5.987099999999999644e-01
0.000000000000000000e+00
0.000000000000000000e+00
0.000000000000000000e+00
0.000000000000000000e+00
0.000000000000000000e+00
0.000000000000000000e+00
0.000000000000000000e+00
0.000000000000000000e+00
0.000000000000000000e+00
0.000000000000000000e+00
0.000000000000000000e+00
