0.000000000000000000e+00
0.000000000000000000e+00
0.000000000000000000e+00
0.000000000000000000e+00
0.000000000000000000e+00
0.000000000000000000e+00
0.000000000000000000e+00
0.000000000000000000e+00
0.000000000000000000e+00
0.000000000000000000e+00
6.180099999999999483e-01
0.000000000000000000e+00
8.262300000000000200e-01
0.000000000000000000e+00
0.000000000000000000e+00
1.204539999999999944e+00
0.000000000000000000e+00
0.000000000000000000e+00
6.672000000000000153e-01
0.000000000000000000e+00
8.378400000000000292e-01
0.000000000000000000e+00
0.000000000000000000e+00
0.000000000000000000e+00
9.105100000000000415e-01
0.000000000000000000e+00
0.000000000000000000e+00
0.000000000000000000e+00
5.437600000000000211e-01
0.000000000000000000e+00
0.000000000000000000e+00
4.744999999999999774e-01
0.000000000000000000e+00
0.000000000000000000e+00
0.000000000000000000e+00
4.762100000000000222e-01
0.000000000000000000e+00
6.504299999999999526e-01
0.000000000000000000e+00
0.000000000000000000e+00
6.014500000000000401e-01
0.000000000000000000e+00
6.703599999999999559e-01
0.000000000000000000e+00
5.262799999999999701e-01
0.000000000000000000e+00
0.000000000000000000e+00
0.000000000000000000e+00
0.000000000000000000e+00
7.330100000000000504e-01
0.000000000000000000e+00
0.000000000000000000e+00
0.000000000000000000e+00
6.236300000000000177e-01
0.000000000000000000e+00
7.410200000000000120e-01
0.000000000000000000e+00
0.000000000000000000e+00
6.000499999999999723e-01
0.000000000000000000e+00
0.000000000000000000e+00
0.000000000000000000e+00
7.038100000000000467e-01
0.000000000000000000e+00
0.000000000000000000e+00
0.000000000000000000e+00
5.657699999999999951e-01
0.000000000000000000e+00
0.000000000000000000e+00
0.000000000000000000e+00
0.000000000000000000e+00
0.000000000000000000e+00
0.000000000000000000e+00
4.985299999999999732e-01
0.000000000000000000e+00
0.000000000000000000e+00
0.000000000000000000e+00
5.113600000000000367e-01
0.000000000000000000e+00
0.000000000000000000e+00
0.000000000000000000e+00
5.377699999999999703e-01
0.000000000000000000e+00
0.000000000000000000e+00
9.889900000000000357e-01
0.000000000000000000e+00
6.267000000000000348e-01
0.000000000000000000e+00
0.000000000000000000e+00
0.000000000000000000e+00
4.466100000000000070e-01
0.000000000000000000e+00
0.000000000000000000e+00
0.000000000000000000e+00
0.000000000000000000e+00
4.915100000000000025e-01
0.000000000000000000e+00
0.000000000000000000e+00
0.000000000000000000e+00
0.000000000000000000e+00
0.000000000000000000e+00
5.978499999999999925e-01
0.000000000000000000e+00
0.000000000000000000e+00
0.000000000000000000e+00
0.000000000000000000e+00
5.330399999999999583e-01
0.000000000000000000e+00
0.000000000000000000e+00
0.000000000000000000e+00
0.000000000000000000e+00
5.447999999999999510e-01
0.000000000000000000e+00
1.218320000000000070e+00
0.000000000000000000e+00
5.078099999999999836e-01
0.000000000000000000e+00
0.000000000000000000e+00
0.000000000000000000e+00
5.901800000000000379e-01
0.000000000000000000e+00
0.000000000000000000e+00
5.211999999999999966e-01
0.000000000000000000e+00
0.000000000000000000e+00
0.000000000000000000e+00
5.002600000000000380e-01
0.000000000000000000e+00
0.000000000000000000e+00
5.653200000000000447e-01
0.000000000000000000e+00
0.000000000000000000e+00
0.000000000000000000e+00
4.841599999999999793e-01
0.000000000000000000e+00
0.000000000000000000e+00
6.344400000000000039e-01
0.000000000000000000e+00
0.000000000000000000e+00
0.000000000000000000e+00
8.258699999999999930e-01
0.000000000000000000e+00
0.000000000000000000e+00
0.000000000000000000e+00
0.000000000000000000e+00
8.012000000000000233e-01
0.000000000000000000e+00
0.000000000000000000e+00
0.000000000000000000e+00
5.892399999999999860e-01
0.000000000000000000e+00
0.000000000000000000e+00
0.000000000000000000e+00
5.550800000000000178e-01
0.000000000000000000e+00
0.000000000000000000e+00
0.000000000000000000e+00
0.000000000000000000e+00
5.908799999999999608e-01
0.000000000000000000e+00
0.000000000000000000e+00
7.566599999999999993e-01
0.000000000000000000e+00
0.000000000000000000e+00
0.000000000000000000e+00
0.000000000000000000e+00
4.574199999999999933e-01
0.000000000000000000e+00
0.000000000000000000e+00
0.000000000000000000e+00
5.258599999999999941e-01
0.000000000000000000e+00
6.151600000000000401e-01
0.000000000000000000e+00
0.000000000000000000e+00
0.000000000000000000e+00
4.578499999999999792e-01
0.000000000000000000e+00
0.000000000000000000e+00
5.405200000000000005e-01
0.000000000000000000e+00
0.000000000000000000e+00
6.767300000000000537e-01
0.000000000000000000e+00
0.000000000000000000e+00
5.485700000000000021e-01
0.000000000000000000e+00
0.000000000000000000e+00
0.000000000000000000e+00
5.978400000000000380e-01
0.000000000000000000e+00
0.000000000000000000e+00
0.000000000000000000e+00
5.374700000000000033e-01
0.000000000000000000e+00
0.000000000000000000e+00
0.000000000000000000e+00
0.000000000000000000e+00
5.012999999999999678e-01
0.000000000000000000e+00
8.526399999999999535e-01
0.000000000000000000e+00
0.000000000000000000e+00
6.185800000000000187e-01
0.000000000000000000e+00
6.029099999999999460e-01
0.000000000000000000e+00
0.000000000000000000e+00
0.000000000000000000e+00
0.000000000000000000e+00
0.000000000000000000e+00
0.000000000000000000e+00
5.037099999999999911e-01
0.000000000000000000e+00
0.000000000000000000e+00
0.000000000000000000e+00
0.000000000000000000e+00
4.798000000000000043e-01
0.000000000000000000e+00
0.000000000000000000e+00
0.000000000000000000e+00
0.000000000000000000e+00
5.161200000000000232e-01
0.000000000000000000e+00
0.000000000000000000e+00
0.000000000000000000e+00
5.604900000000000437e-01
0.000000000000000000e+00
0.000000000000000000e+00
5.113199999999999967e-01
0.000000000000000000e+00
1.813770000000000104e+00
0.000000000000000000e+00
0.000000000000000000e+00
0.000000000000000000e+00
0.000000000000000000e+00
0.000000000000000000e+00
0.000000000000000000e+00
0.000000000000000000e+00
5.444900000000000295e-01
0.000000000000000000e+00
0.000000000000000000e+00
4.749099999999999988e-01
0.000000000000000000e+00
0.000000000000000000e+00
5.650800000000000267e-01
0.000000000000000000e+00
0.000000000000000000e+00
5.806499999999999995e-01
0.000000000000000000e+00
5.961800000000000432e-01
0.000000000000000000e+00
0.000000000000000000e+00
0.000000000000000000e+00
5.302099999999999591e-01
0.000000000000000000e+00
0.000000000000000000e+00
0.000000000000000000e+00
0.000000000000000000e+00
5.028500000000000192e-01
0.000000000000000000e+00
0.000000000000000000e+00
0.000000000000000000e+00
5.127000000000000446e-01
0.000000000000000000e+00
0.000000000000000000e+00
5.625700000000000145e-01
0.000000000000000000e+00
0.000000000000000000e+00
6.203899999999999970e-01
0.000000000000000000e+00
0.000000000000000000e+00
5.983699999999999575e-01
0.000000000000000000e+00
0.000000000000000000e+00
0.000000000000000000e+00
0.000000000000000000e+00
5.229500000000000259e-01
0.000000000000000000e+00
0.000000000000000000e+00
7.299299999999999677e-01
0.000000000000000000e+00
0.000000000000000000e+00
0.000000000000000000e+00
6.315399999999999903e-01
0.000000000000000000e+00
0.000000000000000000e+00
4.818600000000000105e-01
0.000000000000000000e+00
0.000000000000000000e+00
0.000000000000000000e+00
0.000000000000000000e+00
6.260000000000000009e-01
0.000000000000000000e+00
0.000000000000000000e+00
0.000000000000000000e+00
0.000000000000000000e+00
0.000000000000000000e+00
5.377899999999999903e-01
0.000000000000000000e+00
4.850700000000000012e-01
0.000000000000000000e+00
0.000000000000000000e+00
0.000000000000000000e+00
0.000000000000000000e+00
0.000000000000000000e+00
0.000000000000000000e+00
0.000000000000000000e+00
0.000000000000000000e+00
0.000000000000000000e+00
0.000000000000000000e+00
0.000000000000000000e+00
0.000000000000000000e+00
0.000000000000000000e+00
0.000000000000000000e+00
0.000000000000000000e+00
0.000000000000000000e+00
0.000000000000000000e+00
0.000000000000000000e+00
0.000000000000000000e+00
0.000000000000000000e+00
0.000000000000000000e+00
0.000000000000000000e+00
0.000000000000000000e+00
0.000000000000000000e+00
0.000000000000000000e+00
0.000000000000000000e+00
5.770899999999999919e-01
0.000000000000000000e+00
0.000000000000000000e+00
9.117499999999999494e-01
0.000000000000000000e+00
6.100900000000000212e-01
0.000000000000000000e+00
0.000000000000000000e+00
0.000000000000000000e+00
0.000000000000000000e+00
4.645500000000000185e-01
0.000000000000000000e+00
8.666599999999999859e-01
0.000000000000000000e+00
0.000000000000000000e+00
5.987500000000000044e-01
0.000000000000000000e+00
0.000000000000000000e+00
0.000000000000000000e+00
6.040200000000000014e-01
0.000000000000000000e+00
0.000000000000000000e+00
8.143899999999999473e-01
0.000000000000000000e+00
0.000000000000000000e+00
0.000000000000000000e+00
5.444200000000000150e-01
0.000000000000000000e+00
6.110400000000000276e-01
0.000000000000000000e+00
0.000000000000000000e+00
0.000000000000000000e+00
6.505800000000000471e-01
0.000000000000000000e+00
7.370299999999999629e-01
0.000000000000000000e+00
5.143499999999999739e-01
0.000000000000000000e+00
0.000000000000000000e+00
0.000000000000000000e+00
0.000000000000000000e+00
5.666799999999999615e-01
0.000000000000000000e+00
0.000000000000000000e+00
0.000000000000000000e+00
0.000000000000000000e+00
4.758700000000000152e-01
0.000000000000000000e+00
7.968899999999999872e-01
0.000000000000000000e+00
8.441499999999999559e-01
0.000000000000000000e+00
6.006399999999999517e-01
0.000000000000000000e+00
0.000000000000000000e+00
0.000000000000000000e+00
8.062399999999999567e-01
0.000000000000000000e+00
6.562400000000000455e-01
0.000000000000000000e+00
0.000000000000000000e+00
0.000000000000000000e+00
5.440800000000000081e-01
0.000000000000000000e+00
0.000000000000000000e+00
4.918899999999999939e-01
0.000000000000000000e+00
6.031199999999999894e-01
0.000000000000000000e+00
0.000000000000000000e+00
1.260939999999999950e+00
0.000000000000000000e+00
0.000000000000000000e+00
1.558959999999999901e+00
0.000000000000000000e+00
0.000000000000000000e+00
4.924200000000000244e-01
0.000000000000000000e+00
0.000000000000000000e+00
0.000000000000000000e+00
0.000000000000000000e+00
0.000000000000000000e+00
0.000000000000000000e+00
5.483200000000000296e-01
0.000000000000000000e+00
0.000000000000000000e+00
5.210599999999999676e-01
0.000000000000000000e+00
6.717999999999999527e-01
0.000000000000000000e+00
5.708199999999999941e-01
0.000000000000000000e+00
5.300399999999999556e-01
0.000000000000000000e+00
0.000000000000000000e+00
0.000000000000000000e+00
0.000000000000000000e+00
1.063320000000000043e+00
0.000000000000000000e+00
0.000000000000000000e+00
4.382900000000000129e-01
0.000000000000000000e+00
0.000000000000000000e+00
7.163399999999999768e-01
0.000000000000000000e+00
0.000000000000000000e+00
0.000000000000000000e+00
0.000000000000000000e+00
0.000000000000000000e+00
5.081900000000000306e-01
0.000000000000000000e+00
6.420099999999999696e-01
0.000000000000000000e+00
4.975299999999999723e-01
0.000000000000000000e+00
5.279700000000000504e-01
0.000000000000000000e+00
8.313099999999999934e-01
0.000000000000000000e+00
0.000000000000000000e+00
5.480000000000000426e-01
0.000000000000000000e+00
0.000000000000000000e+00
0.000000000000000000e+00
6.174800000000000288e-01
0.000000000000000000e+00
0.000000000000000000e+00
0.000000000000000000e+00
0.000000000000000000e+00
5.778999999999999693e-01
0.000000000000000000e+00
0.000000000000000000e+00
5.259899999999999576e-01
0.000000000000000000e+00
0.000000000000000000e+00
0.000000000000000000e+00
5.362900000000000444e-01
0.000000000000000000e+00
0.000000000000000000e+00
0.000000000000000000e+00
0.000000000000000000e+00
0.000000000000000000e+00
4.504099999999999770e-01
0.000000000000000000e+00
1.142600000000000060e+00
0.000000000000000000e+00
0.000000000000000000e+00
0.000000000000000000e+00
9.421399999999999775e-01
0.000000000000000000e+00
0.000000000000000000e+00
6.829399999999999915e-01
0.000000000000000000e+00
7.941399999999999570e-01
0.000000000000000000e+00
0.000000000000000000e+00
5.823199999999999488e-01
0.000000000000000000e+00
0.000000000000000000e+00
1.057029999999999914e+00
0.000000000000000000e+00
8.870000000000000107e-01
0.000000000000000000e+00
0.000000000000000000e+00
0.000000000000000000e+00
9.042700000000000182e-01
0.000000000000000000e+00
0.000000000000000000e+00
0.000000000000000000e+00
5.853199999999999514e-01
0.000000000000000000e+00
0.000000000000000000e+00
0.000000000000000000e+00
4.859499999999999931e-01
0.000000000000000000e+00
0.000000000000000000e+00
0.000000000000000000e+00
0.000000000000000000e+00
0.000000000000000000e+00
5.327399999999999913e-01
0.000000000000000000e+00
8.048800000000000399e-01
0.000000000000000000e+00
9.326799999999999535e-01
0.000000000000000000e+00
6.546399999999999997e-01
0.000000000000000000e+00
0.000000000000000000e+00
0.000000000000000000e+00
0.000000000000000000e+00
0.000000000000000000e+00
0.000000000000000000e+00
6.302100000000000479e-01
0.000000000000000000e+00
0.000000000000000000e+00
0.000000000000000000e+00
5.001600000000000490e-01
0.000000000000000000e+00
0.000000000000000000e+00
1.011859999999999982e+00
0.000000000000000000e+00
8.432100000000000151e-01
0.000000000000000000e+00
0.000000000000000000e+00
0.000000000000000000e+00
0.000000000000000000e+00
6.392200000000000104e-01
0.000000000000000000e+00
0.000000000000000000e+00
0.000000000000000000e+00
6.120200000000000085e-01
0.000000000000000000e+00
6.681799999999999962e-01
0.000000000000000000e+00
0.000000000000000000e+00
5.890300000000000535e-01
0.000000000000000000e+00
0.000000000000000000e+00
5.529399999999999871e-01
0.000000000000000000e+00
8.625699999999999479e-01
0.000000000000000000e+00
0.000000000000000000e+00
0.000000000000000000e+00
0.000000000000000000e+00
5.535299999999999665e-01
0.000000000000000000e+00
0.000000000000000000e+00
0.000000000000000000e+00
0.000000000000000000e+00
5.995000000000000329e-01
0.000000000000000000e+00
1.200050000000000061e+00
0.000000000000000000e+00
0.000000000000000000e+00
0.000000000000000000e+00
0.000000000000000000e+00
6.143600000000000172e-01
0.000000000000000000e+00
0.000000000000000000e+00
1.674339999999999939e+00
0.000000000000000000e+00
0.000000000000000000e+00
0.000000000000000000e+00
1.093979999999999952e+00
0.000000000000000000e+00
0.000000000000000000e+00
6.147899999999999476e-01
0.000000000000000000e+00
0.000000000000000000e+00
5.382200000000000317e-01
0.000000000000000000e+00
0.000000000000000000e+00
6.086399999999999588e-01
0.000000000000000000e+00
0.000000000000000000e+00
0.000000000000000000e+00
7.125099999999999767e-01
0.000000000000000000e+00
0.000000000000000000e+00
0.000000000000000000e+00
0.000000000000000000e+00
5.270899999999999475e-01
0.000000000000000000e+00
0.000000000000000000e+00
0.000000000000000000e+00
0.000000000000000000e+00
0.000000000000000000e+00
0.000000000000000000e+00
0.000000000000000000e+00
0.000000000000000000e+00
0.000000000000000000e+00
0.000000000000000000e+00
0.000000000000000000e+00
0.000000000000000000e+00
0.000000000000000000e+00
0.000000000000000000e+00
0.000000000000000000e+00
0.000000000000000000e+00
0.000000000000000000e+00
0.000000000000000000e+00
0.000000000000000000e+00
0.000000000000000000e+00
0.000000000000000000e+00
0.000000000000000000e+00
0.000000000000000000e+00
0.000000000000000000e+00
8.142099999999999893e-01
0.000000000000000000e+00
0.000000000000000000e+00
0.000000000000000000e+00
9.652600000000000069e-01
0.000000000000000000e+00
0.000000000000000000e+00
0.000000000000000000e+00
7.053399999999999670e-01
0.000000000000000000e+00
0.000000000000000000e+00
0.000000000000000000e+00
0.000000000000000000e+00
4.855300000000000171e-01
0.000000000000000000e+00
0.000000000000000000e+00
0.000000000000000000e+00
0.000000000000000000e+00
5.869499999999999718e-01
0.000000000000000000e+00
0.000000000000000000e+00
5.367699999999999694e-01
0.000000000000000000e+00
0.000000000000000000e+00
7.373800000000000354e-01
0.000000000000000000e+00
0.000000000000000000e+00
0.000000000000000000e+00
0.000000000000000000e+00
0.000000000000000000e+00
0.000000000000000000e+00
7.866100000000000314e-01
0.000000000000000000e+00
8.194399999999999462e-01
0.000000000000000000e+00
0.000000000000000000e+00
5.122499999999999831e-01
0.000000000000000000e+00
0.000000000000000000e+00
5.729100000000000303e-01
0.000000000000000000e+00
0.000000000000000000e+00
9.348600000000000243e-01
0.000000000000000000e+00
0.000000000000000000e+00
0.000000000000000000e+00
6.957999999999999741e-01
0.000000000000000000e+00
0.000000000000000000e+00
0.000000000000000000e+00
0.000000000000000000e+00
7.180499999999999661e-01
0.000000000000000000e+00
0.000000000000000000e+00
5.430800000000000072e-01
0.000000000000000000e+00
5.976900000000000546e-01
0.000000000000000000e+00
0.000000000000000000e+00
0.000000000000000000e+00
5.307899999999999840e-01
0.000000000000000000e+00
0.000000000000000000e+00
7.793200000000000127e-01
0.000000000000000000e+00
5.129599999999999715e-01
0.000000000000000000e+00
9.342799999999999994e-01
0.000000000000000000e+00
0.000000000000000000e+00
1.615029999999999966e+00
0.000000000000000000e+00
0.000000000000000000e+00
0.000000000000000000e+00
0.000000000000000000e+00
8.862499999999999822e-01
0.000000000000000000e+00
0.000000000000000000e+00
6.448300000000000143e-01
0.000000000000000000e+00
0.000000000000000000e+00
0.000000000000000000e+00
0.000000000000000000e+00
6.341799999999999660e-01
0.000000000000000000e+00
0.000000000000000000e+00
0.000000000000000000e+00
5.360599999999999810e-01
0.000000000000000000e+00
0.000000000000000000e+00
0.000000000000000000e+00
5.544400000000000439e-01
0.000000000000000000e+00
5.356999999999999540e-01
0.000000000000000000e+00
0.000000000000000000e+00
0.000000000000000000e+00
0.000000000000000000e+00
5.440000000000000391e-01
0.000000000000000000e+00
9.658700000000000063e-01
0.000000000000000000e+00
0.000000000000000000e+00
0.000000000000000000e+00
0.000000000000000000e+00
0.000000000000000000e+00
5.140000000000000124e-01
0.000000000000000000e+00
0.000000000000000000e+00
0.000000000000000000e+00
6.303199999999999914e-01
0.000000000000000000e+00
7.078100000000000502e-01
0.000000000000000000e+00
0.000000000000000000e+00
5.222200000000000175e-01
0.000000000000000000e+00
5.171400000000000441e-01
0.000000000000000000e+00
5.524900000000000366e-01
0.000000000000000000e+00
0.000000000000000000e+00
5.323099999999999499e-01
0.000000000000000000e+00
0.000000000000000000e+00
0.000000000000000000e+00
0.000000000000000000e+00
5.895399999999999530e-01
0.000000000000000000e+00
5.958700000000000108e-01
0.000000000000000000e+00
0.000000000000000000e+00
0.000000000000000000e+00
5.414499999999999869e-01
0.000000000000000000e+00
0.000000000000000000e+00
0.000000000000000000e+00
0.000000000000000000e+00
6.307899999999999618e-01
0.000000000000000000e+00
0.000000000000000000e+00
6.952399999999999691e-01
0.000000000000000000e+00
0.000000000000000000e+00
5.585499999999999909e-01
0.000000000000000000e+00
0.000000000000000000e+00
0.000000000000000000e+00
0.000000000000000000e+00
5.946900000000000519e-01
0.000000000000000000e+00
0.000000000000000000e+00
0.000000000000000000e+00
4.332400000000000140e-01
0.000000000000000000e+00
0.000000000000000000e+00
0.000000000000000000e+00
0.000000000000000000e+00
4.290200000000000125e-01
0.000000000000000000e+00
0.000000000000000000e+00
0.000000000000000000e+00
0.000000000000000000e+00
3.919099999999999806e-01
0.000000000000000000e+00
6.447300000000000253e-01
0.000000000000000000e+00
0.000000000000000000e+00
0.000000000000000000e+00
7.207400000000000473e-01
0.000000000000000000e+00
0.000000000000000000e+00
0.000000000000000000e+00
6.922899999999999610e-01
0.000000000000000000e+00
0.000000000000000000e+00
0.000000000000000000e+00
0.000000000000000000e+00
1.926569999999999894e+00
0.000000000000000000e+00
6.433999999999999719e-01
0.000000000000000000e+00
0.000000000000000000e+00
5.696700000000000097e-01
0.000000000000000000e+00
0.000000000000000000e+00
0.000000000000000000e+00
5.480899999999999661e-01
0.000000000000000000e+00
0.000000000000000000e+00
0.000000000000000000e+00
0.000000000000000000e+00
0.000000000000000000e+00
6.590599999999999792e-01
0.000000000000000000e+00
0.000000000000000000e+00
0.000000000000000000e+00
0.000000000000000000e+00
9.894699999999999607e-01
0.000000000000000000e+00
0.000000000000000000e+00
8.442699999999999649e-01
0.000000000000000000e+00
0.000000000000000000e+00
0.000000000000000000e+00
6.014800000000000146e-01
0.000000000000000000e+00
5.538999999999999480e-01
0.000000000000000000e+00
5.144400000000000084e-01
0.000000000000000000e+00
0.000000000000000000e+00
0.000000000000000000e+00
6.518599999999999950e-01
0.000000000000000000e+00
0.000000000000000000e+00
5.326499999999999568e-01
0.000000000000000000e+00
0.000000000000000000e+00
0.000000000000000000e+00
6.586199999999999832e-01
0.000000000000000000e+00
0.000000000000000000e+00
0.000000000000000000e+00
1.483630000000000004e+00
0.000000000000000000e+00
8.020500000000000407e-01
0.000000000000000000e+00
6.741300000000000070e-01
0.000000000000000000e+00
6.324300000000000477e-01
0.000000000000000000e+00
0.000000000000000000e+00
1.048859999999999904e+00
0.000000000000000000e+00
0.000000000000000000e+00
6.497100000000000097e-01
0.000000000000000000e+00
0.000000000000000000e+00
0.000000000000000000e+00
0.000000000000000000e+00
6.072899999999999965e-01
0.000000000000000000e+00
0.000000000000000000e+00
0.000000000000000000e+00
6.449500000000000233e-01
0.000000000000000000e+00
0.000000000000000000e+00
9.409199999999999786e-01
0.000000000000000000e+00
7.804999999999999716e-01
0.000000000000000000e+00
0.000000000000000000e+00
0.000000000000000000e+00
0.000000000000000000e+00
8.328100000000000502e-01
0.000000000000000000e+00
0.000000000000000000e+00
6.913099999999999801e-01
0.000000000000000000e+00
0.000000000000000000e+00
0.000000000000000000e+00
8.298900000000000166e-01
0.000000000000000000e+00
0.000000000000000000e+00
7.058799999999999519e-01
0.000000000000000000e+00
0.000000000000000000e+00
5.620699999999999585e-01
0.000000000000000000e+00
0.000000000000000000e+00
0.000000000000000000e+00
7.093099999999999961e-01
0.000000000000000000e+00
0.000000000000000000e+00
5.407600000000000184e-01
0.000000000000000000e+00
0.000000000000000000e+00
0.000000000000000000e+00
5.941100000000000270e-01
0.000000000000000000e+00
0.000000000000000000e+00
0.000000000000000000e+00
0.000000000000000000e+00
0.000000000000000000e+00
0.000000000000000000e+00
0.000000000000000000e+00
0.000000000000000000e+00
0.000000000000000000e+00
0.000000000000000000e+00
0.000000000000000000e+00
0.000000000000000000e+00
0.000000000000000000e+00
0.000000000000000000e+00
0.000000000000000000e+00
0.000000000000000000e+00
0.000000000000000000e+00
0.000000000000000000e+00
0.000000000000000000e+00
0.000000000000000000e+00
0.000000000000000000e+00
6.935799999999999743e-01
0.000000000000000000e+00
0.000000000000000000e+00
0.000000000000000000e+00
5.681199999999999584e-01
0.000000000000000000e+00
6.735400000000000276e-01
0.000000000000000000e+00
0.000000000000000000e+00
8.170199999999999685e-01
0.000000000000000000e+00
0.000000000000000000e+00
0.000000000000000000e+00
8.366200000000000303e-01
0.000000000000000000e+00
0.000000000000000000e+00
7.643600000000000394e-01
0.000000000000000000e+00
0.000000000000000000e+00
5.554099999999999593e-01
0.000000000000000000e+00
0.000000000000000000e+00
8.434599999999999875e-01
0.000000000000000000e+00
0.000000000000000000e+00
0.000000000000000000e+00
7.329499999999999904e-01
0.000000000000000000e+00
0.000000000000000000e+00
7.129999999999999671e-01
0.000000000000000000e+00
6.218700000000000339e-01
0.000000000000000000e+00
0.000000000000000000e+00
0.000000000000000000e+00
5.367499999999999494e-01
0.000000000000000000e+00
0.000000000000000000e+00
6.350400000000000489e-01
0.000000000000000000e+00
0.000000000000000000e+00
0.000000000000000000e+00
5.271799999999999820e-01
0.000000000000000000e+00
5.956200000000000383e-01
0.000000000000000000e+00
0.000000000000000000e+00
0.000000000000000000e+00
7.252100000000000213e-01
0.000000000000000000e+00
0.000000000000000000e+00
0.000000000000000000e+00
0.000000000000000000e+00
5.212200000000000166e-01
0.000000000000000000e+00
0.000000000000000000e+00
6.714900000000000313e-01
0.000000000000000000e+00
0.000000000000000000e+00
0.000000000000000000e+00
6.307000000000000384e-01
0.000000000000000000e+00
0.000000000000000000e+00
0.000000000000000000e+00
1.371699999999999919e+00
0.000000000000000000e+00
1.917829999999999924e+00
0.000000000000000000e+00
5.772199999999999553e-01
0.000000000000000000e+00
1.294310000000000072e+00
0.000000000000000000e+00
0.000000000000000000e+00
0.000000000000000000e+00
6.207200000000000495e-01
0.000000000000000000e+00
0.000000000000000000e+00
0.000000000000000000e+00
5.224999999999999645e-01
0.000000000000000000e+00
0.000000000000000000e+00
0.000000000000000000e+00
9.971999999999999753e-01
0.000000000000000000e+00
6.384600000000000275e-01
0.000000000000000000e+00
0.000000000000000000e+00
0.000000000000000000e+00
6.770000000000000462e-01
0.000000000000000000e+00
0.000000000000000000e+00
0.000000000000000000e+00
0.000000000000000000e+00
0.000000000000000000e+00
0.000000000000000000e+00
6.205500000000000460e-01
0.000000000000000000e+00
9.429199999999999804e-01
0.000000000000000000e+00
8.551299999999999457e-01
0.000000000000000000e+00
8.838899999999999535e-01
0.000000000000000000e+00
0.000000000000000000e+00
0.000000000000000000e+00
0.000000000000000000e+00
5.140299999999999869e-01
0.000000000000000000e+00
0.000000000000000000e+00
1.918250000000000011e+00
0.000000000000000000e+00
5.544099999999999584e-01
0.000000000000000000e+00
5.140099999999999669e-01
0.000000000000000000e+00
0.000000000000000000e+00
0.000000000000000000e+00
4.537599999999999967e-01
0.000000000000000000e+00
0.000000000000000000e+00
6.743799999999999795e-01
0.000000000000000000e+00
0.000000000000000000e+00
5.400199999999999445e-01
0.000000000000000000e+00
0.000000000000000000e+00
7.913400000000000434e-01
0.000000000000000000e+00
5.954800000000000093e-01
0.000000000000000000e+00
0.000000000000000000e+00
4.490399999999999947e-01
0.000000000000000000e+00
0.000000000000000000e+00
0.000000000000000000e+00
9.631999999999999451e-01
0.000000000000000000e+00
5.781699999999999617e-01
0.000000000000000000e+00
0.000000000000000000e+00
5.855700000000000349e-01
0.000000000000000000e+00
0.000000000000000000e+00
7.834299999999999597e-01
0.000000000000000000e+00
0.000000000000000000e+00
6.391200000000000214e-01
0.000000000000000000e+00
5.192799999999999638e-01
0.000000000000000000e+00
0.000000000000000000e+00
0.000000000000000000e+00
0.000000000000000000e+00
5.414600000000000524e-01
0.000000000000000000e+00
0.000000000000000000e+00
0.000000000000000000e+00
0.000000000000000000e+00
0.000000000000000000e+00
4.146500000000000186e-01
0.000000000000000000e+00
0.000000000000000000e+00
0.000000000000000000e+00
8.753699999999999815e-01
0.000000000000000000e+00
0.000000000000000000e+00
0.000000000000000000e+00
0.000000000000000000e+00
0.000000000000000000e+00
4.207500000000000129e-01
0.000000000000000000e+00
0.000000000000000000e+00
4.318100000000000271e-01
0.000000000000000000e+00
5.332099999999999618e-01
0.000000000000000000e+00
0.000000000000000000e+00
0.000000000000000000e+00
0.000000000000000000e+00
4.745900000000000118e-01
0.000000000000000000e+00
0.000000000000000000e+00
4.720900000000000096e-01
0.000000000000000000e+00
7.076799999999999757e-01
0.000000000000000000e+00
7.819700000000000539e-01
0.000000000000000000e+00
0.000000000000000000e+00
5.416100000000000358e-01
0.000000000000000000e+00
0.000000000000000000e+00
4.738200000000000189e-01
0.000000000000000000e+00
0.000000000000000000e+00
0.000000000000000000e+00
9.682300000000000351e-01
0.000000000000000000e+00
6.684400000000000341e-01
0.000000000000000000e+00
0.000000000000000000e+00
6.179700000000000193e-01
0.000000000000000000e+00
0.000000000000000000e+00
0.000000000000000000e+00
5.848299999999999610e-01
0.000000000000000000e+00
0.000000000000000000e+00
0.000000000000000000e+00
0.000000000000000000e+00
5.272700000000000164e-01
0.000000000000000000e+00
6.355499999999999483e-01
0.000000000000000000e+00
0.000000000000000000e+00
0.000000000000000000e+00
5.261900000000000466e-01
0.000000000000000000e+00
0.000000000000000000e+00
4.970100000000000073e-01
0.000000000000000000e+00
0.000000000000000000e+00
0.000000000000000000e+00
6.693200000000000260e-01
0.000000000000000000e+00
0.000000000000000000e+00
0.000000000000000000e+00
9.644099999999999895e-01
0.000000000000000000e+00
1.292329999999999979e+00
0.000000000000000000e+00
0.000000000000000000e+00
5.121799999999999686e-01
0.000000000000000000e+00
0.000000000000000000e+00
0.000000000000000000e+00
4.858600000000000141e-01
0.000000000000000000e+00
0.000000000000000000e+00
0.000000000000000000e+00
0.000000000000000000e+00
5.452200000000000379e-01
0.000000000000000000e+00
8.140100000000000113e-01
0.000000000000000000e+00
6.944000000000000172e-01
0.000000000000000000e+00
4.795699999999999963e-01
0.000000000000000000e+00
0.000000000000000000e+00
5.162299999999999667e-01
0.000000000000000000e+00
0.000000000000000000e+00
0.000000000000000000e+00
5.233600000000000474e-01
0.000000000000000000e+00
0.000000000000000000e+00
5.811500000000000554e-01
0.000000000000000000e+00
0.000000000000000000e+00
0.000000000000000000e+00
0.000000000000000000e+00
0.000000000000000000e+00
0.000000000000000000e+00
0.000000000000000000e+00
0.000000000000000000e+00
0.000000000000000000e+00
0.000000000000000000e+00
0.000000000000000000e+00
0.000000000000000000e+00
0.000000000000000000e+00
0.000000000000000000e+00
0.000000000000000000e+00
0.000000000000000000e+00
0.000000000000000000e+00
0.000000000000000000e+00
0.000000000000000000e+00
0.000000000000000000e+00
0.000000000000000000e+00
5.406999999999999584e-01
0.000000000000000000e+00
0.000000000000000000e+00
0.000000000000000000e+00
0.000000000000000000e+00
5.032799999999999496e-01
0.000000000000000000e+00
5.594200000000000284e-01
0.000000000000000000e+00
0.000000000000000000e+00
0.000000000000000000e+00
0.000000000000000000e+00
7.557700000000000529e-01
0.000000000000000000e+00
6.655100000000000460e-01
0.000000000000000000e+00
0.000000000000000000e+00
0.000000000000000000e+00
7.842999999999999972e-01
0.000000000000000000e+00
0.000000000000000000e+00
0.000000000000000000e+00
5.728400000000000158e-01
0.000000000000000000e+00
0.000000000000000000e+00
0.000000000000000000e+00
0.000000000000000000e+00
0.000000000000000000e+00
7.760200000000000431e-01
0.000000000000000000e+00
0.000000000000000000e+00
8.532899999999999929e-01
0.000000000000000000e+00
0.000000000000000000e+00
0.000000000000000000e+00
0.000000000000000000e+00
5.798999999999999710e-01
0.000000000000000000e+00
0.000000000000000000e+00
0.000000000000000000e+00
5.960900000000000087e-01
0.000000000000000000e+00
0.000000000000000000e+00
6.286000000000000476e-01
0.000000000000000000e+00
6.021999999999999575e-01
0.000000000000000000e+00
0.000000000000000000e+00
0.000000000000000000e+00
0.000000000000000000e+00
1.093920000000000003e+00
0.000000000000000000e+00
0.000000000000000000e+00
0.000000000000000000e+00
0.000000000000000000e+00
0.000000000000000000e+00
0.000000000000000000e+00
7.114800000000000013e-01
0.000000000000000000e+00
0.000000000000000000e+00
0.000000000000000000e+00
5.849999999999999645e-01
0.000000000000000000e+00
0.000000000000000000e+00
6.639199999999999546e-01
0.000000000000000000e+00
0.000000000000000000e+00
1.628800000000000026e+00
0.000000000000000000e+00
0.000000000000000000e+00
0.000000000000000000e+00
0.000000000000000000e+00
0.000000000000000000e+00
6.396300000000000319e-01
0.000000000000000000e+00
0.000000000000000000e+00
5.705900000000000416e-01
0.000000000000000000e+00
0.000000000000000000e+00
7.225000000000000311e-01
0.000000000000000000e+00
0.000000000000000000e+00
0.000000000000000000e+00
1.514999999999999902e+00
0.000000000000000000e+00
6.942099999999999937e-01
0.000000000000000000e+00
7.438399999999999457e-01
0.000000000000000000e+00
6.877799999999999470e-01
0.000000000000000000e+00
0.000000000000000000e+00
0.000000000000000000e+00
0.000000000000000000e+00
6.257899999999999574e-01
0.000000000000000000e+00
7.051699999999999635e-01
0.000000000000000000e+00
0.000000000000000000e+00
0.000000000000000000e+00
9.071000000000000174e-01
0.000000000000000000e+00
0.000000000000000000e+00
5.980499999999999705e-01
0.000000000000000000e+00
0.000000000000000000e+00
5.446199999999999930e-01
0.000000000000000000e+00
0.000000000000000000e+00
0.000000000000000000e+00
7.053899999999999615e-01
0.000000000000000000e+00
0.000000000000000000e+00
0.000000000000000000e+00
0.000000000000000000e+00
0.000000000000000000e+00
5.203999999999999737e-01
0.000000000000000000e+00
0.000000000000000000e+00
0.000000000000000000e+00
6.057000000000000162e-01
0.000000000000000000e+00
1.315050000000000052e+00
0.000000000000000000e+00
0.000000000000000000e+00
5.891699999999999715e-01
0.000000000000000000e+00
0.000000000000000000e+00
0.000000000000000000e+00
0.000000000000000000e+00
0.000000000000000000e+00
6.899600000000000177e-01
0.000000000000000000e+00
0.000000000000000000e+00
6.577899999999999858e-01
0.000000000000000000e+00
0.000000000000000000e+00
0.000000000000000000e+00
5.722399999999999709e-01
0.000000000000000000e+00
0.000000000000000000e+00
0.000000000000000000e+00
0.000000000000000000e+00
5.874599999999999822e-01
0.000000000000000000e+00
5.597400000000000153e-01
0.000000000000000000e+00
0.000000000000000000e+00
6.036500000000000199e-01
0.000000000000000000e+00
0.000000000000000000e+00
0.000000000000000000e+00
0.000000000000000000e+00
9.342700000000000449e-01
0.000000000000000000e+00
0.000000000000000000e+00
0.000000000000000000e+00
0.000000000000000000e+00
0.000000000000000000e+00
0.000000000000000000e+00
0.000000000000000000e+00
5.829699999999999882e-01
0.000000000000000000e+00
7.712900000000000311e-01
0.000000000000000000e+00
5.974099999999999966e-01
0.000000000000000000e+00
5.304299999999999571e-01
0.000000000000000000e+00
6.827600000000000335e-01
0.000000000000000000e+00
0.000000000000000000e+00
7.202300000000000368e-01
0.000000000000000000e+00
0.000000000000000000e+00
0.000000000000000000e+00
0.000000000000000000e+00
0.000000000000000000e+00
4.968600000000000239e-01
0.000000000000000000e+00
8.161000000000000476e-01
0.000000000000000000e+00
6.564499999999999780e-01
0.000000000000000000e+00
0.000000000000000000e+00
0.000000000000000000e+00
6.531500000000000083e-01
0.000000000000000000e+00
8.804800000000000404e-01
0.000000000000000000e+00
0.000000000000000000e+00
0.000000000000000000e+00
5.290599999999999747e-01
0.000000000000000000e+00
7.148799999999999599e-01
0.000000000000000000e+00
0.000000000000000000e+00
0.000000000000000000e+00
0.000000000000000000e+00
7.242499999999999494e-01
0.000000000000000000e+00
0.000000000000000000e+00
0.000000000000000000e+00
0.000000000000000000e+00
0.000000000000000000e+00
0.000000000000000000e+00
1.920539999999999914e+00
0.000000000000000000e+00
0.000000000000000000e+00
0.000000000000000000e+00
7.106500000000000039e-01
0.000000000000000000e+00
0.000000000000000000e+00
6.260999999999999899e-01
0.000000000000000000e+00
0.000000000000000000e+00
0.000000000000000000e+00
6.313100000000000378e-01
0.000000000000000000e+00
0.000000000000000000e+00
5.467999999999999527e-01
0.000000000000000000e+00
0.000000000000000000e+00
0.000000000000000000e+00
0.000000000000000000e+00
0.000000000000000000e+00
8.897500000000000409e-01
0.000000000000000000e+00
5.693200000000000482e-01
0.000000000000000000e+00
0.000000000000000000e+00
5.292400000000000437e-01
0.000000000000000000e+00
0.000000000000000000e+00
0.000000000000000000e+00
0.000000000000000000e+00
9.653100000000000014e-01
0.000000000000000000e+00
0.000000000000000000e+00
0.000000000000000000e+00
0.000000000000000000e+00
6.829899999999999860e-01
0.000000000000000000e+00
0.000000000000000000e+00
1.074489999999999945e+00
0.000000000000000000e+00
7.625499999999999501e-01
0.000000000000000000e+00
1.922120000000000051e+00
0.000000000000000000e+00
1.046130000000000004e+00
0.000000000000000000e+00
5.203699999999999992e-01
0.000000000000000000e+00
0.000000000000000000e+00
5.443400000000000460e-01
0.000000000000000000e+00
0.000000000000000000e+00
5.076600000000000001e-01
0.000000000000000000e+00
0.000000000000000000e+00
5.533700000000000285e-01
0.000000000000000000e+00
0.000000000000000000e+00
5.732500000000000373e-01
0.000000000000000000e+00
0.000000000000000000e+00
0.000000000000000000e+00
5.966900000000000537e-01
0.000000000000000000e+00
8.778399999999999537e-01
0.000000000000000000e+00
0.000000000000000000e+00
9.966800000000000104e-01
0.000000000000000000e+00
0.000000000000000000e+00
7.045299999999999896e-01
0.000000000000000000e+00
0.000000000000000000e+00
0.000000000000000000e+00
0.000000000000000000e+00
4.463799999999999990e-01
0.000000000000000000e+00
0.000000000000000000e+00
0.000000000000000000e+00
0.000000000000000000e+00
0.000000000000000000e+00
0.000000000000000000e+00
0.000000000000000000e+00
0.000000000000000000e+00
0.000000000000000000e+00
0.000000000000000000e+00
0.000000000000000000e+00
0.000000000000000000e+00
0.000000000000000000e+00
0.000000000000000000e+00
0.000000000000000000e+00
0.000000000000000000e+00
0.000000000000000000e+00
0.000000000000000000e+00
0.000000000000000000e+00
0.000000000000000000e+00
0.000000000000000000e+00
0.000000000000000000e+00
0.000000000000000000e+00
1.013940000000000063e+00
0.000000000000000000e+00
0.000000000000000000e+00
7.114200000000000523e-01
0.000000000000000000e+00
0.000000000000000000e+00
1.295630000000000059e+00
0.000000000000000000e+00
0.000000000000000000e+00
0.000000000000000000e+00
4.707799999999999763e-01
0.000000000000000000e+00
0.000000000000000000e+00
0.000000000000000000e+00
0.000000000000000000e+00
7.572699999999999987e-01
0.000000000000000000e+00
0.000000000000000000e+00
8.039199999999999680e-01
0.000000000000000000e+00
0.000000000000000000e+00
0.000000000000000000e+00
6.689300000000000246e-01
0.000000000000000000e+00
0.000000000000000000e+00
0.000000000000000000e+00
5.881499999999999506e-01
0.000000000000000000e+00
0.000000000000000000e+00
5.472399999999999487e-01
0.000000000000000000e+00
6.383400000000000185e-01
0.000000000000000000e+00
7.137599999999999500e-01
0.000000000000000000e+00
0.000000000000000000e+00
0.000000000000000000e+00
6.492499999999999938e-01
0.000000000000000000e+00
5.168500000000000316e-01
0.000000000000000000e+00
0.000000000000000000e+00
0.000000000000000000e+00
0.000000000000000000e+00
4.720300000000000051e-01
0.000000000000000000e+00
0.000000000000000000e+00
0.000000000000000000e+00
0.000000000000000000e+00
7.797800000000000287e-01
0.000000000000000000e+00
0.000000000000000000e+00
5.638499999999999623e-01
0.000000000000000000e+00
8.863900000000000112e-01
0.000000000000000000e+00
5.676999999999999824e-01
0.000000000000000000e+00
0.000000000000000000e+00
0.000000000000000000e+00
0.000000000000000000e+00
4.586000000000000076e-01
0.000000000000000000e+00
0.000000000000000000e+00
6.146899999999999586e-01
0.000000000000000000e+00
0.000000000000000000e+00
1.415470000000000006e+00
0.000000000000000000e+00
0.000000000000000000e+00
6.746100000000000430e-01
0.000000000000000000e+00
0.000000000000000000e+00
7.292999999999999483e-01
0.000000000000000000e+00
0.000000000000000000e+00
6.013300000000000312e-01
0.000000000000000000e+00
0.000000000000000000e+00
0.000000000000000000e+00
0.000000000000000000e+00
0.000000000000000000e+00
0.000000000000000000e+00
4.289200000000000235e-01
0.000000000000000000e+00
0.000000000000000000e+00
0.000000000000000000e+00
0.000000000000000000e+00
5.522299999999999986e-01
0.000000000000000000e+00
0.000000000000000000e+00
0.000000000000000000e+00
7.073800000000000088e-01
0.000000000000000000e+00
0.000000000000000000e+00
5.836200000000000276e-01
0.000000000000000000e+00
5.717700000000000005e-01
0.000000000000000000e+00
0.000000000000000000e+00
5.496999999999999664e-01
0.000000000000000000e+00
0.000000000000000000e+00
5.539100000000000135e-01
0.000000000000000000e+00
0.000000000000000000e+00
0.000000000000000000e+00
0.000000000000000000e+00
0.000000000000000000e+00
7.759200000000000541e-01
0.000000000000000000e+00
5.436400000000000121e-01
0.000000000000000000e+00
7.450599999999999445e-01
0.000000000000000000e+00
5.923500000000000432e-01
0.000000000000000000e+00
0.000000000000000000e+00
5.282799999999999718e-01
0.000000000000000000e+00
0.000000000000000000e+00
5.593500000000000139e-01
0.000000000000000000e+00
0.000000000000000000e+00
4.830800000000000094e-01
0.000000000000000000e+00
0.000000000000000000e+00
0.000000000000000000e+00
0.000000000000000000e+00
5.424999999999999822e-01
0.000000000000000000e+00
0.000000000000000000e+00
0.000000000000000000e+00
6.088299999999999823e-01
0.000000000000000000e+00
8.291100000000000136e-01
0.000000000000000000e+00
0.000000000000000000e+00
0.000000000000000000e+00
5.087699999999999445e-01
0.000000000000000000e+00
1.098840000000000039e+00
0.000000000000000000e+00
0.000000000000000000e+00
0.000000000000000000e+00
4.282299999999999995e-01
0.000000000000000000e+00
5.677499999999999769e-01
0.000000000000000000e+00
0.000000000000000000e+00
0.000000000000000000e+00
0.000000000000000000e+00
0.000000000000000000e+00
4.114800000000000124e-01
0.000000000000000000e+00
8.869700000000000362e-01
0.000000000000000000e+00
0.000000000000000000e+00
0.000000000000000000e+00
5.755200000000000315e-01
0.000000000000000000e+00
9.557299999999999685e-01
0.000000000000000000e+00
0.000000000000000000e+00
0.000000000000000000e+00
0.000000000000000000e+00
0.000000000000000000e+00
0.000000000000000000e+00
6.404999999999999583e-01
0.000000000000000000e+00
0.000000000000000000e+00
0.000000000000000000e+00
6.717999999999999527e-01
0.000000000000000000e+00
0.000000000000000000e+00
0.000000000000000000e+00
6.866400000000000281e-01
0.000000000000000000e+00
0.000000000000000000e+00
6.923500000000000210e-01
0.000000000000000000e+00
0.000000000000000000e+00
7.085900000000000531e-01
0.000000000000000000e+00
5.935099999999999820e-01
0.000000000000000000e+00
0.000000000000000000e+00
5.875500000000000167e-01
0.000000000000000000e+00
0.000000000000000000e+00
0.000000000000000000e+00
0.000000000000000000e+00
4.874499999999999944e-01
0.000000000000000000e+00
9.178899999999999837e-01
0.000000000000000000e+00
0.000000000000000000e+00
0.000000000000000000e+00
0.000000000000000000e+00
5.160299999999999887e-01
0.000000000000000000e+00
0.000000000000000000e+00
0.000000000000000000e+00
5.346699999999999786e-01
0.000000000000000000e+00
5.246199999999999752e-01
0.000000000000000000e+00
0.000000000000000000e+00
0.000000000000000000e+00
0.000000000000000000e+00
4.520500000000000074e-01
0.000000000000000000e+00
0.000000000000000000e+00
0.000000000000000000e+00
0.000000000000000000e+00
0.000000000000000000e+00
5.501000000000000334e-01
0.000000000000000000e+00
0.000000000000000000e+00
0.000000000000000000e+00
0.000000000000000000e+00
9.851799999999999446e-01
0.000000000000000000e+00
0.000000000000000000e+00
5.103900000000000103e-01
0.000000000000000000e+00
9.011400000000000521e-01
0.000000000000000000e+00
0.000000000000000000e+00
8.876500000000000501e-01
0.000000000000000000e+00
0.000000000000000000e+00
4.581799999999999762e-01
0.000000000000000000e+00
0.000000000000000000e+00
0.000000000000000000e+00
0.000000000000000000e+00
5.285800000000000498e-01
0.000000000000000000e+00
6.517300000000000315e-01
0.000000000000000000e+00
0.000000000000000000e+00
5.668600000000000305e-01
0.000000000000000000e+00
0.000000000000000000e+00
4.673300000000000232e-01
0.000000000000000000e+00
0.000000000000000000e+00
0.000000000000000000e+00
4.748200000000000198e-01
0.000000000000000000e+00
5.138099999999999890e-01
0.000000000000000000e+00
0.000000000000000000e+00
3.885199999999999765e-01
0.000000000000000000e+00
4.827600000000000224e-01
0.000000000000000000e+00
5.850199999999999845e-01
0.000000000000000000e+00
1.484199999999999964e+00
0.000000000000000000e+00
0.000000000000000000e+00
0.000000000000000000e+00
0.000000000000000000e+00
5.855099999999999749e-01
0.000000000000000000e+00
0.000000000000000000e+00
7.324399999999999800e-01
0.000000000000000000e+00
0.000000000000000000e+00
0.000000000000000000e+00
0.000000000000000000e+00
0.000000000000000000e+00
0.000000000000000000e+00
0.000000000000000000e+00
0.000000000000000000e+00
0.000000000000000000e+00
0.000000000000000000e+00
0.000000000000000000e+00
0.000000000000000000e+00
0.000000000000000000e+00
