0.000000000000000000e+00
0.000000000000000000e+00
0.000000000000000000e+00
0.000000000000000000e+00
0.000000000000000000e+00
0.000000000000000000e+00
0.000000000000000000e+00
0.000000000000000000e+00
0.000000000000000000e+00
0.000000000000000000e+00
5.454700000000000104e-01
0.000000000000000000e+00
5.617199999999999971e-01
0.000000000000000000e+00
0.000000000000000000e+00
5.348699999999999566e-01
0.000000000000000000e+00
0.000000000000000000e+00
9.347299999999999498e-01
0.000000000000000000e+00
6.096300000000000052e-01
0.000000000000000000e+00
0.000000000000000000e+00
0.000000000000000000e+00
4.118299999999999739e-01
0.000000000000000000e+00
0.000000000000000000e+00
0.000000000000000000e+00
5.453500000000000014e-01
0.000000000000000000e+00
0.000000000000000000e+00
5.475299999999999612e-01
0.000000000000000000e+00
0.000000000000000000e+00
0.000000000000000000e+00
4.844899999999999762e-01
0.000000000000000000e+00
5.484200000000000186e-01
0.000000000000000000e+00
0.000000000000000000e+00
8.015099999999999447e-01
0.000000000000000000e+00
8.788300000000000001e-01
0.000000000000000000e+00
6.076399999999999579e-01
0.000000000000000000e+00
0.000000000000000000e+00
0.000000000000000000e+00
0.000000000000000000e+00
5.377499999999999503e-01
0.000000000000000000e+00
0.000000000000000000e+00
0.000000000000000000e+00
6.459399999999999586e-01
0.000000000000000000e+00
5.464200000000000168e-01
0.000000000000000000e+00
0.000000000000000000e+00
5.654000000000000137e-01
0.000000000000000000e+00
0.000000000000000000e+00
0.000000000000000000e+00
5.151900000000000368e-01
0.000000000000000000e+00
0.000000000000000000e+00
0.000000000000000000e+00
5.752599999999999936e-01
0.000000000000000000e+00
0.000000000000000000e+00
0.000000000000000000e+00
0.000000000000000000e+00
0.000000000000000000e+00
0.000000000000000000e+00
1.021409999999999929e+00
0.000000000000000000e+00
0.000000000000000000e+00
0.000000000000000000e+00
5.950100000000000389e-01
0.000000000000000000e+00
0.000000000000000000e+00
0.000000000000000000e+00
5.579699999999999660e-01
0.000000000000000000e+00
0.000000000000000000e+00
8.362500000000000488e-01
0.000000000000000000e+00
5.331399999999999473e-01
0.000000000000000000e+00
0.000000000000000000e+00
0.000000000000000000e+00
5.020499999999999963e-01
0.000000000000000000e+00
0.000000000000000000e+00
0.000000000000000000e+00
0.000000000000000000e+00
5.188800000000000079e-01
0.000000000000000000e+00
0.000000000000000000e+00
0.000000000000000000e+00
0.000000000000000000e+00
0.000000000000000000e+00
4.690799999999999970e-01
0.000000000000000000e+00
0.000000000000000000e+00
0.000000000000000000e+00
0.000000000000000000e+00
6.066799999999999971e-01
0.000000000000000000e+00
0.000000000000000000e+00
0.000000000000000000e+00
0.000000000000000000e+00
7.056999999999999940e-01
0.000000000000000000e+00
7.169900000000000162e-01
0.000000000000000000e+00
7.649200000000000443e-01
0.000000000000000000e+00
0.000000000000000000e+00
0.000000000000000000e+00
8.621400000000000174e-01
0.000000000000000000e+00
0.000000000000000000e+00
5.441099999999999826e-01
0.000000000000000000e+00
0.000000000000000000e+00
0.000000000000000000e+00
5.850400000000000045e-01
0.000000000000000000e+00
0.000000000000000000e+00
7.106200000000000294e-01
0.000000000000000000e+00
0.000000000000000000e+00
0.000000000000000000e+00
6.212800000000000544e-01
0.000000000000000000e+00
0.000000000000000000e+00
6.725700000000000012e-01
0.000000000000000000e+00
0.000000000000000000e+00
0.000000000000000000e+00
5.448499999999999455e-01
0.000000000000000000e+00
0.000000000000000000e+00
0.000000000000000000e+00
0.000000000000000000e+00
5.642399999999999638e-01
0.000000000000000000e+00
0.000000000000000000e+00
0.000000000000000000e+00
8.669599999999999529e-01
0.000000000000000000e+00
0.000000000000000000e+00
0.000000000000000000e+00
1.112470000000000070e+00
0.000000000000000000e+00
0.000000000000000000e+00
0.000000000000000000e+00
0.000000000000000000e+00
5.303200000000000136e-01
0.000000000000000000e+00
0.000000000000000000e+00
1.165499999999999980e+00
0.000000000000000000e+00
0.000000000000000000e+00
0.000000000000000000e+00
0.000000000000000000e+00
6.122300000000000519e-01
0.000000000000000000e+00
0.000000000000000000e+00
0.000000000000000000e+00
5.073400000000000132e-01
0.000000000000000000e+00
5.567400000000000126e-01
0.000000000000000000e+00
0.000000000000000000e+00
0.000000000000000000e+00
5.120000000000000107e-01
0.000000000000000000e+00
0.000000000000000000e+00
9.398699999999999832e-01
0.000000000000000000e+00
0.000000000000000000e+00
1.201810000000000045e+00
0.000000000000000000e+00
0.000000000000000000e+00
4.915599999999999969e-01
0.000000000000000000e+00
0.000000000000000000e+00
0.000000000000000000e+00
6.864500000000000046e-01
0.000000000000000000e+00
0.000000000000000000e+00
0.000000000000000000e+00
6.398200000000000554e-01
0.000000000000000000e+00
0.000000000000000000e+00
0.000000000000000000e+00
0.000000000000000000e+00
5.689100000000000268e-01
0.000000000000000000e+00
7.465500000000000469e-01
0.000000000000000000e+00
0.000000000000000000e+00
6.441099999999999604e-01
0.000000000000000000e+00
1.320240000000000080e+00
0.000000000000000000e+00
0.000000000000000000e+00
0.000000000000000000e+00
0.000000000000000000e+00
0.000000000000000000e+00
0.000000000000000000e+00
7.492600000000000371e-01
0.000000000000000000e+00
0.000000000000000000e+00
0.000000000000000000e+00
0.000000000000000000e+00
6.515699999999999825e-01
0.000000000000000000e+00
0.000000000000000000e+00
0.000000000000000000e+00
0.000000000000000000e+00
7.566399999999999793e-01
0.000000000000000000e+00
0.000000000000000000e+00
0.000000000000000000e+00
7.426099999999999923e-01
0.000000000000000000e+00
0.000000000000000000e+00
5.881399999999999961e-01
0.000000000000000000e+00
6.030699999999999950e-01
0.000000000000000000e+00
0.000000000000000000e+00
0.000000000000000000e+00
0.000000000000000000e+00
0.000000000000000000e+00
0.000000000000000000e+00
0.000000000000000000e+00
5.052400000000000224e-01
0.000000000000000000e+00
0.000000000000000000e+00
7.481700000000000017e-01
0.000000000000000000e+00
0.000000000000000000e+00
1.200479999999999992e+00
0.000000000000000000e+00
0.000000000000000000e+00
6.519399999999999640e-01
0.000000000000000000e+00
5.584599999999999564e-01
0.000000000000000000e+00
0.000000000000000000e+00
0.000000000000000000e+00
5.674000000000000155e-01
0.000000000000000000e+00
0.000000000000000000e+00
0.000000000000000000e+00
0.000000000000000000e+00
4.864600000000000035e-01
0.000000000000000000e+00
0.000000000000000000e+00
0.000000000000000000e+00
8.219300000000000495e-01
0.000000000000000000e+00
0.000000000000000000e+00
7.190800000000000525e-01
0.000000000000000000e+00
0.000000000000000000e+00
4.787299999999999889e-01
0.000000000000000000e+00
0.000000000000000000e+00
1.134900000000000020e+00
0.000000000000000000e+00
0.000000000000000000e+00
0.000000000000000000e+00
0.000000000000000000e+00
5.953399999999999803e-01
0.000000000000000000e+00
0.000000000000000000e+00
5.440000000000000391e-01
0.000000000000000000e+00
0.000000000000000000e+00
0.000000000000000000e+00
6.423900000000000166e-01
0.000000000000000000e+00
0.000000000000000000e+00
5.570000000000000506e-01
0.000000000000000000e+00
0.000000000000000000e+00
0.000000000000000000e+00
0.000000000000000000e+00
5.422000000000000153e-01
0.000000000000000000e+00
0.000000000000000000e+00
0.000000000000000000e+00
0.000000000000000000e+00
0.000000000000000000e+00
6.200499999999999901e-01
0.000000000000000000e+00
6.712099999999999733e-01
0.000000000000000000e+00
0.000000000000000000e+00
0.000000000000000000e+00
0.000000000000000000e+00
0.000000000000000000e+00
0.000000000000000000e+00
0.000000000000000000e+00
0.000000000000000000e+00
0.000000000000000000e+00
0.000000000000000000e+00
0.000000000000000000e+00
0.000000000000000000e+00
0.000000000000000000e+00
0.000000000000000000e+00
0.000000000000000000e+00
0.000000000000000000e+00
0.000000000000000000e+00
0.000000000000000000e+00
0.000000000000000000e+00
0.000000000000000000e+00
0.000000000000000000e+00
0.000000000000000000e+00
0.000000000000000000e+00
0.000000000000000000e+00
0.000000000000000000e+00
0.000000000000000000e+00
1.155000000000000027e+00
0.000000000000000000e+00
0.000000000000000000e+00
6.422200000000000131e-01
0.000000000000000000e+00
5.635400000000000409e-01
0.000000000000000000e+00
0.000000000000000000e+00
0.000000000000000000e+00
0.000000000000000000e+00
8.118699999999999806e-01
0.000000000000000000e+00
5.912600000000000078e-01
0.000000000000000000e+00
0.000000000000000000e+00
8.596799999999999997e-01
0.000000000000000000e+00
0.000000000000000000e+00
0.000000000000000000e+00
4.819399999999999795e-01
0.000000000000000000e+00
0.000000000000000000e+00
4.787500000000000089e-01
0.000000000000000000e+00
0.000000000000000000e+00
0.000000000000000000e+00
5.855900000000000549e-01
0.000000000000000000e+00
6.044199999999999573e-01
0.000000000000000000e+00
0.000000000000000000e+00
0.000000000000000000e+00
9.583099999999999952e-01
0.000000000000000000e+00
8.303399999999999670e-01
0.000000000000000000e+00
6.649599999999999955e-01
0.000000000000000000e+00
0.000000000000000000e+00
0.000000000000000000e+00
0.000000000000000000e+00
5.840400000000000036e-01
0.000000000000000000e+00
0.000000000000000000e+00
0.000000000000000000e+00
0.000000000000000000e+00
5.583799999999999875e-01
0.000000000000000000e+00
9.145499999999999741e-01
0.000000000000000000e+00
7.325199999999999489e-01
0.000000000000000000e+00
6.459300000000000042e-01
0.000000000000000000e+00
0.000000000000000000e+00
0.000000000000000000e+00
5.777600000000000513e-01
0.000000000000000000e+00
1.031859999999999999e+00
0.000000000000000000e+00
0.000000000000000000e+00
0.000000000000000000e+00
5.467300000000000493e-01
0.000000000000000000e+00
0.000000000000000000e+00
6.030999999999999694e-01
0.000000000000000000e+00
6.544699999999999962e-01
0.000000000000000000e+00
0.000000000000000000e+00
8.096900000000000208e-01
0.000000000000000000e+00
0.000000000000000000e+00
5.547499999999999654e-01
0.000000000000000000e+00
0.000000000000000000e+00
8.914499999999999647e-01
0.000000000000000000e+00
0.000000000000000000e+00
0.000000000000000000e+00
0.000000000000000000e+00
0.000000000000000000e+00
0.000000000000000000e+00
5.202499999999999902e-01
0.000000000000000000e+00
0.000000000000000000e+00
7.698700000000000543e-01
0.000000000000000000e+00
5.462200000000000388e-01
0.000000000000000000e+00
7.742999999999999883e-01
0.000000000000000000e+00
6.766999999999999682e-01
0.000000000000000000e+00
0.000000000000000000e+00
0.000000000000000000e+00
0.000000000000000000e+00
5.509399999999999853e-01
0.000000000000000000e+00
0.000000000000000000e+00
5.918900000000000272e-01
0.000000000000000000e+00
0.000000000000000000e+00
7.660299999999999887e-01
0.000000000000000000e+00
0.000000000000000000e+00
0.000000000000000000e+00
0.000000000000000000e+00
0.000000000000000000e+00
5.997500000000000053e-01
0.000000000000000000e+00
8.868500000000000272e-01
0.000000000000000000e+00
5.716099999999999515e-01
0.000000000000000000e+00
5.193900000000000183e-01
0.000000000000000000e+00
5.038000000000000256e-01
0.000000000000000000e+00
0.000000000000000000e+00
5.107899999999999663e-01
0.000000000000000000e+00
0.000000000000000000e+00
0.000000000000000000e+00
6.142300000000000537e-01
0.000000000000000000e+00
0.000000000000000000e+00
0.000000000000000000e+00
0.000000000000000000e+00
5.625599999999999490e-01
0.000000000000000000e+00
0.000000000000000000e+00
8.621499999999999719e-01
0.000000000000000000e+00
0.000000000000000000e+00
0.000000000000000000e+00
6.909999999999999476e-01
0.000000000000000000e+00
0.000000000000000000e+00
0.000000000000000000e+00
0.000000000000000000e+00
0.000000000000000000e+00
1.082920000000000105e+00
0.000000000000000000e+00
5.313799999999999635e-01
0.000000000000000000e+00
0.000000000000000000e+00
0.000000000000000000e+00
8.320100000000000273e-01
0.000000000000000000e+00
0.000000000000000000e+00
5.202599999999999447e-01
0.000000000000000000e+00
5.747700000000000031e-01
0.000000000000000000e+00
0.000000000000000000e+00
5.179599999999999760e-01
0.000000000000000000e+00
0.000000000000000000e+00
6.746600000000000374e-01
0.000000000000000000e+00
5.777900000000000258e-01
0.000000000000000000e+00
0.000000000000000000e+00
0.000000000000000000e+00
5.545799999999999619e-01
0.000000000000000000e+00
0.000000000000000000e+00
0.000000000000000000e+00
5.383999999999999897e-01
0.000000000000000000e+00
0.000000000000000000e+00
0.000000000000000000e+00
6.008599999999999497e-01
0.000000000000000000e+00
0.000000000000000000e+00
0.000000000000000000e+00
0.000000000000000000e+00
0.000000000000000000e+00
6.913399999999999546e-01
0.000000000000000000e+00
6.137500000000000178e-01
0.000000000000000000e+00
5.942499999999999449e-01
0.000000000000000000e+00
5.824099999999999833e-01
0.000000000000000000e+00
0.000000000000000000e+00
0.000000000000000000e+00
0.000000000000000000e+00
0.000000000000000000e+00
0.000000000000000000e+00
5.168700000000000516e-01
0.000000000000000000e+00
0.000000000000000000e+00
0.000000000000000000e+00
6.434800000000000519e-01
0.000000000000000000e+00
0.000000000000000000e+00
6.381999999999999895e-01
0.000000000000000000e+00
5.866799999999999793e-01
0.000000000000000000e+00
0.000000000000000000e+00
0.000000000000000000e+00
0.000000000000000000e+00
5.388699999999999601e-01
0.000000000000000000e+00
0.000000000000000000e+00
0.000000000000000000e+00
7.764699999999999935e-01
0.000000000000000000e+00
6.945500000000000007e-01
0.000000000000000000e+00
0.000000000000000000e+00
5.011200000000000099e-01
0.000000000000000000e+00
0.000000000000000000e+00
4.414799999999999836e-01
0.000000000000000000e+00
6.240200000000000191e-01
0.000000000000000000e+00
0.000000000000000000e+00
0.000000000000000000e+00
0.000000000000000000e+00
7.822599999999999554e-01
0.000000000000000000e+00
0.000000000000000000e+00
0.000000000000000000e+00
0.000000000000000000e+00
7.114800000000000013e-01
0.000000000000000000e+00
9.652100000000000124e-01
0.000000000000000000e+00
0.000000000000000000e+00
0.000000000000000000e+00
0.000000000000000000e+00
5.447699999999999765e-01
0.000000000000000000e+00
0.000000000000000000e+00
5.555600000000000538e-01
0.000000000000000000e+00
0.000000000000000000e+00
0.000000000000000000e+00
6.775299999999999656e-01
0.000000000000000000e+00
0.000000000000000000e+00
6.163600000000000190e-01
0.000000000000000000e+00
0.000000000000000000e+00
5.951499999999999568e-01
0.000000000000000000e+00
0.000000000000000000e+00
1.178830000000000044e+00
0.000000000000000000e+00
0.000000000000000000e+00
0.000000000000000000e+00
8.204700000000000326e-01
0.000000000000000000e+00
0.000000000000000000e+00
0.000000000000000000e+00
0.000000000000000000e+00
5.527199999999999891e-01
0.000000000000000000e+00
0.000000000000000000e+00
0.000000000000000000e+00
0.000000000000000000e+00
0.000000000000000000e+00
0.000000000000000000e+00
0.000000000000000000e+00
0.000000000000000000e+00
0.000000000000000000e+00
0.000000000000000000e+00
0.000000000000000000e+00
0.000000000000000000e+00
0.000000000000000000e+00
0.000000000000000000e+00
0.000000000000000000e+00
0.000000000000000000e+00
0.000000000000000000e+00
0.000000000000000000e+00
0.000000000000000000e+00
0.000000000000000000e+00
0.000000000000000000e+00
0.000000000000000000e+00
0.000000000000000000e+00
0.000000000000000000e+00
5.252999999999999892e-01
0.000000000000000000e+00
0.000000000000000000e+00
0.000000000000000000e+00
5.077700000000000546e-01
0.000000000000000000e+00
0.000000000000000000e+00
0.000000000000000000e+00
6.724799999999999667e-01
0.000000000000000000e+00
0.000000000000000000e+00
0.000000000000000000e+00
0.000000000000000000e+00
5.084600000000000231e-01
0.000000000000000000e+00
0.000000000000000000e+00
0.000000000000000000e+00
0.000000000000000000e+00
5.621899999999999675e-01
0.000000000000000000e+00
0.000000000000000000e+00
7.007100000000000550e-01
0.000000000000000000e+00
0.000000000000000000e+00
5.275300000000000544e-01
0.000000000000000000e+00
0.000000000000000000e+00
0.000000000000000000e+00
0.000000000000000000e+00
0.000000000000000000e+00
0.000000000000000000e+00
5.613399999999999501e-01
0.000000000000000000e+00
5.849100000000000410e-01
0.000000000000000000e+00
0.000000000000000000e+00
5.681500000000000439e-01
0.000000000000000000e+00
0.000000000000000000e+00
4.909899999999999820e-01
0.000000000000000000e+00
0.000000000000000000e+00
6.359000000000000208e-01
0.000000000000000000e+00
0.000000000000000000e+00
0.000000000000000000e+00
6.786400000000000210e-01
0.000000000000000000e+00
0.000000000000000000e+00
0.000000000000000000e+00
0.000000000000000000e+00
5.079000000000000181e-01
0.000000000000000000e+00
0.000000000000000000e+00
6.359399999999999498e-01
0.000000000000000000e+00
5.317399999999999904e-01
0.000000000000000000e+00
0.000000000000000000e+00
0.000000000000000000e+00
7.816699999999999759e-01
0.000000000000000000e+00
0.000000000000000000e+00
6.156300000000000106e-01
0.000000000000000000e+00
5.230900000000000549e-01
0.000000000000000000e+00
8.661699999999999955e-01
0.000000000000000000e+00
0.000000000000000000e+00
6.619199999999999529e-01
0.000000000000000000e+00
0.000000000000000000e+00
0.000000000000000000e+00
0.000000000000000000e+00
6.745799999999999574e-01
0.000000000000000000e+00
0.000000000000000000e+00
6.478899999999999659e-01
0.000000000000000000e+00
0.000000000000000000e+00
0.000000000000000000e+00
0.000000000000000000e+00
6.575299999999999478e-01
0.000000000000000000e+00
0.000000000000000000e+00
0.000000000000000000e+00
6.759699999999999598e-01
0.000000000000000000e+00
0.000000000000000000e+00
0.000000000000000000e+00
5.783899999999999597e-01
0.000000000000000000e+00
1.067110000000000003e+00
0.000000000000000000e+00
0.000000000000000000e+00
0.000000000000000000e+00
0.000000000000000000e+00
6.252900000000000125e-01
0.000000000000000000e+00
6.571399999999999464e-01
0.000000000000000000e+00
0.000000000000000000e+00
0.000000000000000000e+00
0.000000000000000000e+00
0.000000000000000000e+00
6.220799999999999663e-01
0.000000000000000000e+00
0.000000000000000000e+00
0.000000000000000000e+00
5.764899999999999469e-01
0.000000000000000000e+00
6.002399999999999958e-01
0.000000000000000000e+00
0.000000000000000000e+00
7.581599999999999451e-01
0.000000000000000000e+00
7.099699999999999900e-01
0.000000000000000000e+00
9.641999999999999460e-01
0.000000000000000000e+00
0.000000000000000000e+00
5.452599999999999669e-01
0.000000000000000000e+00
0.000000000000000000e+00
0.000000000000000000e+00
0.000000000000000000e+00
5.986399999999999499e-01
0.000000000000000000e+00
5.109799999999999898e-01
0.000000000000000000e+00
0.000000000000000000e+00
0.000000000000000000e+00
6.224499999999999478e-01
0.000000000000000000e+00
0.000000000000000000e+00
0.000000000000000000e+00
0.000000000000000000e+00
6.064000000000000501e-01
0.000000000000000000e+00
0.000000000000000000e+00
6.466600000000000126e-01
0.000000000000000000e+00
0.000000000000000000e+00
8.194500000000000117e-01
0.000000000000000000e+00
0.000000000000000000e+00
0.000000000000000000e+00
0.000000000000000000e+00
5.288300000000000223e-01
0.000000000000000000e+00
0.000000000000000000e+00
0.000000000000000000e+00
7.212800000000000322e-01
0.000000000000000000e+00
0.000000000000000000e+00
0.000000000000000000e+00
0.000000000000000000e+00
5.837099999999999511e-01
0.000000000000000000e+00
0.000000000000000000e+00
0.000000000000000000e+00
0.000000000000000000e+00
5.445299999999999585e-01
0.000000000000000000e+00
4.260399999999999743e-01
0.000000000000000000e+00
0.000000000000000000e+00
0.000000000000000000e+00
5.576600000000000446e-01
0.000000000000000000e+00
0.000000000000000000e+00
0.000000000000000000e+00
5.182999999999999829e-01
0.000000000000000000e+00
0.000000000000000000e+00
0.000000000000000000e+00
0.000000000000000000e+00
5.477300000000000502e-01
0.000000000000000000e+00
7.374399999999999844e-01
0.000000000000000000e+00
0.000000000000000000e+00
8.174500000000000099e-01
0.000000000000000000e+00
0.000000000000000000e+00
0.000000000000000000e+00
5.979799999999999560e-01
0.000000000000000000e+00
0.000000000000000000e+00
0.000000000000000000e+00
0.000000000000000000e+00
0.000000000000000000e+00
8.620400000000000285e-01
0.000000000000000000e+00
0.000000000000000000e+00
0.000000000000000000e+00
0.000000000000000000e+00
6.913300000000000001e-01
0.000000000000000000e+00
0.000000000000000000e+00
8.448600000000000554e-01
0.000000000000000000e+00
0.000000000000000000e+00
0.000000000000000000e+00
1.036669999999999980e+00
0.000000000000000000e+00
5.608499999999999597e-01
0.000000000000000000e+00
6.527899999999999814e-01
0.000000000000000000e+00
0.000000000000000000e+00
0.000000000000000000e+00
6.641399999999999526e-01
0.000000000000000000e+00
0.000000000000000000e+00
6.047900000000000498e-01
0.000000000000000000e+00
0.000000000000000000e+00
0.000000000000000000e+00
8.303300000000000125e-01
0.000000000000000000e+00
0.000000000000000000e+00
0.000000000000000000e+00
1.007730000000000015e+00
0.000000000000000000e+00
7.270100000000000451e-01
0.000000000000000000e+00
5.144800000000000484e-01
0.000000000000000000e+00
6.887199999999999989e-01
0.000000000000000000e+00
0.000000000000000000e+00
5.299800000000000066e-01
0.000000000000000000e+00
0.000000000000000000e+00
5.367399999999999949e-01
0.000000000000000000e+00
0.000000000000000000e+00
0.000000000000000000e+00
0.000000000000000000e+00
5.094800000000000439e-01
0.000000000000000000e+00
0.000000000000000000e+00
0.000000000000000000e+00
7.413399999999999990e-01
0.000000000000000000e+00
0.000000000000000000e+00
5.802100000000000035e-01
0.000000000000000000e+00
8.556300000000000017e-01
0.000000000000000000e+00
0.000000000000000000e+00
0.000000000000000000e+00
0.000000000000000000e+00
5.809199999999999919e-01
0.000000000000000000e+00
0.000000000000000000e+00
7.193599999999999994e-01
0.000000000000000000e+00
0.000000000000000000e+00
0.000000000000000000e+00
5.580800000000000205e-01
0.000000000000000000e+00
0.000000000000000000e+00
6.313600000000000323e-01
0.000000000000000000e+00
0.000000000000000000e+00
9.139300000000000201e-01
0.000000000000000000e+00
0.000000000000000000e+00
0.000000000000000000e+00
6.169499999999999984e-01
0.000000000000000000e+00
0.000000000000000000e+00
8.227600000000000469e-01
0.000000000000000000e+00
0.000000000000000000e+00
0.000000000000000000e+00
6.274800000000000377e-01
0.000000000000000000e+00
0.000000000000000000e+00
0.000000000000000000e+00
0.000000000000000000e+00
0.000000000000000000e+00
0.000000000000000000e+00
0.000000000000000000e+00
0.000000000000000000e+00
0.000000000000000000e+00
0.000000000000000000e+00
0.000000000000000000e+00
0.000000000000000000e+00
0.000000000000000000e+00
0.000000000000000000e+00
0.000000000000000000e+00
0.000000000000000000e+00
0.000000000000000000e+00
0.000000000000000000e+00
0.000000000000000000e+00
0.000000000000000000e+00
0.000000000000000000e+00
5.312599999999999545e-01
0.000000000000000000e+00
0.000000000000000000e+00
0.000000000000000000e+00
5.286199999999999788e-01
0.000000000000000000e+00
7.797100000000000142e-01
0.000000000000000000e+00
0.000000000000000000e+00
6.738100000000000200e-01
0.000000000000000000e+00
0.000000000000000000e+00
0.000000000000000000e+00
5.393999999999999906e-01
0.000000000000000000e+00
0.000000000000000000e+00
5.338399999999999812e-01
0.000000000000000000e+00
0.000000000000000000e+00
6.346899999999999764e-01
0.000000000000000000e+00
0.000000000000000000e+00
6.422099999999999476e-01
0.000000000000000000e+00
0.000000000000000000e+00
0.000000000000000000e+00
8.206799999999999651e-01
0.000000000000000000e+00
0.000000000000000000e+00
7.136900000000000466e-01
0.000000000000000000e+00
5.148300000000000098e-01
0.000000000000000000e+00
0.000000000000000000e+00
0.000000000000000000e+00
6.716400000000000148e-01
0.000000000000000000e+00
0.000000000000000000e+00
6.044300000000000228e-01
0.000000000000000000e+00
0.000000000000000000e+00
0.000000000000000000e+00
5.692399999999999682e-01
0.000000000000000000e+00
8.283000000000000362e-01
0.000000000000000000e+00
0.000000000000000000e+00
0.000000000000000000e+00
4.609099999999999864e-01
0.000000000000000000e+00
0.000000000000000000e+00
0.000000000000000000e+00
0.000000000000000000e+00
6.389500000000000179e-01
0.000000000000000000e+00
0.000000000000000000e+00
5.220200000000000395e-01
0.000000000000000000e+00
0.000000000000000000e+00
0.000000000000000000e+00
7.944700000000000095e-01
0.000000000000000000e+00
0.000000000000000000e+00
0.000000000000000000e+00
5.471200000000000507e-01
0.000000000000000000e+00
6.082300000000000484e-01
0.000000000000000000e+00
1.123420000000000085e+00
0.000000000000000000e+00
5.448800000000000310e-01
0.000000000000000000e+00
0.000000000000000000e+00
0.000000000000000000e+00
7.115299999999999958e-01
0.000000000000000000e+00
0.000000000000000000e+00
0.000000000000000000e+00
5.407499999999999529e-01
0.000000000000000000e+00
0.000000000000000000e+00
0.000000000000000000e+00
4.875800000000000134e-01
0.000000000000000000e+00
7.770500000000000185e-01
0.000000000000000000e+00
0.000000000000000000e+00
0.000000000000000000e+00
7.545899999999999830e-01
0.000000000000000000e+00
0.000000000000000000e+00
0.000000000000000000e+00
0.000000000000000000e+00
0.000000000000000000e+00
0.000000000000000000e+00
6.730399999999999716e-01
0.000000000000000000e+00
7.082199999999999607e-01
0.000000000000000000e+00
6.694999999999999840e-01
0.000000000000000000e+00
5.873500000000000387e-01
0.000000000000000000e+00
0.000000000000000000e+00
0.000000000000000000e+00
0.000000000000000000e+00
6.040499999999999758e-01
0.000000000000000000e+00
0.000000000000000000e+00
8.959799999999999986e-01
0.000000000000000000e+00
5.341500000000000137e-01
0.000000000000000000e+00
9.159300000000000219e-01
0.000000000000000000e+00
0.000000000000000000e+00
0.000000000000000000e+00
6.089099999999999513e-01
0.000000000000000000e+00
0.000000000000000000e+00
8.112899999999999556e-01
0.000000000000000000e+00
0.000000000000000000e+00
9.484399999999999498e-01
0.000000000000000000e+00
0.000000000000000000e+00
6.616100000000000314e-01
0.000000000000000000e+00
7.241400000000000059e-01
0.000000000000000000e+00
0.000000000000000000e+00
5.918400000000000327e-01
0.000000000000000000e+00
0.000000000000000000e+00
0.000000000000000000e+00
5.414099999999999469e-01
0.000000000000000000e+00
6.406399999999999872e-01
0.000000000000000000e+00
0.000000000000000000e+00
6.008000000000000007e-01
0.000000000000000000e+00
0.000000000000000000e+00
6.542200000000000237e-01
0.000000000000000000e+00
0.000000000000000000e+00
5.237000000000000544e-01
0.000000000000000000e+00
5.199500000000000233e-01
0.000000000000000000e+00
0.000000000000000000e+00
0.000000000000000000e+00
0.000000000000000000e+00
4.991800000000000126e-01
0.000000000000000000e+00
0.000000000000000000e+00
0.000000000000000000e+00
0.000000000000000000e+00
0.000000000000000000e+00
6.188799999999999857e-01
0.000000000000000000e+00
0.000000000000000000e+00
0.000000000000000000e+00
7.812200000000000255e-01
0.000000000000000000e+00
0.000000000000000000e+00
0.000000000000000000e+00
0.000000000000000000e+00
0.000000000000000000e+00
6.113300000000000400e-01
0.000000000000000000e+00
0.000000000000000000e+00
6.367199999999999527e-01
0.000000000000000000e+00
6.893899999999999473e-01
0.000000000000000000e+00
0.000000000000000000e+00
0.000000000000000000e+00
0.000000000000000000e+00
5.765500000000000069e-01
0.000000000000000000e+00
0.000000000000000000e+00
6.597100000000000186e-01
0.000000000000000000e+00
5.332799999999999763e-01
0.000000000000000000e+00
5.880699999999999816e-01
0.000000000000000000e+00
0.000000000000000000e+00
5.281299999999999883e-01
0.000000000000000000e+00
0.000000000000000000e+00
5.360300000000000065e-01
0.000000000000000000e+00
0.000000000000000000e+00
0.000000000000000000e+00
4.878100000000000214e-01
0.000000000000000000e+00
6.388800000000000034e-01
0.000000000000000000e+00
0.000000000000000000e+00
4.427200000000000024e-01
0.000000000000000000e+00
0.000000000000000000e+00
0.000000000000000000e+00
5.498600000000000154e-01
0.000000000000000000e+00
0.000000000000000000e+00
0.000000000000000000e+00
0.000000000000000000e+00
6.488000000000000433e-01
0.000000000000000000e+00
6.599300000000000166e-01
0.000000000000000000e+00
0.000000000000000000e+00
0.000000000000000000e+00
5.615599999999999481e-01
0.000000000000000000e+00
0.000000000000000000e+00
1.334510000000000085e+00
0.000000000000000000e+00
0.000000000000000000e+00
0.000000000000000000e+00
7.316799999999999971e-01
0.000000000000000000e+00
0.000000000000000000e+00
0.000000000000000000e+00
7.819500000000000339e-01
0.000000000000000000e+00
5.667900000000000160e-01
0.000000000000000000e+00
0.000000000000000000e+00
4.749599999999999933e-01
0.000000000000000000e+00
0.000000000000000000e+00
0.000000000000000000e+00
6.594100000000000517e-01
0.000000000000000000e+00
0.000000000000000000e+00
0.000000000000000000e+00
0.000000000000000000e+00
5.155899999999999928e-01
0.000000000000000000e+00
5.937299999999999800e-01
0.000000000000000000e+00
6.217300000000000049e-01
0.000000000000000000e+00
1.285279999999999978e+00
0.000000000000000000e+00
0.000000000000000000e+00
5.024600000000000177e-01
0.000000000000000000e+00
0.000000000000000000e+00
0.000000000000000000e+00
8.270899999999999919e-01
0.000000000000000000e+00
0.000000000000000000e+00
5.153900000000000148e-01
0.000000000000000000e+00
0.000000000000000000e+00
0.000000000000000000e+00
0.000000000000000000e+00
0.000000000000000000e+00
0.000000000000000000e+00
0.000000000000000000e+00
0.000000000000000000e+00
0.000000000000000000e+00
0.000000000000000000e+00
0.000000000000000000e+00
0.000000000000000000e+00
0.000000000000000000e+00
0.000000000000000000e+00
0.000000000000000000e+00
0.000000000000000000e+00
0.000000000000000000e+00
0.000000000000000000e+00
0.000000000000000000e+00
0.000000000000000000e+00
0.000000000000000000e+00
8.387000000000000011e-01
0.000000000000000000e+00
0.000000000000000000e+00
0.000000000000000000e+00
0.000000000000000000e+00
4.956599999999999895e-01
0.000000000000000000e+00
9.960900000000000309e-01
0.000000000000000000e+00
0.000000000000000000e+00
0.000000000000000000e+00
0.000000000000000000e+00
8.872299999999999631e-01
0.000000000000000000e+00
6.054199999999999582e-01
0.000000000000000000e+00
0.000000000000000000e+00
0.000000000000000000e+00
5.452299999999999924e-01
0.000000000000000000e+00
0.000000000000000000e+00
0.000000000000000000e+00
5.434799999999999631e-01
0.000000000000000000e+00
0.000000000000000000e+00
0.000000000000000000e+00
0.000000000000000000e+00
0.000000000000000000e+00
5.330799999999999983e-01
0.000000000000000000e+00
0.000000000000000000e+00
6.426300000000000345e-01
0.000000000000000000e+00
0.000000000000000000e+00
0.000000000000000000e+00
0.000000000000000000e+00
8.706099999999999950e-01
0.000000000000000000e+00
0.000000000000000000e+00
0.000000000000000000e+00
6.823599999999999666e-01
0.000000000000000000e+00
0.000000000000000000e+00
4.984399999999999942e-01
0.000000000000000000e+00
6.125199999999999534e-01
0.000000000000000000e+00
0.000000000000000000e+00
0.000000000000000000e+00
0.000000000000000000e+00
6.466699999999999671e-01
0.000000000000000000e+00
0.000000000000000000e+00
0.000000000000000000e+00
0.000000000000000000e+00
0.000000000000000000e+00
0.000000000000000000e+00
6.092699999999999783e-01
0.000000000000000000e+00
0.000000000000000000e+00
0.000000000000000000e+00
4.909700000000000175e-01
0.000000000000000000e+00
0.000000000000000000e+00
5.381399999999999517e-01
0.000000000000000000e+00
0.000000000000000000e+00
4.935999999999999832e-01
0.000000000000000000e+00
0.000000000000000000e+00
0.000000000000000000e+00
0.000000000000000000e+00
0.000000000000000000e+00
5.794200000000000461e-01
0.000000000000000000e+00
0.000000000000000000e+00
5.080999999999999961e-01
0.000000000000000000e+00
0.000000000000000000e+00
5.574900000000000411e-01
0.000000000000000000e+00
0.000000000000000000e+00
0.000000000000000000e+00
8.192000000000000393e-01
0.000000000000000000e+00
7.419599999999999529e-01
0.000000000000000000e+00
5.971400000000000041e-01
0.000000000000000000e+00
6.147500000000000187e-01
0.000000000000000000e+00
0.000000000000000000e+00
0.000000000000000000e+00
0.000000000000000000e+00
4.975299999999999723e-01
0.000000000000000000e+00
4.939999999999999947e-01
0.000000000000000000e+00
0.000000000000000000e+00
0.000000000000000000e+00
5.413599999999999524e-01
0.000000000000000000e+00
0.000000000000000000e+00
4.466800000000000215e-01
0.000000000000000000e+00
0.000000000000000000e+00
6.945599999999999552e-01
0.000000000000000000e+00
0.000000000000000000e+00
0.000000000000000000e+00
6.200599999999999445e-01
0.000000000000000000e+00
0.000000000000000000e+00
0.000000000000000000e+00
0.000000000000000000e+00
0.000000000000000000e+00
5.325600000000000334e-01
0.000000000000000000e+00
0.000000000000000000e+00
0.000000000000000000e+00
9.193000000000000060e-01
0.000000000000000000e+00
1.006410000000000027e+00
0.000000000000000000e+00
0.000000000000000000e+00
4.877099999999999769e-01
0.000000000000000000e+00
0.000000000000000000e+00
0.000000000000000000e+00
0.000000000000000000e+00
0.000000000000000000e+00
4.974299999999999833e-01
0.000000000000000000e+00
0.000000000000000000e+00
7.201300000000000479e-01
0.000000000000000000e+00
0.000000000000000000e+00
0.000000000000000000e+00
4.902699999999999836e-01
0.000000000000000000e+00
0.000000000000000000e+00
0.000000000000000000e+00
0.000000000000000000e+00
5.310899999999999510e-01
0.000000000000000000e+00
8.446299999999999919e-01
0.000000000000000000e+00
0.000000000000000000e+00
5.701000000000000512e-01
0.000000000000000000e+00
0.000000000000000000e+00
0.000000000000000000e+00
0.000000000000000000e+00
6.497600000000000042e-01
0.000000000000000000e+00
0.000000000000000000e+00
0.000000000000000000e+00
0.000000000000000000e+00
0.000000000000000000e+00
0.000000000000000000e+00
0.000000000000000000e+00
4.620500000000000163e-01
0.000000000000000000e+00
5.554599999999999538e-01
0.000000000000000000e+00
6.024100000000000010e-01
0.000000000000000000e+00
4.955800000000000205e-01
0.000000000000000000e+00
7.278700000000000170e-01
0.000000000000000000e+00
0.000000000000000000e+00
7.783799999999999608e-01
0.000000000000000000e+00
0.000000000000000000e+00
0.000000000000000000e+00
0.000000000000000000e+00
0.000000000000000000e+00
5.348500000000000476e-01
0.000000000000000000e+00
6.717800000000000438e-01
0.000000000000000000e+00
5.888600000000000501e-01
0.000000000000000000e+00
0.000000000000000000e+00
0.000000000000000000e+00
4.949500000000000011e-01
0.000000000000000000e+00
1.015009999999999968e+00
0.000000000000000000e+00
0.000000000000000000e+00
0.000000000000000000e+00
5.696499999999999897e-01
0.000000000000000000e+00
5.499899999999999789e-01
0.000000000000000000e+00
0.000000000000000000e+00
0.000000000000000000e+00
0.000000000000000000e+00
5.551899999999999613e-01
0.000000000000000000e+00
0.000000000000000000e+00
0.000000000000000000e+00
0.000000000000000000e+00
0.000000000000000000e+00
0.000000000000000000e+00
7.284599999999999964e-01
0.000000000000000000e+00
0.000000000000000000e+00
0.000000000000000000e+00
6.623200000000000198e-01
0.000000000000000000e+00
0.000000000000000000e+00
4.413400000000000101e-01
0.000000000000000000e+00
0.000000000000000000e+00
0.000000000000000000e+00
5.156600000000000072e-01
0.000000000000000000e+00
0.000000000000000000e+00
5.345299999999999496e-01
0.000000000000000000e+00
0.000000000000000000e+00
0.000000000000000000e+00
0.000000000000000000e+00
0.000000000000000000e+00
5.173100000000000476e-01
0.000000000000000000e+00
5.998900000000000343e-01
0.000000000000000000e+00
0.000000000000000000e+00
5.507600000000000273e-01
0.000000000000000000e+00
0.000000000000000000e+00
0.000000000000000000e+00
0.000000000000000000e+00
6.759800000000000253e-01
0.000000000000000000e+00
0.000000000000000000e+00
0.000000000000000000e+00
0.000000000000000000e+00
9.420300000000000340e-01
0.000000000000000000e+00
0.000000000000000000e+00
1.028839999999999977e+00
0.000000000000000000e+00
7.198900000000000299e-01
0.000000000000000000e+00
9.513700000000000490e-01
0.000000000000000000e+00
6.967299999999999605e-01
0.000000000000000000e+00
9.580499999999999572e-01
0.000000000000000000e+00
0.000000000000000000e+00
6.532599999999999518e-01
0.000000000000000000e+00
0.000000000000000000e+00
6.692799999999999860e-01
0.000000000000000000e+00
0.000000000000000000e+00
5.359800000000000120e-01
0.000000000000000000e+00
0.000000000000000000e+00
5.557999999999999607e-01
0.000000000000000000e+00
0.000000000000000000e+00
0.000000000000000000e+00
5.033900000000000041e-01
0.000000000000000000e+00
5.886799999999999811e-01
0.000000000000000000e+00
0.000000000000000000e+00
1.214579999999999993e+00
0.000000000000000000e+00
0.000000000000000000e+00
7.115399999999999503e-01
0.000000000000000000e+00
0.000000000000000000e+00
0.000000000000000000e+00
0.000000000000000000e+00
9.267600000000000282e-01
0.000000000000000000e+00
0.000000000000000000e+00
0.000000000000000000e+00
0.000000000000000000e+00
0.000000000000000000e+00
0.000000000000000000e+00
0.000000000000000000e+00
0.000000000000000000e+00
0.000000000000000000e+00
0.000000000000000000e+00
0.000000000000000000e+00
0.000000000000000000e+00
0.000000000000000000e+00
0.000000000000000000e+00
0.000000000000000000e+00
0.000000000000000000e+00
0.000000000000000000e+00
0.000000000000000000e+00
0.000000000000000000e+00
0.000000000000000000e+00
0.000000000000000000e+00
0.000000000000000000e+00
0.000000000000000000e+00
6.319799999999999862e-01
0.000000000000000000e+00
0.000000000000000000e+00
5.626499999999999835e-01
0.000000000000000000e+00
0.000000000000000000e+00
4.796799999999999953e-01
0.000000000000000000e+00
0.000000000000000000e+00
0.000000000000000000e+00
5.386499999999999622e-01
0.000000000000000000e+00
0.000000000000000000e+00
0.000000000000000000e+00
0.000000000000000000e+00
9.436400000000000343e-01
0.000000000000000000e+00
0.000000000000000000e+00
6.143999999999999462e-01
0.000000000000000000e+00
0.000000000000000000e+00
0.000000000000000000e+00
7.312899999999999956e-01
0.000000000000000000e+00
0.000000000000000000e+00
0.000000000000000000e+00
5.309399999999999675e-01
0.000000000000000000e+00
0.000000000000000000e+00
7.742599999999999483e-01
0.000000000000000000e+00
5.599600000000000133e-01
0.000000000000000000e+00
5.870699999999999807e-01
0.000000000000000000e+00
0.000000000000000000e+00
0.000000000000000000e+00
5.288199999999999568e-01
0.000000000000000000e+00
1.091110000000000024e+00
0.000000000000000000e+00
0.000000000000000000e+00
0.000000000000000000e+00
0.000000000000000000e+00
5.362299999999999844e-01
0.000000000000000000e+00
0.000000000000000000e+00
0.000000000000000000e+00
0.000000000000000000e+00
5.067399999999999682e-01
0.000000000000000000e+00
0.000000000000000000e+00
5.453900000000000414e-01
0.000000000000000000e+00
8.918000000000000371e-01
0.000000000000000000e+00
6.027799999999999825e-01
0.000000000000000000e+00
0.000000000000000000e+00
0.000000000000000000e+00
0.000000000000000000e+00
6.863799999999999901e-01
0.000000000000000000e+00
0.000000000000000000e+00
9.950499999999999901e-01
0.000000000000000000e+00
0.000000000000000000e+00
7.952099999999999724e-01
0.000000000000000000e+00
0.000000000000000000e+00
6.062999999999999501e-01
0.000000000000000000e+00
0.000000000000000000e+00
7.777899999999999814e-01
0.000000000000000000e+00
0.000000000000000000e+00
5.498199999999999754e-01
0.000000000000000000e+00
0.000000000000000000e+00
0.000000000000000000e+00
0.000000000000000000e+00
0.000000000000000000e+00
0.000000000000000000e+00
4.818600000000000105e-01
0.000000000000000000e+00
0.000000000000000000e+00
0.000000000000000000e+00
0.000000000000000000e+00
5.056000000000000494e-01
0.000000000000000000e+00
0.000000000000000000e+00
0.000000000000000000e+00
5.571599999999999886e-01
0.000000000000000000e+00
0.000000000000000000e+00
7.539400000000000546e-01
0.000000000000000000e+00
7.354000000000000536e-01
0.000000000000000000e+00
0.000000000000000000e+00
5.702399999999999691e-01
0.000000000000000000e+00
0.000000000000000000e+00
1.038229999999999986e+00
0.000000000000000000e+00
0.000000000000000000e+00
0.000000000000000000e+00
0.000000000000000000e+00
0.000000000000000000e+00
4.802000000000000157e-01
0.000000000000000000e+00
5.613000000000000211e-01
0.000000000000000000e+00
5.765099999999999669e-01
0.000000000000000000e+00
5.877599999999999492e-01
0.000000000000000000e+00
0.000000000000000000e+00
5.393299999999999761e-01
0.000000000000000000e+00
0.000000000000000000e+00
4.323500000000000121e-01
0.000000000000000000e+00
0.000000000000000000e+00
4.448699999999999877e-01
0.000000000000000000e+00
0.000000000000000000e+00
0.000000000000000000e+00
0.000000000000000000e+00
8.489700000000000024e-01
0.000000000000000000e+00
0.000000000000000000e+00
0.000000000000000000e+00
1.064230000000000009e+00
0.000000000000000000e+00
5.908400000000000318e-01
0.000000000000000000e+00
0.000000000000000000e+00
0.000000000000000000e+00
4.972300000000000053e-01
0.000000000000000000e+00
8.864600000000000257e-01
0.000000000000000000e+00
0.000000000000000000e+00
0.000000000000000000e+00
6.252499999999999725e-01
0.000000000000000000e+00
1.188339999999999952e+00
0.000000000000000000e+00
0.000000000000000000e+00
0.000000000000000000e+00
0.000000000000000000e+00
0.000000000000000000e+00
7.336000000000000298e-01
0.000000000000000000e+00
8.756000000000000449e-01
0.000000000000000000e+00
0.000000000000000000e+00
0.000000000000000000e+00
7.629399999999999515e-01
0.000000000000000000e+00
5.923300000000000232e-01
0.000000000000000000e+00
0.000000000000000000e+00
0.000000000000000000e+00
0.000000000000000000e+00
0.000000000000000000e+00
0.000000000000000000e+00
7.533999999999999586e-01
0.000000000000000000e+00
0.000000000000000000e+00
0.000000000000000000e+00
5.645799999999999708e-01
0.000000000000000000e+00
0.000000000000000000e+00
0.000000000000000000e+00
7.561400000000000343e-01
0.000000000000000000e+00
0.000000000000000000e+00
1.047099999999999920e+00
0.000000000000000000e+00
0.000000000000000000e+00
5.599100000000000188e-01
0.000000000000000000e+00
6.101799999999999446e-01
0.000000000000000000e+00
0.000000000000000000e+00
5.371799999999999908e-01
0.000000000000000000e+00
0.000000000000000000e+00
0.000000000000000000e+00
0.000000000000000000e+00
9.524599999999999733e-01
0.000000000000000000e+00
6.153699999999999726e-01
0.000000000000000000e+00
0.000000000000000000e+00
0.000000000000000000e+00
0.000000000000000000e+00
5.356899999999999995e-01
0.000000000000000000e+00
0.000000000000000000e+00
0.000000000000000000e+00
8.333599999999999897e-01
0.000000000000000000e+00
7.786699999999999733e-01
0.000000000000000000e+00
0.000000000000000000e+00
0.000000000000000000e+00
0.000000000000000000e+00
5.739999999999999547e-01
0.000000000000000000e+00
0.000000000000000000e+00
0.000000000000000000e+00
0.000000000000000000e+00
0.000000000000000000e+00
5.576400000000000245e-01
0.000000000000000000e+00
0.000000000000000000e+00
0.000000000000000000e+00
0.000000000000000000e+00
6.523900000000000254e-01
0.000000000000000000e+00
0.000000000000000000e+00
6.560899999999999510e-01
0.000000000000000000e+00
9.680299999999999461e-01
0.000000000000000000e+00
0.000000000000000000e+00
5.711300000000000265e-01
0.000000000000000000e+00
0.000000000000000000e+00
5.791100000000000136e-01
0.000000000000000000e+00
0.000000000000000000e+00
0.000000000000000000e+00
0.000000000000000000e+00
5.190500000000000114e-01
0.000000000000000000e+00
7.084399999999999586e-01
0.000000000000000000e+00
0.000000000000000000e+00
4.963400000000000034e-01
0.000000000000000000e+00
0.000000000000000000e+00
7.802900000000000391e-01
0.000000000000000000e+00
0.000000000000000000e+00
0.000000000000000000e+00
6.201299999999999590e-01
0.000000000000000000e+00
5.907000000000000028e-01
0.000000000000000000e+00
0.000000000000000000e+00
4.884499999999999953e-01
0.000000000000000000e+00
6.870500000000000496e-01
0.000000000000000000e+00
5.655299999999999772e-01
0.000000000000000000e+00
6.560399999999999565e-01
0.000000000000000000e+00
0.000000000000000000e+00
0.000000000000000000e+00
0.000000000000000000e+00
5.222900000000000320e-01
0.000000000000000000e+00
0.000000000000000000e+00
5.589399999999999924e-01
0.000000000000000000e+00
0.000000000000000000e+00
0.000000000000000000e+00
0.000000000000000000e+00
0.000000000000000000e+00
0.000000000000000000e+00
0.000000000000000000e+00
0.000000000000000000e+00
0.000000000000000000e+00
0.000000000000000000e+00
0.000000000000000000e+00
0.000000000000000000e+00
0.000000000000000000e+00
