0.000000000000000000e+00
0.000000000000000000e+00
0.000000000000000000e+00
0.000000000000000000e+00
0.000000000000000000e+00
0.000000000000000000e+00
0.000000000000000000e+00
0.000000000000000000e+00
0.000000000000000000e+00
0.000000000000000000e+00
1.074770000000000003e+00
0.000000000000000000e+00
1.353180000000000049e+00
0.000000000000000000e+00
0.000000000000000000e+00
1.288899999999999935e+00
0.000000000000000000e+00
0.000000000000000000e+00
1.305239999999999956e+00
0.000000000000000000e+00
7.643699999999999939e-01
0.000000000000000000e+00
0.000000000000000000e+00
0.000000000000000000e+00
8.307400000000000340e-01
0.000000000000000000e+00
0.000000000000000000e+00
0.000000000000000000e+00
8.402300000000000324e-01
0.000000000000000000e+00
0.000000000000000000e+00
6.993300000000000072e-01
0.000000000000000000e+00
0.000000000000000000e+00
0.000000000000000000e+00
8.943299999999999583e-01
0.000000000000000000e+00
6.819399999999999906e-01
0.000000000000000000e+00
0.000000000000000000e+00
8.342100000000000071e-01
0.000000000000000000e+00
9.139300000000000201e-01
0.000000000000000000e+00
1.144500000000000073e+00
0.000000000000000000e+00
0.000000000000000000e+00
0.000000000000000000e+00
0.000000000000000000e+00
6.608800000000000230e-01
0.000000000000000000e+00
0.000000000000000000e+00
0.000000000000000000e+00
8.813999999999999613e-01
0.000000000000000000e+00
6.672299999999999898e-01
0.000000000000000000e+00
0.000000000000000000e+00
8.755699999999999594e-01
0.000000000000000000e+00
0.000000000000000000e+00
0.000000000000000000e+00
7.513699999999999823e-01
0.000000000000000000e+00
0.000000000000000000e+00
0.000000000000000000e+00
8.948899999999999633e-01
0.000000000000000000e+00
0.000000000000000000e+00
0.000000000000000000e+00
0.000000000000000000e+00
0.000000000000000000e+00
0.000000000000000000e+00
8.927800000000000180e-01
0.000000000000000000e+00
0.000000000000000000e+00
0.000000000000000000e+00
7.969000000000000528e-01
0.000000000000000000e+00
0.000000000000000000e+00
0.000000000000000000e+00
8.203099999999999836e-01
0.000000000000000000e+00
0.000000000000000000e+00
1.036389999999999922e+00
0.000000000000000000e+00
9.084999999999999742e-01
0.000000000000000000e+00
0.000000000000000000e+00
0.000000000000000000e+00
7.230699999999999905e-01
0.000000000000000000e+00
0.000000000000000000e+00
0.000000000000000000e+00
0.000000000000000000e+00
8.984900000000000109e-01
0.000000000000000000e+00
0.000000000000000000e+00
0.000000000000000000e+00
0.000000000000000000e+00
0.000000000000000000e+00
9.762899999999999912e-01
0.000000000000000000e+00
0.000000000000000000e+00
0.000000000000000000e+00
0.000000000000000000e+00
7.064399999999999569e-01
0.000000000000000000e+00
0.000000000000000000e+00
0.000000000000000000e+00
0.000000000000000000e+00
6.796600000000000419e-01
0.000000000000000000e+00
1.178639999999999910e+00
0.000000000000000000e+00
7.971399999999999597e-01
0.000000000000000000e+00
0.000000000000000000e+00
0.000000000000000000e+00
6.421400000000000441e-01
0.000000000000000000e+00
0.000000000000000000e+00
9.539199999999999902e-01
0.000000000000000000e+00
0.000000000000000000e+00
0.000000000000000000e+00
8.841799999999999660e-01
0.000000000000000000e+00
0.000000000000000000e+00
7.558599999999999763e-01
0.000000000000000000e+00
0.000000000000000000e+00
0.000000000000000000e+00
6.638300000000000312e-01
0.000000000000000000e+00
0.000000000000000000e+00
9.045499999999999652e-01
0.000000000000000000e+00
0.000000000000000000e+00
0.000000000000000000e+00
9.982600000000000362e-01
0.000000000000000000e+00
0.000000000000000000e+00
0.000000000000000000e+00
0.000000000000000000e+00
1.011670000000000069e+00
0.000000000000000000e+00
0.000000000000000000e+00
0.000000000000000000e+00
6.263499999999999623e-01
0.000000000000000000e+00
0.000000000000000000e+00
0.000000000000000000e+00
7.256399999999999517e-01
0.000000000000000000e+00
0.000000000000000000e+00
0.000000000000000000e+00
0.000000000000000000e+00
6.907200000000000006e-01
0.000000000000000000e+00
0.000000000000000000e+00
8.377700000000000147e-01
0.000000000000000000e+00
0.000000000000000000e+00
0.000000000000000000e+00
0.000000000000000000e+00
1.040289999999999937e+00
0.000000000000000000e+00
0.000000000000000000e+00
0.000000000000000000e+00
9.194600000000000550e-01
0.000000000000000000e+00
9.688400000000000345e-01
0.000000000000000000e+00
0.000000000000000000e+00
0.000000000000000000e+00
9.632600000000000051e-01
0.000000000000000000e+00
0.000000000000000000e+00
9.232799999999999896e-01
0.000000000000000000e+00
0.000000000000000000e+00
8.900799999999999823e-01
0.000000000000000000e+00
0.000000000000000000e+00
1.006180000000000074e+00
0.000000000000000000e+00
0.000000000000000000e+00
0.000000000000000000e+00
7.139999999999999680e-01
0.000000000000000000e+00
0.000000000000000000e+00
0.000000000000000000e+00
7.412300000000000555e-01
0.000000000000000000e+00
0.000000000000000000e+00
0.000000000000000000e+00
0.000000000000000000e+00
6.686299999999999466e-01
0.000000000000000000e+00
1.187759999999999927e+00
0.000000000000000000e+00
0.000000000000000000e+00
7.137200000000000211e-01
0.000000000000000000e+00
7.709200000000000497e-01
0.000000000000000000e+00
0.000000000000000000e+00
0.000000000000000000e+00
0.000000000000000000e+00
0.000000000000000000e+00
0.000000000000000000e+00
7.352699999999999791e-01
0.000000000000000000e+00
0.000000000000000000e+00
0.000000000000000000e+00
0.000000000000000000e+00
7.423600000000000199e-01
0.000000000000000000e+00
0.000000000000000000e+00
0.000000000000000000e+00
0.000000000000000000e+00
6.470500000000000140e-01
0.000000000000000000e+00
0.000000000000000000e+00
0.000000000000000000e+00
9.876099999999999879e-01
0.000000000000000000e+00
0.000000000000000000e+00
6.060400000000000231e-01
0.000000000000000000e+00
6.983099999999999863e-01
0.000000000000000000e+00
0.000000000000000000e+00
0.000000000000000000e+00
0.000000000000000000e+00
0.000000000000000000e+00
0.000000000000000000e+00
0.000000000000000000e+00
7.629099999999999770e-01
0.000000000000000000e+00
0.000000000000000000e+00
7.466300000000000159e-01
0.000000000000000000e+00
0.000000000000000000e+00
9.515000000000000124e-01
0.000000000000000000e+00
0.000000000000000000e+00
1.058280000000000109e+00
0.000000000000000000e+00
1.054480000000000084e+00
0.000000000000000000e+00
0.000000000000000000e+00
0.000000000000000000e+00
9.082900000000000418e-01
0.000000000000000000e+00
0.000000000000000000e+00
0.000000000000000000e+00
0.000000000000000000e+00
1.014410000000000034e+00
0.000000000000000000e+00
0.000000000000000000e+00
0.000000000000000000e+00
1.208129999999999926e+00
0.000000000000000000e+00
0.000000000000000000e+00
6.551200000000000356e-01
0.000000000000000000e+00
0.000000000000000000e+00
7.048699999999999966e-01
0.000000000000000000e+00
0.000000000000000000e+00
9.863899999999999890e-01
0.000000000000000000e+00
0.000000000000000000e+00
0.000000000000000000e+00
0.000000000000000000e+00
6.439200000000000479e-01
0.000000000000000000e+00
0.000000000000000000e+00
1.042049999999999921e+00
0.000000000000000000e+00
0.000000000000000000e+00
0.000000000000000000e+00
9.277699999999999836e-01
0.000000000000000000e+00
0.000000000000000000e+00
8.186999999999999833e-01
0.000000000000000000e+00
0.000000000000000000e+00
0.000000000000000000e+00
0.000000000000000000e+00
7.287500000000000089e-01
0.000000000000000000e+00
0.000000000000000000e+00
0.000000000000000000e+00
0.000000000000000000e+00
0.000000000000000000e+00
9.607900000000000329e-01
0.000000000000000000e+00
8.346500000000000030e-01
0.000000000000000000e+00
0.000000000000000000e+00
0.000000000000000000e+00
0.000000000000000000e+00
0.000000000000000000e+00
0.000000000000000000e+00
0.000000000000000000e+00
0.000000000000000000e+00
0.000000000000000000e+00
0.000000000000000000e+00
0.000000000000000000e+00
0.000000000000000000e+00
0.000000000000000000e+00
0.000000000000000000e+00
0.000000000000000000e+00
0.000000000000000000e+00
0.000000000000000000e+00
0.000000000000000000e+00
0.000000000000000000e+00
0.000000000000000000e+00
0.000000000000000000e+00
0.000000000000000000e+00
0.000000000000000000e+00
0.000000000000000000e+00
0.000000000000000000e+00
0.000000000000000000e+00
7.338299999999999823e-01
0.000000000000000000e+00
0.000000000000000000e+00
7.665899999999999936e-01
0.000000000000000000e+00
6.889100000000000223e-01
0.000000000000000000e+00
0.000000000000000000e+00
0.000000000000000000e+00
0.000000000000000000e+00
5.621399999999999730e-01
0.000000000000000000e+00
6.780399999999999761e-01
0.000000000000000000e+00
0.000000000000000000e+00
9.594399999999999595e-01
0.000000000000000000e+00
0.000000000000000000e+00
0.000000000000000000e+00
6.631000000000000227e-01
0.000000000000000000e+00
0.000000000000000000e+00
5.810100000000000264e-01
0.000000000000000000e+00
0.000000000000000000e+00
0.000000000000000000e+00
9.375700000000000145e-01
0.000000000000000000e+00
6.260299999999999754e-01
0.000000000000000000e+00
0.000000000000000000e+00
0.000000000000000000e+00
5.570300000000000251e-01
0.000000000000000000e+00
1.145720000000000072e+00
0.000000000000000000e+00
1.030780000000000030e+00
0.000000000000000000e+00
0.000000000000000000e+00
0.000000000000000000e+00
0.000000000000000000e+00
7.171399999999999997e-01
0.000000000000000000e+00
0.000000000000000000e+00
0.000000000000000000e+00
0.000000000000000000e+00
1.332589999999999941e+00
0.000000000000000000e+00
7.069600000000000328e-01
0.000000000000000000e+00
6.666699999999999848e-01
0.000000000000000000e+00
9.240800000000000125e-01
0.000000000000000000e+00
0.000000000000000000e+00
0.000000000000000000e+00
9.705899999999999528e-01
0.000000000000000000e+00
9.489499999999999602e-01
0.000000000000000000e+00
0.000000000000000000e+00
0.000000000000000000e+00
5.915300000000000002e-01
0.000000000000000000e+00
0.000000000000000000e+00
5.987799999999999789e-01
0.000000000000000000e+00
1.233780000000000099e+00
0.000000000000000000e+00
0.000000000000000000e+00
5.709800000000000431e-01
0.000000000000000000e+00
0.000000000000000000e+00
8.356400000000000494e-01
0.000000000000000000e+00
0.000000000000000000e+00
7.406599999999999850e-01
0.000000000000000000e+00
0.000000000000000000e+00
0.000000000000000000e+00
0.000000000000000000e+00
0.000000000000000000e+00
0.000000000000000000e+00
1.592889999999999917e+00
0.000000000000000000e+00
0.000000000000000000e+00
8.620499999999999829e-01
0.000000000000000000e+00
1.160809999999999897e+00
0.000000000000000000e+00
6.465600000000000236e-01
0.000000000000000000e+00
7.121600000000000152e-01
0.000000000000000000e+00
0.000000000000000000e+00
0.000000000000000000e+00
0.000000000000000000e+00
8.598599999999999577e-01
0.000000000000000000e+00
0.000000000000000000e+00
1.264080000000000092e+00
0.000000000000000000e+00
0.000000000000000000e+00
7.600500000000000034e-01
0.000000000000000000e+00
0.000000000000000000e+00
0.000000000000000000e+00
0.000000000000000000e+00
0.000000000000000000e+00
8.475399999999999601e-01
0.000000000000000000e+00
5.577100000000000390e-01
0.000000000000000000e+00
4.520199999999999774e-01
0.000000000000000000e+00
6.933700000000000419e-01
0.000000000000000000e+00
9.339699999999999669e-01
0.000000000000000000e+00
0.000000000000000000e+00
6.146099999999999897e-01
0.000000000000000000e+00
0.000000000000000000e+00
0.000000000000000000e+00
6.755999999999999783e-01
0.000000000000000000e+00
0.000000000000000000e+00
0.000000000000000000e+00
0.000000000000000000e+00
1.054659999999999931e+00
0.000000000000000000e+00
0.000000000000000000e+00
7.328799999999999759e-01
0.000000000000000000e+00
0.000000000000000000e+00
0.000000000000000000e+00
7.874600000000000488e-01
0.000000000000000000e+00
0.000000000000000000e+00
0.000000000000000000e+00
0.000000000000000000e+00
0.000000000000000000e+00
7.919800000000000173e-01
0.000000000000000000e+00
9.007899999999999796e-01
0.000000000000000000e+00
0.000000000000000000e+00
0.000000000000000000e+00
1.045420000000000016e+00
0.000000000000000000e+00
0.000000000000000000e+00
7.304599999999999982e-01
0.000000000000000000e+00
7.879199999999999537e-01
0.000000000000000000e+00
0.000000000000000000e+00
9.228100000000000191e-01
0.000000000000000000e+00
0.000000000000000000e+00
1.415790000000000104e+00
0.000000000000000000e+00
8.339100000000000401e-01
0.000000000000000000e+00
0.000000000000000000e+00
0.000000000000000000e+00
1.000799999999999912e+00
0.000000000000000000e+00
0.000000000000000000e+00
0.000000000000000000e+00
7.548399999999999554e-01
0.000000000000000000e+00
0.000000000000000000e+00
0.000000000000000000e+00
1.297690000000000010e+00
0.000000000000000000e+00
0.000000000000000000e+00
0.000000000000000000e+00
0.000000000000000000e+00
0.000000000000000000e+00
6.842200000000000504e-01
0.000000000000000000e+00
8.291300000000000336e-01
0.000000000000000000e+00
6.702399999999999469e-01
0.000000000000000000e+00
6.911199999999999566e-01
0.000000000000000000e+00
0.000000000000000000e+00
0.000000000000000000e+00
0.000000000000000000e+00
0.000000000000000000e+00
0.000000000000000000e+00
1.038939999999999975e+00
0.000000000000000000e+00
0.000000000000000000e+00
0.000000000000000000e+00
6.534200000000000008e-01
0.000000000000000000e+00
0.000000000000000000e+00
6.625499999999999723e-01
0.000000000000000000e+00
1.139270000000000005e+00
0.000000000000000000e+00
0.000000000000000000e+00
0.000000000000000000e+00
0.000000000000000000e+00
8.479100000000000525e-01
0.000000000000000000e+00
0.000000000000000000e+00
0.000000000000000000e+00
9.305499999999999883e-01
0.000000000000000000e+00
8.117400000000000171e-01
0.000000000000000000e+00
0.000000000000000000e+00
5.893800000000000150e-01
0.000000000000000000e+00
0.000000000000000000e+00
6.933599999999999763e-01
0.000000000000000000e+00
5.708800000000000541e-01
0.000000000000000000e+00
0.000000000000000000e+00
0.000000000000000000e+00
0.000000000000000000e+00
9.609699999999999909e-01
0.000000000000000000e+00
0.000000000000000000e+00
0.000000000000000000e+00
0.000000000000000000e+00
1.087229999999999919e+00
0.000000000000000000e+00
7.229600000000000470e-01
0.000000000000000000e+00
0.000000000000000000e+00
0.000000000000000000e+00
0.000000000000000000e+00
7.448900000000000521e-01
0.000000000000000000e+00
0.000000000000000000e+00
6.506399999999999961e-01
0.000000000000000000e+00
0.000000000000000000e+00
0.000000000000000000e+00
6.934599999999999653e-01
0.000000000000000000e+00
0.000000000000000000e+00
7.025500000000000078e-01
0.000000000000000000e+00
0.000000000000000000e+00
6.384100000000000330e-01
0.000000000000000000e+00
0.000000000000000000e+00
5.108599999999999808e-01
0.000000000000000000e+00
0.000000000000000000e+00
0.000000000000000000e+00
6.056000000000000272e-01
0.000000000000000000e+00
0.000000000000000000e+00
0.000000000000000000e+00
0.000000000000000000e+00
5.798400000000000221e-01
0.000000000000000000e+00
0.000000000000000000e+00
0.000000000000000000e+00
0.000000000000000000e+00
0.000000000000000000e+00
0.000000000000000000e+00
0.000000000000000000e+00
0.000000000000000000e+00
0.000000000000000000e+00
0.000000000000000000e+00
0.000000000000000000e+00
0.000000000000000000e+00
0.000000000000000000e+00
0.000000000000000000e+00
0.000000000000000000e+00
0.000000000000000000e+00
0.000000000000000000e+00
0.000000000000000000e+00
0.000000000000000000e+00
0.000000000000000000e+00
0.000000000000000000e+00
0.000000000000000000e+00
0.000000000000000000e+00
0.000000000000000000e+00
1.010049999999999892e+00
0.000000000000000000e+00
0.000000000000000000e+00
0.000000000000000000e+00
6.282400000000000206e-01
0.000000000000000000e+00
0.000000000000000000e+00
0.000000000000000000e+00
5.761699999999999600e-01
0.000000000000000000e+00
0.000000000000000000e+00
0.000000000000000000e+00
0.000000000000000000e+00
5.908499999999999863e-01
0.000000000000000000e+00
0.000000000000000000e+00
0.000000000000000000e+00
0.000000000000000000e+00
7.588700000000000445e-01
0.000000000000000000e+00
0.000000000000000000e+00
5.736700000000000133e-01
0.000000000000000000e+00
0.000000000000000000e+00
5.390700000000000491e-01
0.000000000000000000e+00
0.000000000000000000e+00
0.000000000000000000e+00
0.000000000000000000e+00
0.000000000000000000e+00
0.000000000000000000e+00
5.971499999999999586e-01
0.000000000000000000e+00
1.041209999999999969e+00
0.000000000000000000e+00
0.000000000000000000e+00
5.354200000000000070e-01
0.000000000000000000e+00
0.000000000000000000e+00
1.010040000000000049e+00
0.000000000000000000e+00
0.000000000000000000e+00
6.210400000000000365e-01
0.000000000000000000e+00
0.000000000000000000e+00
0.000000000000000000e+00
6.445699999999999763e-01
0.000000000000000000e+00
0.000000000000000000e+00
0.000000000000000000e+00
0.000000000000000000e+00
7.799199999999999466e-01
0.000000000000000000e+00
0.000000000000000000e+00
6.409599999999999742e-01
0.000000000000000000e+00
6.780100000000000016e-01
0.000000000000000000e+00
0.000000000000000000e+00
0.000000000000000000e+00
8.658700000000000285e-01
0.000000000000000000e+00
0.000000000000000000e+00
8.635800000000000143e-01
0.000000000000000000e+00
1.129950000000000010e+00
0.000000000000000000e+00
6.470500000000000140e-01
0.000000000000000000e+00
0.000000000000000000e+00
6.972599999999999909e-01
0.000000000000000000e+00
0.000000000000000000e+00
0.000000000000000000e+00
0.000000000000000000e+00
8.164299999999999891e-01
0.000000000000000000e+00
0.000000000000000000e+00
8.770499999999999963e-01
0.000000000000000000e+00
0.000000000000000000e+00
0.000000000000000000e+00
0.000000000000000000e+00
8.852799999999999558e-01
0.000000000000000000e+00
0.000000000000000000e+00
0.000000000000000000e+00
1.110449999999999937e+00
0.000000000000000000e+00
0.000000000000000000e+00
0.000000000000000000e+00
6.648600000000000065e-01
0.000000000000000000e+00
8.731299999999999617e-01
0.000000000000000000e+00
0.000000000000000000e+00
0.000000000000000000e+00
0.000000000000000000e+00
5.413299999999999779e-01
0.000000000000000000e+00
7.291900000000000048e-01
0.000000000000000000e+00
0.000000000000000000e+00
0.000000000000000000e+00
0.000000000000000000e+00
0.000000000000000000e+00
6.289500000000000091e-01
0.000000000000000000e+00
0.000000000000000000e+00
0.000000000000000000e+00
1.130609999999999893e+00
0.000000000000000000e+00
9.740900000000000114e-01
0.000000000000000000e+00
0.000000000000000000e+00
1.039930000000000021e+00
0.000000000000000000e+00
7.754699999999999926e-01
0.000000000000000000e+00
6.897900000000000142e-01
0.000000000000000000e+00
0.000000000000000000e+00
9.184700000000000086e-01
0.000000000000000000e+00
0.000000000000000000e+00
0.000000000000000000e+00
0.000000000000000000e+00
7.256299999999999972e-01
0.000000000000000000e+00
8.381300000000000416e-01
0.000000000000000000e+00
0.000000000000000000e+00
0.000000000000000000e+00
9.197300000000000475e-01
0.000000000000000000e+00
0.000000000000000000e+00
0.000000000000000000e+00
0.000000000000000000e+00
6.529300000000000104e-01
0.000000000000000000e+00
0.000000000000000000e+00
8.082799999999999985e-01
0.000000000000000000e+00
0.000000000000000000e+00
8.426200000000000356e-01
0.000000000000000000e+00
0.000000000000000000e+00
0.000000000000000000e+00
0.000000000000000000e+00
1.337620000000000031e+00
0.000000000000000000e+00
0.000000000000000000e+00
0.000000000000000000e+00
7.484399999999999942e-01
0.000000000000000000e+00
0.000000000000000000e+00
0.000000000000000000e+00
0.000000000000000000e+00
1.414889999999999981e+00
0.000000000000000000e+00
0.000000000000000000e+00
0.000000000000000000e+00
0.000000000000000000e+00
6.067900000000000515e-01
0.000000000000000000e+00
8.068300000000000471e-01
0.000000000000000000e+00
0.000000000000000000e+00
0.000000000000000000e+00
6.025700000000000500e-01
0.000000000000000000e+00
0.000000000000000000e+00
0.000000000000000000e+00
8.860299999999999843e-01
0.000000000000000000e+00
0.000000000000000000e+00
0.000000000000000000e+00
0.000000000000000000e+00
5.574500000000000011e-01
0.000000000000000000e+00
1.928609999999999935e+00
0.000000000000000000e+00
0.000000000000000000e+00
6.876400000000000290e-01
0.000000000000000000e+00
0.000000000000000000e+00
0.000000000000000000e+00
6.551299999999999901e-01
0.000000000000000000e+00
0.000000000000000000e+00
0.000000000000000000e+00
0.000000000000000000e+00
0.000000000000000000e+00
1.009230000000000071e+00
0.000000000000000000e+00
0.000000000000000000e+00
0.000000000000000000e+00
0.000000000000000000e+00
6.622200000000000308e-01
0.000000000000000000e+00
0.000000000000000000e+00
7.937699999999999756e-01
0.000000000000000000e+00
0.000000000000000000e+00
0.000000000000000000e+00
8.062500000000000222e-01
0.000000000000000000e+00
1.022829999999999906e+00
0.000000000000000000e+00
7.483600000000000252e-01
0.000000000000000000e+00
0.000000000000000000e+00
0.000000000000000000e+00
1.101779999999999982e+00
0.000000000000000000e+00
0.000000000000000000e+00
9.574099999999999833e-01
0.000000000000000000e+00
0.000000000000000000e+00
0.000000000000000000e+00
8.176999999999999824e-01
0.000000000000000000e+00
0.000000000000000000e+00
0.000000000000000000e+00
1.001730000000000009e+00
0.000000000000000000e+00
7.669200000000000461e-01
0.000000000000000000e+00
1.538229999999999986e+00
0.000000000000000000e+00
6.045899999999999608e-01
0.000000000000000000e+00
0.000000000000000000e+00
5.666600000000000525e-01
0.000000000000000000e+00
0.000000000000000000e+00
1.156749999999999945e+00
0.000000000000000000e+00
0.000000000000000000e+00
0.000000000000000000e+00
0.000000000000000000e+00
7.094899999999999540e-01
0.000000000000000000e+00
0.000000000000000000e+00
0.000000000000000000e+00
6.714400000000000368e-01
0.000000000000000000e+00
0.000000000000000000e+00
6.211600000000000454e-01
0.000000000000000000e+00
9.637000000000000011e-01
0.000000000000000000e+00
0.000000000000000000e+00
0.000000000000000000e+00
0.000000000000000000e+00
1.176600000000000090e+00
0.000000000000000000e+00
0.000000000000000000e+00
1.313299999999999912e+00
0.000000000000000000e+00
0.000000000000000000e+00
0.000000000000000000e+00
1.261130000000000084e+00
0.000000000000000000e+00
0.000000000000000000e+00
7.219499999999999806e-01
0.000000000000000000e+00
0.000000000000000000e+00
1.266070000000000029e+00
0.000000000000000000e+00
0.000000000000000000e+00
0.000000000000000000e+00
7.902000000000000135e-01
0.000000000000000000e+00
0.000000000000000000e+00
7.954499999999999904e-01
0.000000000000000000e+00
0.000000000000000000e+00
0.000000000000000000e+00
6.722700000000000342e-01
0.000000000000000000e+00
0.000000000000000000e+00
0.000000000000000000e+00
0.000000000000000000e+00
0.000000000000000000e+00
0.000000000000000000e+00
0.000000000000000000e+00
0.000000000000000000e+00
0.000000000000000000e+00
0.000000000000000000e+00
0.000000000000000000e+00
0.000000000000000000e+00
0.000000000000000000e+00
0.000000000000000000e+00
0.000000000000000000e+00
0.000000000000000000e+00
0.000000000000000000e+00
0.000000000000000000e+00
0.000000000000000000e+00
0.000000000000000000e+00
0.000000000000000000e+00
8.814400000000000013e-01
0.000000000000000000e+00
0.000000000000000000e+00
0.000000000000000000e+00
6.461400000000000476e-01
0.000000000000000000e+00
1.297539999999999916e+00
0.000000000000000000e+00
0.000000000000000000e+00
1.079320000000000057e+00
0.000000000000000000e+00
0.000000000000000000e+00
0.000000000000000000e+00
8.546300000000000008e-01
0.000000000000000000e+00
0.000000000000000000e+00
6.746799999999999464e-01
0.000000000000000000e+00
0.000000000000000000e+00
5.687699999999999978e-01
0.000000000000000000e+00
0.000000000000000000e+00
1.050289999999999946e+00
0.000000000000000000e+00
0.000000000000000000e+00
0.000000000000000000e+00
7.488099999999999756e-01
0.000000000000000000e+00
0.000000000000000000e+00
8.272199999999999553e-01
0.000000000000000000e+00
5.818400000000000238e-01
0.000000000000000000e+00
0.000000000000000000e+00
0.000000000000000000e+00
6.720800000000000107e-01
0.000000000000000000e+00
0.000000000000000000e+00
5.120099999999999651e-01
0.000000000000000000e+00
0.000000000000000000e+00
0.000000000000000000e+00
7.335099999999999953e-01
0.000000000000000000e+00
7.700500000000000123e-01
0.000000000000000000e+00
0.000000000000000000e+00
0.000000000000000000e+00
7.895499999999999741e-01
0.000000000000000000e+00
0.000000000000000000e+00
0.000000000000000000e+00
0.000000000000000000e+00
6.387300000000000200e-01
0.000000000000000000e+00
0.000000000000000000e+00
6.264600000000000168e-01
0.000000000000000000e+00
0.000000000000000000e+00
0.000000000000000000e+00
8.339600000000000346e-01
0.000000000000000000e+00
0.000000000000000000e+00
0.000000000000000000e+00
8.946800000000000308e-01
0.000000000000000000e+00
7.540900000000000380e-01
0.000000000000000000e+00
6.597699999999999676e-01
0.000000000000000000e+00
9.185400000000000231e-01
0.000000000000000000e+00
0.000000000000000000e+00
0.000000000000000000e+00
7.528200000000000447e-01
0.000000000000000000e+00
0.000000000000000000e+00
0.000000000000000000e+00
6.631500000000000172e-01
0.000000000000000000e+00
0.000000000000000000e+00
0.000000000000000000e+00
7.122000000000000552e-01
0.000000000000000000e+00
8.497000000000000108e-01
0.000000000000000000e+00
0.000000000000000000e+00
0.000000000000000000e+00
6.412600000000000522e-01
0.000000000000000000e+00
0.000000000000000000e+00
0.000000000000000000e+00
0.000000000000000000e+00
0.000000000000000000e+00
0.000000000000000000e+00
9.742899999999999894e-01
0.000000000000000000e+00
1.222669999999999924e+00
0.000000000000000000e+00
1.212099999999999955e+00
0.000000000000000000e+00
6.182499999999999662e-01
0.000000000000000000e+00
0.000000000000000000e+00
0.000000000000000000e+00
0.000000000000000000e+00
1.009500000000000064e+00
0.000000000000000000e+00
0.000000000000000000e+00
1.115639999999999965e+00
0.000000000000000000e+00
6.560700000000000420e-01
0.000000000000000000e+00
6.531099999999999683e-01
0.000000000000000000e+00
0.000000000000000000e+00
0.000000000000000000e+00
1.189459999999999962e+00
0.000000000000000000e+00
0.000000000000000000e+00
1.695610000000000062e+00
0.000000000000000000e+00
0.000000000000000000e+00
5.532899999999999485e-01
0.000000000000000000e+00
0.000000000000000000e+00
6.723900000000000432e-01
0.000000000000000000e+00
1.473680000000000101e+00
0.000000000000000000e+00
0.000000000000000000e+00
8.197799999999999532e-01
0.000000000000000000e+00
0.000000000000000000e+00
0.000000000000000000e+00
1.143210000000000059e+00
0.000000000000000000e+00
7.623999999999999666e-01
0.000000000000000000e+00
0.000000000000000000e+00
9.503899999999999570e-01
0.000000000000000000e+00
0.000000000000000000e+00
9.622600000000000042e-01
0.000000000000000000e+00
0.000000000000000000e+00
7.631200000000000205e-01
0.000000000000000000e+00
7.958300000000000374e-01
0.000000000000000000e+00
0.000000000000000000e+00
0.000000000000000000e+00
0.000000000000000000e+00
6.258399999999999519e-01
0.000000000000000000e+00
0.000000000000000000e+00
0.000000000000000000e+00
0.000000000000000000e+00
0.000000000000000000e+00
5.714399999999999480e-01
0.000000000000000000e+00
0.000000000000000000e+00
0.000000000000000000e+00
7.181699999999999751e-01
0.000000000000000000e+00
0.000000000000000000e+00
0.000000000000000000e+00
0.000000000000000000e+00
0.000000000000000000e+00
8.861200000000000188e-01
0.000000000000000000e+00
0.000000000000000000e+00
1.004040000000000044e+00
0.000000000000000000e+00
7.498099999999999765e-01
0.000000000000000000e+00
0.000000000000000000e+00
0.000000000000000000e+00
0.000000000000000000e+00
7.478200000000000403e-01
0.000000000000000000e+00
0.000000000000000000e+00
8.730799999999999672e-01
0.000000000000000000e+00
1.111799999999999899e+00
0.000000000000000000e+00
7.130199999999999871e-01
0.000000000000000000e+00
0.000000000000000000e+00
1.625760000000000094e+00
0.000000000000000000e+00
0.000000000000000000e+00
1.465910000000000046e+00
0.000000000000000000e+00
0.000000000000000000e+00
0.000000000000000000e+00
9.926000000000000378e-01
0.000000000000000000e+00
9.903899999999999926e-01
0.000000000000000000e+00
0.000000000000000000e+00
7.825499999999999678e-01
0.000000000000000000e+00
0.000000000000000000e+00
0.000000000000000000e+00
8.145700000000000163e-01
0.000000000000000000e+00
0.000000000000000000e+00
0.000000000000000000e+00
0.000000000000000000e+00
7.204199999999999493e-01
0.000000000000000000e+00
7.887699999999999712e-01
0.000000000000000000e+00
0.000000000000000000e+00
0.000000000000000000e+00
9.583899999999999642e-01
0.000000000000000000e+00
0.000000000000000000e+00
8.846699999999999564e-01
0.000000000000000000e+00
0.000000000000000000e+00
0.000000000000000000e+00
8.225400000000000489e-01
0.000000000000000000e+00
0.000000000000000000e+00
0.000000000000000000e+00
7.524199999999999777e-01
0.000000000000000000e+00
6.153800000000000381e-01
0.000000000000000000e+00
0.000000000000000000e+00
5.837200000000000166e-01
0.000000000000000000e+00
0.000000000000000000e+00
0.000000000000000000e+00
9.473099999999999854e-01
0.000000000000000000e+00
0.000000000000000000e+00
0.000000000000000000e+00
0.000000000000000000e+00
1.290119999999999933e+00
0.000000000000000000e+00
6.383799999999999475e-01
0.000000000000000000e+00
6.375499999999999501e-01
0.000000000000000000e+00
5.871600000000000152e-01
0.000000000000000000e+00
0.000000000000000000e+00
9.808900000000000396e-01
0.000000000000000000e+00
0.000000000000000000e+00
0.000000000000000000e+00
7.592299999999999605e-01
0.000000000000000000e+00
0.000000000000000000e+00
7.604899999999999993e-01
0.000000000000000000e+00
0.000000000000000000e+00
0.000000000000000000e+00
0.000000000000000000e+00
0.000000000000000000e+00
0.000000000000000000e+00
0.000000000000000000e+00
0.000000000000000000e+00
0.000000000000000000e+00
0.000000000000000000e+00
0.000000000000000000e+00
0.000000000000000000e+00
0.000000000000000000e+00
0.000000000000000000e+00
0.000000000000000000e+00
0.000000000000000000e+00
0.000000000000000000e+00
0.000000000000000000e+00
0.000000000000000000e+00
0.000000000000000000e+00
0.000000000000000000e+00
8.175700000000000189e-01
0.000000000000000000e+00
0.000000000000000000e+00
0.000000000000000000e+00
0.000000000000000000e+00
7.919000000000000483e-01
0.000000000000000000e+00
6.963399999999999590e-01
0.000000000000000000e+00
0.000000000000000000e+00
0.000000000000000000e+00
0.000000000000000000e+00
8.454399999999999693e-01
0.000000000000000000e+00
1.299849999999999950e+00
0.000000000000000000e+00
0.000000000000000000e+00
0.000000000000000000e+00
7.943500000000000005e-01
0.000000000000000000e+00
0.000000000000000000e+00
0.000000000000000000e+00
9.493599999999999817e-01
0.000000000000000000e+00
0.000000000000000000e+00
0.000000000000000000e+00
0.000000000000000000e+00
0.000000000000000000e+00
5.304600000000000426e-01
0.000000000000000000e+00
0.000000000000000000e+00
1.027420000000000000e+00
0.000000000000000000e+00
0.000000000000000000e+00
0.000000000000000000e+00
0.000000000000000000e+00
7.589200000000000390e-01
0.000000000000000000e+00
0.000000000000000000e+00
0.000000000000000000e+00
1.529400000000000093e+00
0.000000000000000000e+00
0.000000000000000000e+00
6.237599999999999811e-01
0.000000000000000000e+00
6.484499999999999709e-01
0.000000000000000000e+00
0.000000000000000000e+00
0.000000000000000000e+00
0.000000000000000000e+00
1.202590000000000048e+00
0.000000000000000000e+00
0.000000000000000000e+00
0.000000000000000000e+00
0.000000000000000000e+00
0.000000000000000000e+00
0.000000000000000000e+00
6.660399999999999654e-01
0.000000000000000000e+00
0.000000000000000000e+00
0.000000000000000000e+00
1.560189999999999966e+00
0.000000000000000000e+00
0.000000000000000000e+00
7.911299999999999999e-01
0.000000000000000000e+00
0.000000000000000000e+00
6.125500000000000389e-01
0.000000000000000000e+00
0.000000000000000000e+00
0.000000000000000000e+00
0.000000000000000000e+00
0.000000000000000000e+00
8.727300000000000058e-01
0.000000000000000000e+00
0.000000000000000000e+00
7.971799999999999997e-01
0.000000000000000000e+00
0.000000000000000000e+00
6.152600000000000291e-01
0.000000000000000000e+00
0.000000000000000000e+00
0.000000000000000000e+00
6.555499999999999661e-01
0.000000000000000000e+00
7.881000000000000227e-01
0.000000000000000000e+00
1.055339999999999945e+00
0.000000000000000000e+00
7.932599999999999651e-01
0.000000000000000000e+00
0.000000000000000000e+00
0.000000000000000000e+00
0.000000000000000000e+00
5.569499999999999451e-01
0.000000000000000000e+00
1.284229999999999983e+00
0.000000000000000000e+00
0.000000000000000000e+00
0.000000000000000000e+00
7.344399999999999817e-01
0.000000000000000000e+00
0.000000000000000000e+00
7.391699999999999937e-01
0.000000000000000000e+00
0.000000000000000000e+00
9.929299999999999793e-01
0.000000000000000000e+00
0.000000000000000000e+00
0.000000000000000000e+00
7.471999999999999753e-01
0.000000000000000000e+00
0.000000000000000000e+00
0.000000000000000000e+00
0.000000000000000000e+00
0.000000000000000000e+00
8.999300000000000077e-01
0.000000000000000000e+00
0.000000000000000000e+00
0.000000000000000000e+00
7.230199999999999960e-01
0.000000000000000000e+00
6.522200000000000220e-01
0.000000000000000000e+00
0.000000000000000000e+00
7.006000000000000005e-01
0.000000000000000000e+00
0.000000000000000000e+00
0.000000000000000000e+00
0.000000000000000000e+00
0.000000000000000000e+00
8.093399999999999483e-01
0.000000000000000000e+00
0.000000000000000000e+00
9.105499999999999705e-01
0.000000000000000000e+00
0.000000000000000000e+00
0.000000000000000000e+00
6.094100000000000072e-01
0.000000000000000000e+00
0.000000000000000000e+00
0.000000000000000000e+00
0.000000000000000000e+00
1.117580000000000018e+00
0.000000000000000000e+00
7.843700000000000117e-01
0.000000000000000000e+00
0.000000000000000000e+00
6.495300000000000518e-01
0.000000000000000000e+00
0.000000000000000000e+00
0.000000000000000000e+00
0.000000000000000000e+00
6.493499999999999828e-01
0.000000000000000000e+00
0.000000000000000000e+00
0.000000000000000000e+00
0.000000000000000000e+00
0.000000000000000000e+00
0.000000000000000000e+00
0.000000000000000000e+00
9.966300000000000159e-01
0.000000000000000000e+00
9.612600000000000033e-01
0.000000000000000000e+00
1.504159999999999942e+00
0.000000000000000000e+00
1.620840000000000058e+00
0.000000000000000000e+00
8.928800000000000070e-01
0.000000000000000000e+00
0.000000000000000000e+00
7.489200000000000301e-01
0.000000000000000000e+00
0.000000000000000000e+00
0.000000000000000000e+00
0.000000000000000000e+00
0.000000000000000000e+00
9.881299999999999528e-01
0.000000000000000000e+00
7.070999999999999508e-01
0.000000000000000000e+00
7.274199999999999555e-01
0.000000000000000000e+00
0.000000000000000000e+00
0.000000000000000000e+00
5.898499999999999854e-01
0.000000000000000000e+00
1.382630000000000026e+00
0.000000000000000000e+00
0.000000000000000000e+00
0.000000000000000000e+00
9.027600000000000069e-01
0.000000000000000000e+00
6.691700000000000426e-01
0.000000000000000000e+00
0.000000000000000000e+00
0.000000000000000000e+00
0.000000000000000000e+00
6.205300000000000260e-01
0.000000000000000000e+00
0.000000000000000000e+00
0.000000000000000000e+00
0.000000000000000000e+00
0.000000000000000000e+00
0.000000000000000000e+00
5.507600000000000273e-01
0.000000000000000000e+00
0.000000000000000000e+00
0.000000000000000000e+00
7.214800000000000102e-01
0.000000000000000000e+00
0.000000000000000000e+00
8.432100000000000151e-01
0.000000000000000000e+00
0.000000000000000000e+00
0.000000000000000000e+00
1.160649999999999959e+00
0.000000000000000000e+00
0.000000000000000000e+00
7.348000000000000087e-01
0.000000000000000000e+00
0.000000000000000000e+00
0.000000000000000000e+00
0.000000000000000000e+00
0.000000000000000000e+00
7.829599999999999893e-01
0.000000000000000000e+00
5.403099999999999570e-01
0.000000000000000000e+00
0.000000000000000000e+00
6.263300000000000534e-01
0.000000000000000000e+00
0.000000000000000000e+00
0.000000000000000000e+00
0.000000000000000000e+00
1.143059999999999965e+00
0.000000000000000000e+00
0.000000000000000000e+00
0.000000000000000000e+00
0.000000000000000000e+00
9.261300000000000088e-01
0.000000000000000000e+00
0.000000000000000000e+00
1.495230000000000059e+00
0.000000000000000000e+00
6.951600000000000001e-01
0.000000000000000000e+00
6.048200000000000243e-01
0.000000000000000000e+00
5.709600000000000231e-01
0.000000000000000000e+00
9.391899999999999693e-01
0.000000000000000000e+00
0.000000000000000000e+00
7.462100000000000399e-01
0.000000000000000000e+00
0.000000000000000000e+00
1.699799999999999978e+00
0.000000000000000000e+00
0.000000000000000000e+00
9.011099999999999666e-01
0.000000000000000000e+00
0.000000000000000000e+00
9.631999999999999451e-01
0.000000000000000000e+00
0.000000000000000000e+00
0.000000000000000000e+00
7.953500000000000014e-01
0.000000000000000000e+00
8.548999999999999932e-01
0.000000000000000000e+00
0.000000000000000000e+00
7.397200000000000442e-01
0.000000000000000000e+00
0.000000000000000000e+00
9.216100000000000403e-01
0.000000000000000000e+00
0.000000000000000000e+00
0.000000000000000000e+00
0.000000000000000000e+00
6.501200000000000312e-01
0.000000000000000000e+00
0.000000000000000000e+00
0.000000000000000000e+00
0.000000000000000000e+00
0.000000000000000000e+00
0.000000000000000000e+00
0.000000000000000000e+00
0.000000000000000000e+00
0.000000000000000000e+00
0.000000000000000000e+00
0.000000000000000000e+00
0.000000000000000000e+00
0.000000000000000000e+00
0.000000000000000000e+00
0.000000000000000000e+00
0.000000000000000000e+00
0.000000000000000000e+00
0.000000000000000000e+00
0.000000000000000000e+00
0.000000000000000000e+00
0.000000000000000000e+00
0.000000000000000000e+00
0.000000000000000000e+00
6.762500000000000178e-01
0.000000000000000000e+00
0.000000000000000000e+00
6.431700000000000195e-01
0.000000000000000000e+00
0.000000000000000000e+00
8.641499999999999737e-01
0.000000000000000000e+00
0.000000000000000000e+00
0.000000000000000000e+00
8.014200000000000212e-01
0.000000000000000000e+00
0.000000000000000000e+00
0.000000000000000000e+00
0.000000000000000000e+00
6.821300000000000141e-01
0.000000000000000000e+00
0.000000000000000000e+00
7.082100000000000062e-01
0.000000000000000000e+00
0.000000000000000000e+00
0.000000000000000000e+00
1.926220000000000043e+00
0.000000000000000000e+00
0.000000000000000000e+00
0.000000000000000000e+00
7.441400000000000237e-01
0.000000000000000000e+00
0.000000000000000000e+00
9.252500000000000169e-01
0.000000000000000000e+00
1.100619999999999932e+00
0.000000000000000000e+00
7.908600000000000074e-01
0.000000000000000000e+00
0.000000000000000000e+00
0.000000000000000000e+00
6.321999999999999842e-01
0.000000000000000000e+00
9.303099999999999703e-01
0.000000000000000000e+00
0.000000000000000000e+00
0.000000000000000000e+00
0.000000000000000000e+00
1.928010000000000002e+00
0.000000000000000000e+00
0.000000000000000000e+00
0.000000000000000000e+00
0.000000000000000000e+00
7.550400000000000444e-01
0.000000000000000000e+00
0.000000000000000000e+00
1.279770000000000074e+00
0.000000000000000000e+00
7.581599999999999451e-01
0.000000000000000000e+00
9.515500000000000069e-01
0.000000000000000000e+00
0.000000000000000000e+00
0.000000000000000000e+00
0.000000000000000000e+00
6.025500000000000300e-01
0.000000000000000000e+00
0.000000000000000000e+00
1.129259999999999931e+00
0.000000000000000000e+00
0.000000000000000000e+00
1.302820000000000089e+00
0.000000000000000000e+00
0.000000000000000000e+00
8.798500000000000210e-01
0.000000000000000000e+00
0.000000000000000000e+00
5.893199999999999550e-01
0.000000000000000000e+00
0.000000000000000000e+00
8.174400000000000555e-01
0.000000000000000000e+00
0.000000000000000000e+00
0.000000000000000000e+00
0.000000000000000000e+00
0.000000000000000000e+00
0.000000000000000000e+00
6.055800000000000072e-01
0.000000000000000000e+00
0.000000000000000000e+00
0.000000000000000000e+00
0.000000000000000000e+00
9.110700000000000465e-01
0.000000000000000000e+00
0.000000000000000000e+00
0.000000000000000000e+00
5.916599999999999637e-01
0.000000000000000000e+00
0.000000000000000000e+00
8.330800000000000427e-01
0.000000000000000000e+00
5.916000000000000147e-01
0.000000000000000000e+00
0.000000000000000000e+00
5.688199999999999923e-01
0.000000000000000000e+00
0.000000000000000000e+00
5.472500000000000142e-01
0.000000000000000000e+00
0.000000000000000000e+00
0.000000000000000000e+00
0.000000000000000000e+00
0.000000000000000000e+00
6.212100000000000399e-01
0.000000000000000000e+00
7.776699999999999724e-01
0.000000000000000000e+00
7.419299999999999784e-01
0.000000000000000000e+00
1.454290000000000083e+00
0.000000000000000000e+00
0.000000000000000000e+00
5.558400000000000007e-01
0.000000000000000000e+00
0.000000000000000000e+00
1.114079999999999959e+00
0.000000000000000000e+00
0.000000000000000000e+00
9.534599999999999742e-01
0.000000000000000000e+00
0.000000000000000000e+00
0.000000000000000000e+00
0.000000000000000000e+00
7.898399999999999865e-01
0.000000000000000000e+00
0.000000000000000000e+00
0.000000000000000000e+00
8.797500000000000320e-01
0.000000000000000000e+00
9.463200000000000500e-01
0.000000000000000000e+00
0.000000000000000000e+00
0.000000000000000000e+00
7.089199999999999946e-01
0.000000000000000000e+00
4.851300000000000057e-01
0.000000000000000000e+00
0.000000000000000000e+00
0.000000000000000000e+00
1.202979999999999938e+00
0.000000000000000000e+00
8.477700000000000236e-01
0.000000000000000000e+00
0.000000000000000000e+00
0.000000000000000000e+00
0.000000000000000000e+00
0.000000000000000000e+00
7.035900000000000487e-01
0.000000000000000000e+00
8.823800000000000532e-01
0.000000000000000000e+00
0.000000000000000000e+00
0.000000000000000000e+00
6.576400000000000023e-01
0.000000000000000000e+00
6.947299999999999587e-01
0.000000000000000000e+00
0.000000000000000000e+00
0.000000000000000000e+00
0.000000000000000000e+00
0.000000000000000000e+00
0.000000000000000000e+00
6.594700000000000006e-01
0.000000000000000000e+00
0.000000000000000000e+00
0.000000000000000000e+00
6.077500000000000124e-01
0.000000000000000000e+00
0.000000000000000000e+00
0.000000000000000000e+00
9.000500000000000167e-01
0.000000000000000000e+00
0.000000000000000000e+00
9.412899999999999601e-01
0.000000000000000000e+00
0.000000000000000000e+00
6.232999999999999652e-01
0.000000000000000000e+00
6.217000000000000304e-01
0.000000000000000000e+00
0.000000000000000000e+00
1.097690000000000055e+00
0.000000000000000000e+00
0.000000000000000000e+00
0.000000000000000000e+00
0.000000000000000000e+00
6.535699999999999843e-01
0.000000000000000000e+00
6.074600000000000000e-01
0.000000000000000000e+00
0.000000000000000000e+00
0.000000000000000000e+00
0.000000000000000000e+00
7.928800000000000292e-01
0.000000000000000000e+00
0.000000000000000000e+00
0.000000000000000000e+00
7.434399999999999897e-01
0.000000000000000000e+00
1.271870000000000056e+00
0.000000000000000000e+00
0.000000000000000000e+00
0.000000000000000000e+00
0.000000000000000000e+00
7.901299999999999990e-01
0.000000000000000000e+00
0.000000000000000000e+00
0.000000000000000000e+00
0.000000000000000000e+00
0.000000000000000000e+00
8.899200000000000443e-01
0.000000000000000000e+00
0.000000000000000000e+00
0.000000000000000000e+00
0.000000000000000000e+00
7.275500000000000300e-01
0.000000000000000000e+00
0.000000000000000000e+00
7.891700000000000381e-01
0.000000000000000000e+00
6.121299999999999519e-01
0.000000000000000000e+00
0.000000000000000000e+00
5.694799999999999862e-01
0.000000000000000000e+00
0.000000000000000000e+00
7.912500000000000089e-01
0.000000000000000000e+00
0.000000000000000000e+00
0.000000000000000000e+00
0.000000000000000000e+00
6.946400000000000352e-01
0.000000000000000000e+00
8.237200000000000077e-01
0.000000000000000000e+00
0.000000000000000000e+00
6.536899999999999933e-01
0.000000000000000000e+00
0.000000000000000000e+00
9.026300000000000434e-01
0.000000000000000000e+00
0.000000000000000000e+00
0.000000000000000000e+00
5.989900000000000224e-01
0.000000000000000000e+00
6.716299999999999493e-01
0.000000000000000000e+00
0.000000000000000000e+00
7.304699999999999527e-01
0.000000000000000000e+00
6.698100000000000165e-01
0.000000000000000000e+00
6.200799999999999645e-01
0.000000000000000000e+00
8.255700000000000260e-01
0.000000000000000000e+00
0.000000000000000000e+00
0.000000000000000000e+00
0.000000000000000000e+00
8.915499999999999536e-01
0.000000000000000000e+00
0.000000000000000000e+00
7.991500000000000270e-01
0.000000000000000000e+00
0.000000000000000000e+00
0.000000000000000000e+00
0.000000000000000000e+00
0.000000000000000000e+00
0.000000000000000000e+00
0.000000000000000000e+00
0.000000000000000000e+00
0.000000000000000000e+00
0.000000000000000000e+00
0.000000000000000000e+00
0.000000000000000000e+00
0.000000000000000000e+00
