0.000000000000000000e+00
0.000000000000000000e+00
0.000000000000000000e+00
0.000000000000000000e+00
0.000000000000000000e+00
0.000000000000000000e+00
0.000000000000000000e+00
0.000000000000000000e+00
0.000000000000000000e+00
0.000000000000000000e+00
9.066800000000000415e-01
0.000000000000000000e+00
7.138999999999999790e-01
0.000000000000000000e+00
0.000000000000000000e+00
6.435400000000000009e-01
0.000000000000000000e+00
0.000000000000000000e+00
5.392500000000000071e-01
0.000000000000000000e+00
6.161600000000000410e-01
0.000000000000000000e+00
0.000000000000000000e+00
0.000000000000000000e+00
5.561700000000000532e-01
0.000000000000000000e+00
0.000000000000000000e+00
0.000000000000000000e+00
5.533400000000000540e-01
0.000000000000000000e+00
0.000000000000000000e+00
4.264200000000000212e-01
0.000000000000000000e+00
0.000000000000000000e+00
0.000000000000000000e+00
8.941799999999999748e-01
0.000000000000000000e+00
6.487000000000000544e-01
0.000000000000000000e+00
0.000000000000000000e+00
6.035700000000000509e-01
0.000000000000000000e+00
5.456199999999999939e-01
0.000000000000000000e+00
4.917000000000000259e-01
0.000000000000000000e+00
0.000000000000000000e+00
0.000000000000000000e+00
0.000000000000000000e+00
1.101639999999999953e+00
0.000000000000000000e+00
0.000000000000000000e+00
0.000000000000000000e+00
5.163299999999999557e-01
0.000000000000000000e+00
6.607899999999999885e-01
0.000000000000000000e+00
0.000000000000000000e+00
7.497700000000000475e-01
0.000000000000000000e+00
0.000000000000000000e+00
0.000000000000000000e+00
5.119500000000000162e-01
0.000000000000000000e+00
0.000000000000000000e+00
0.000000000000000000e+00
6.108299999999999841e-01
0.000000000000000000e+00
0.000000000000000000e+00
0.000000000000000000e+00
0.000000000000000000e+00
0.000000000000000000e+00
0.000000000000000000e+00
5.513700000000000268e-01
0.000000000000000000e+00
0.000000000000000000e+00
0.000000000000000000e+00
5.958999999999999853e-01
0.000000000000000000e+00
0.000000000000000000e+00
0.000000000000000000e+00
6.941300000000000248e-01
0.000000000000000000e+00
0.000000000000000000e+00
5.183699999999999974e-01
0.000000000000000000e+00
7.352800000000000447e-01
0.000000000000000000e+00
0.000000000000000000e+00
0.000000000000000000e+00
5.161499999999999977e-01
0.000000000000000000e+00
0.000000000000000000e+00
0.000000000000000000e+00
0.000000000000000000e+00
5.643599999999999728e-01
0.000000000000000000e+00
0.000000000000000000e+00
0.000000000000000000e+00
0.000000000000000000e+00
0.000000000000000000e+00
4.692000000000000060e-01
0.000000000000000000e+00
0.000000000000000000e+00
0.000000000000000000e+00
0.000000000000000000e+00
7.392600000000000282e-01
0.000000000000000000e+00
0.000000000000000000e+00
0.000000000000000000e+00
0.000000000000000000e+00
8.156499999999999861e-01
0.000000000000000000e+00
6.784499999999999975e-01
0.000000000000000000e+00
1.045350000000000001e+00
0.000000000000000000e+00
0.000000000000000000e+00
0.000000000000000000e+00
5.644299999999999873e-01
0.000000000000000000e+00
0.000000000000000000e+00
5.576400000000000245e-01
0.000000000000000000e+00
0.000000000000000000e+00
0.000000000000000000e+00
1.058400000000000007e+00
0.000000000000000000e+00
0.000000000000000000e+00
5.829900000000000082e-01
0.000000000000000000e+00
0.000000000000000000e+00
0.000000000000000000e+00
5.986200000000000410e-01
0.000000000000000000e+00
0.000000000000000000e+00
4.398400000000000087e-01
0.000000000000000000e+00
0.000000000000000000e+00
0.000000000000000000e+00
6.560599999999999765e-01
0.000000000000000000e+00
0.000000000000000000e+00
0.000000000000000000e+00
0.000000000000000000e+00
6.714499999999999913e-01
0.000000000000000000e+00
0.000000000000000000e+00
0.000000000000000000e+00
5.060900000000000398e-01
0.000000000000000000e+00
0.000000000000000000e+00
0.000000000000000000e+00
9.146300000000000541e-01
0.000000000000000000e+00
0.000000000000000000e+00
0.000000000000000000e+00
0.000000000000000000e+00
7.208299999999999708e-01
0.000000000000000000e+00
0.000000000000000000e+00
8.687300000000000022e-01
0.000000000000000000e+00
0.000000000000000000e+00
0.000000000000000000e+00
0.000000000000000000e+00
4.947699999999999876e-01
0.000000000000000000e+00
0.000000000000000000e+00
0.000000000000000000e+00
6.343100000000000405e-01
0.000000000000000000e+00
6.648100000000000120e-01
0.000000000000000000e+00
0.000000000000000000e+00
0.000000000000000000e+00
8.771499999999999853e-01
0.000000000000000000e+00
0.000000000000000000e+00
5.774599999999999733e-01
0.000000000000000000e+00
0.000000000000000000e+00
4.919499999999999984e-01
0.000000000000000000e+00
0.000000000000000000e+00
7.539799999999999836e-01
0.000000000000000000e+00
0.000000000000000000e+00
0.000000000000000000e+00
5.984899999999999665e-01
0.000000000000000000e+00
0.000000000000000000e+00
0.000000000000000000e+00
6.531299999999999883e-01
0.000000000000000000e+00
0.000000000000000000e+00
0.000000000000000000e+00
0.000000000000000000e+00
5.124400000000000066e-01
0.000000000000000000e+00
6.257500000000000284e-01
0.000000000000000000e+00
0.000000000000000000e+00
1.002369999999999983e+00
0.000000000000000000e+00
1.786909999999999998e+00
0.000000000000000000e+00
0.000000000000000000e+00
0.000000000000000000e+00
0.000000000000000000e+00
0.000000000000000000e+00
0.000000000000000000e+00
7.354300000000000281e-01
0.000000000000000000e+00
0.000000000000000000e+00
0.000000000000000000e+00
0.000000000000000000e+00
6.976799999999999669e-01
0.000000000000000000e+00
0.000000000000000000e+00
0.000000000000000000e+00
0.000000000000000000e+00
7.215000000000000302e-01
0.000000000000000000e+00
0.000000000000000000e+00
0.000000000000000000e+00
1.284229999999999983e+00
0.000000000000000000e+00
0.000000000000000000e+00
7.403699999999999726e-01
0.000000000000000000e+00
5.543500000000000094e-01
0.000000000000000000e+00
0.000000000000000000e+00
0.000000000000000000e+00
0.000000000000000000e+00
0.000000000000000000e+00
0.000000000000000000e+00
0.000000000000000000e+00
1.055979999999999919e+00
0.000000000000000000e+00
0.000000000000000000e+00
1.459950000000000081e+00
0.000000000000000000e+00
0.000000000000000000e+00
7.463400000000000034e-01
0.000000000000000000e+00
0.000000000000000000e+00
7.832799999999999763e-01
0.000000000000000000e+00
4.455000000000000071e-01
0.000000000000000000e+00
0.000000000000000000e+00
0.000000000000000000e+00
4.695500000000000229e-01
0.000000000000000000e+00
0.000000000000000000e+00
0.000000000000000000e+00
0.000000000000000000e+00
1.370589999999999975e+00
0.000000000000000000e+00
0.000000000000000000e+00
0.000000000000000000e+00
4.729400000000000270e-01
0.000000000000000000e+00
0.000000000000000000e+00
7.929300000000000237e-01
0.000000000000000000e+00
0.000000000000000000e+00
1.004890000000000061e+00
0.000000000000000000e+00
0.000000000000000000e+00
8.129499999999999504e-01
0.000000000000000000e+00
0.000000000000000000e+00
0.000000000000000000e+00
0.000000000000000000e+00
4.823100000000000165e-01
0.000000000000000000e+00
0.000000000000000000e+00
1.234949999999999992e+00
0.000000000000000000e+00
0.000000000000000000e+00
0.000000000000000000e+00
1.917470000000000008e+00
0.000000000000000000e+00
0.000000000000000000e+00
6.313199999999999923e-01
0.000000000000000000e+00
0.000000000000000000e+00
0.000000000000000000e+00
0.000000000000000000e+00
4.575799999999999867e-01
0.000000000000000000e+00
0.000000000000000000e+00
0.000000000000000000e+00
0.000000000000000000e+00
0.000000000000000000e+00
8.448799999999999644e-01
0.000000000000000000e+00
4.879399999999999848e-01
0.000000000000000000e+00
0.000000000000000000e+00
0.000000000000000000e+00
0.000000000000000000e+00
0.000000000000000000e+00
0.000000000000000000e+00
0.000000000000000000e+00
0.000000000000000000e+00
0.000000000000000000e+00
0.000000000000000000e+00
0.000000000000000000e+00
0.000000000000000000e+00
0.000000000000000000e+00
0.000000000000000000e+00
0.000000000000000000e+00
0.000000000000000000e+00
0.000000000000000000e+00
0.000000000000000000e+00
0.000000000000000000e+00
0.000000000000000000e+00
0.000000000000000000e+00
0.000000000000000000e+00
0.000000000000000000e+00
0.000000000000000000e+00
0.000000000000000000e+00
0.000000000000000000e+00
4.266300000000000092e-01
0.000000000000000000e+00
0.000000000000000000e+00
8.247100000000000541e-01
0.000000000000000000e+00
5.320099999999999829e-01
0.000000000000000000e+00
0.000000000000000000e+00
0.000000000000000000e+00
0.000000000000000000e+00
7.019900000000000029e-01
0.000000000000000000e+00
9.149699999999999500e-01
0.000000000000000000e+00
0.000000000000000000e+00
5.305999999999999606e-01
0.000000000000000000e+00
0.000000000000000000e+00
0.000000000000000000e+00
6.146599999999999842e-01
0.000000000000000000e+00
0.000000000000000000e+00
4.838600000000000123e-01
0.000000000000000000e+00
0.000000000000000000e+00
0.000000000000000000e+00
8.609400000000000386e-01
0.000000000000000000e+00
6.898199999999999887e-01
0.000000000000000000e+00
0.000000000000000000e+00
0.000000000000000000e+00
8.246700000000000141e-01
0.000000000000000000e+00
4.859499999999999931e-01
0.000000000000000000e+00
4.854100000000000081e-01
0.000000000000000000e+00
0.000000000000000000e+00
0.000000000000000000e+00
0.000000000000000000e+00
5.494700000000000140e-01
0.000000000000000000e+00
0.000000000000000000e+00
0.000000000000000000e+00
0.000000000000000000e+00
5.010499999999999954e-01
0.000000000000000000e+00
8.966600000000000126e-01
0.000000000000000000e+00
5.711500000000000465e-01
0.000000000000000000e+00
9.329499999999999460e-01
0.000000000000000000e+00
0.000000000000000000e+00
0.000000000000000000e+00
5.530500000000000416e-01
0.000000000000000000e+00
6.573099999999999499e-01
0.000000000000000000e+00
0.000000000000000000e+00
0.000000000000000000e+00
1.924129999999999896e+00
0.000000000000000000e+00
0.000000000000000000e+00
7.010600000000000165e-01
0.000000000000000000e+00
5.175400000000000000e-01
0.000000000000000000e+00
0.000000000000000000e+00
5.441200000000000481e-01
0.000000000000000000e+00
0.000000000000000000e+00
7.131600000000000161e-01
0.000000000000000000e+00
0.000000000000000000e+00
4.697999999999999954e-01
0.000000000000000000e+00
0.000000000000000000e+00
0.000000000000000000e+00
0.000000000000000000e+00
0.000000000000000000e+00
0.000000000000000000e+00
4.370600000000000041e-01
0.000000000000000000e+00
0.000000000000000000e+00
1.002170000000000005e+00
0.000000000000000000e+00
8.043299999999999894e-01
0.000000000000000000e+00
6.856299999999999617e-01
0.000000000000000000e+00
5.943300000000000249e-01
0.000000000000000000e+00
0.000000000000000000e+00
0.000000000000000000e+00
0.000000000000000000e+00
1.665350000000000108e+00
0.000000000000000000e+00
0.000000000000000000e+00
5.759100000000000330e-01
0.000000000000000000e+00
0.000000000000000000e+00
6.749899999999999789e-01
0.000000000000000000e+00
0.000000000000000000e+00
0.000000000000000000e+00
0.000000000000000000e+00
0.000000000000000000e+00
8.813100000000000378e-01
0.000000000000000000e+00
1.163180000000000103e+00
0.000000000000000000e+00
8.386500000000000066e-01
0.000000000000000000e+00
8.337200000000000166e-01
0.000000000000000000e+00
6.363699999999999912e-01
0.000000000000000000e+00
0.000000000000000000e+00
1.185329999999999995e+00
0.000000000000000000e+00
0.000000000000000000e+00
0.000000000000000000e+00
1.803039999999999976e+00
0.000000000000000000e+00
0.000000000000000000e+00
0.000000000000000000e+00
0.000000000000000000e+00
6.937600000000000433e-01
0.000000000000000000e+00
0.000000000000000000e+00
8.012299999999999978e-01
0.000000000000000000e+00
0.000000000000000000e+00
0.000000000000000000e+00
7.093800000000000106e-01
0.000000000000000000e+00
0.000000000000000000e+00
0.000000000000000000e+00
0.000000000000000000e+00
0.000000000000000000e+00
7.059499999999999664e-01
0.000000000000000000e+00
8.506200000000000427e-01
0.000000000000000000e+00
0.000000000000000000e+00
0.000000000000000000e+00
6.533499999999999863e-01
0.000000000000000000e+00
0.000000000000000000e+00
5.323400000000000354e-01
0.000000000000000000e+00
1.917289999999999939e+00
0.000000000000000000e+00
0.000000000000000000e+00
5.903000000000000469e-01
0.000000000000000000e+00
0.000000000000000000e+00
7.136400000000000521e-01
0.000000000000000000e+00
4.973099999999999743e-01
0.000000000000000000e+00
0.000000000000000000e+00
0.000000000000000000e+00
6.481200000000000294e-01
0.000000000000000000e+00
0.000000000000000000e+00
0.000000000000000000e+00
5.082799999999999541e-01
0.000000000000000000e+00
0.000000000000000000e+00
0.000000000000000000e+00
9.460699999999999665e-01
0.000000000000000000e+00
0.000000000000000000e+00
0.000000000000000000e+00
0.000000000000000000e+00
0.000000000000000000e+00
1.158870000000000067e+00
0.000000000000000000e+00
6.168099999999999694e-01
0.000000000000000000e+00
7.812000000000000055e-01
0.000000000000000000e+00
6.034000000000000474e-01
0.000000000000000000e+00
0.000000000000000000e+00
0.000000000000000000e+00
0.000000000000000000e+00
0.000000000000000000e+00
0.000000000000000000e+00
5.517600000000000282e-01
0.000000000000000000e+00
0.000000000000000000e+00
0.000000000000000000e+00
6.717999999999999527e-01
0.000000000000000000e+00
0.000000000000000000e+00
5.648499999999999632e-01
0.000000000000000000e+00
1.277400000000000091e+00
0.000000000000000000e+00
0.000000000000000000e+00
0.000000000000000000e+00
0.000000000000000000e+00
1.925400000000000000e+00
0.000000000000000000e+00
0.000000000000000000e+00
0.000000000000000000e+00
5.742500000000000382e-01
0.000000000000000000e+00
4.872400000000000064e-01
0.000000000000000000e+00
0.000000000000000000e+00
5.920199999999999907e-01
0.000000000000000000e+00
0.000000000000000000e+00
7.545699999999999630e-01
0.000000000000000000e+00
6.393400000000000194e-01
0.000000000000000000e+00
0.000000000000000000e+00
0.000000000000000000e+00
0.000000000000000000e+00
6.438000000000000389e-01
0.000000000000000000e+00
0.000000000000000000e+00
0.000000000000000000e+00
0.000000000000000000e+00
5.918600000000000527e-01
0.000000000000000000e+00
6.869600000000000151e-01
0.000000000000000000e+00
0.000000000000000000e+00
0.000000000000000000e+00
0.000000000000000000e+00
5.086100000000000065e-01
0.000000000000000000e+00
0.000000000000000000e+00
9.140800000000000036e-01
0.000000000000000000e+00
0.000000000000000000e+00
0.000000000000000000e+00
5.071600000000000552e-01
0.000000000000000000e+00
0.000000000000000000e+00
1.273849999999999927e+00
0.000000000000000000e+00
0.000000000000000000e+00
8.728900000000000547e-01
0.000000000000000000e+00
0.000000000000000000e+00
6.063100000000000156e-01
0.000000000000000000e+00
0.000000000000000000e+00
0.000000000000000000e+00
9.961600000000000454e-01
0.000000000000000000e+00
0.000000000000000000e+00
0.000000000000000000e+00
0.000000000000000000e+00
5.257699999999999596e-01
0.000000000000000000e+00
0.000000000000000000e+00
0.000000000000000000e+00
0.000000000000000000e+00
0.000000000000000000e+00
0.000000000000000000e+00
0.000000000000000000e+00
0.000000000000000000e+00
0.000000000000000000e+00
0.000000000000000000e+00
0.000000000000000000e+00
0.000000000000000000e+00
0.000000000000000000e+00
0.000000000000000000e+00
0.000000000000000000e+00
0.000000000000000000e+00
0.000000000000000000e+00
0.000000000000000000e+00
0.000000000000000000e+00
0.000000000000000000e+00
0.000000000000000000e+00
0.000000000000000000e+00
0.000000000000000000e+00
0.000000000000000000e+00
5.822100000000000053e-01
0.000000000000000000e+00
0.000000000000000000e+00
0.000000000000000000e+00
6.316199999999999593e-01
0.000000000000000000e+00
0.000000000000000000e+00
0.000000000000000000e+00
1.075290000000000079e+00
0.000000000000000000e+00
0.000000000000000000e+00
0.000000000000000000e+00
0.000000000000000000e+00
4.768200000000000216e-01
0.000000000000000000e+00
0.000000000000000000e+00
0.000000000000000000e+00
0.000000000000000000e+00
6.068000000000000060e-01
0.000000000000000000e+00
0.000000000000000000e+00
5.315100000000000380e-01
0.000000000000000000e+00
0.000000000000000000e+00
6.865499999999999936e-01
0.000000000000000000e+00
0.000000000000000000e+00
0.000000000000000000e+00
0.000000000000000000e+00
0.000000000000000000e+00
0.000000000000000000e+00
5.770899999999999919e-01
0.000000000000000000e+00
5.838900000000000201e-01
0.000000000000000000e+00
0.000000000000000000e+00
8.712199999999999944e-01
0.000000000000000000e+00
0.000000000000000000e+00
1.160260000000000069e+00
0.000000000000000000e+00
0.000000000000000000e+00
4.391399999999999748e-01
0.000000000000000000e+00
0.000000000000000000e+00
0.000000000000000000e+00
5.256399999999999961e-01
0.000000000000000000e+00
0.000000000000000000e+00
0.000000000000000000e+00
0.000000000000000000e+00
6.091900000000000093e-01
0.000000000000000000e+00
0.000000000000000000e+00
6.271900000000000253e-01
0.000000000000000000e+00
1.291120000000000045e+00
0.000000000000000000e+00
0.000000000000000000e+00
0.000000000000000000e+00
8.648200000000000331e-01
0.000000000000000000e+00
0.000000000000000000e+00
1.088600000000000012e+00
0.000000000000000000e+00
1.231729999999999992e+00
0.000000000000000000e+00
8.940099999999999714e-01
0.000000000000000000e+00
0.000000000000000000e+00
1.067989999999999995e+00
0.000000000000000000e+00
0.000000000000000000e+00
0.000000000000000000e+00
0.000000000000000000e+00
1.461610000000000076e+00
0.000000000000000000e+00
0.000000000000000000e+00
7.740599999999999703e-01
0.000000000000000000e+00
0.000000000000000000e+00
0.000000000000000000e+00
0.000000000000000000e+00
1.920330000000000092e+00
0.000000000000000000e+00
0.000000000000000000e+00
0.000000000000000000e+00
6.329900000000000526e-01
0.000000000000000000e+00
0.000000000000000000e+00
0.000000000000000000e+00
7.187799999999999745e-01
0.000000000000000000e+00
7.625399999999999956e-01
0.000000000000000000e+00
0.000000000000000000e+00
0.000000000000000000e+00
0.000000000000000000e+00
1.116910000000000069e+00
0.000000000000000000e+00
6.594299999999999606e-01
0.000000000000000000e+00
0.000000000000000000e+00
0.000000000000000000e+00
0.000000000000000000e+00
0.000000000000000000e+00
9.642100000000000115e-01
0.000000000000000000e+00
0.000000000000000000e+00
0.000000000000000000e+00
4.510600000000000165e-01
0.000000000000000000e+00
1.313339999999999952e+00
0.000000000000000000e+00
0.000000000000000000e+00
4.972699999999999898e-01
0.000000000000000000e+00
8.366200000000000303e-01
0.000000000000000000e+00
1.138500000000000068e+00
0.000000000000000000e+00
0.000000000000000000e+00
5.520100000000000007e-01
0.000000000000000000e+00
0.000000000000000000e+00
0.000000000000000000e+00
0.000000000000000000e+00
4.577999999999999847e-01
0.000000000000000000e+00
5.700800000000000312e-01
0.000000000000000000e+00
0.000000000000000000e+00
0.000000000000000000e+00
6.647800000000000376e-01
0.000000000000000000e+00
0.000000000000000000e+00
0.000000000000000000e+00
0.000000000000000000e+00
5.437300000000000466e-01
0.000000000000000000e+00
0.000000000000000000e+00
1.685629999999999962e+00
0.000000000000000000e+00
0.000000000000000000e+00
6.824900000000000411e-01
0.000000000000000000e+00
0.000000000000000000e+00
0.000000000000000000e+00
0.000000000000000000e+00
4.670400000000000107e-01
0.000000000000000000e+00
0.000000000000000000e+00
0.000000000000000000e+00
5.287800000000000278e-01
0.000000000000000000e+00
0.000000000000000000e+00
0.000000000000000000e+00
0.000000000000000000e+00
4.646399999999999975e-01
0.000000000000000000e+00
0.000000000000000000e+00
0.000000000000000000e+00
0.000000000000000000e+00
5.046899999999999720e-01
0.000000000000000000e+00
1.920860000000000012e+00
0.000000000000000000e+00
0.000000000000000000e+00
0.000000000000000000e+00
6.367000000000000437e-01
0.000000000000000000e+00
0.000000000000000000e+00
0.000000000000000000e+00
6.322799999999999532e-01
0.000000000000000000e+00
0.000000000000000000e+00
0.000000000000000000e+00
0.000000000000000000e+00
4.492399999999999727e-01
0.000000000000000000e+00
6.196899999999999631e-01
0.000000000000000000e+00
0.000000000000000000e+00
5.675700000000000189e-01
0.000000000000000000e+00
0.000000000000000000e+00
0.000000000000000000e+00
4.240399999999999725e-01
0.000000000000000000e+00
0.000000000000000000e+00
0.000000000000000000e+00
0.000000000000000000e+00
0.000000000000000000e+00
5.761800000000000255e-01
0.000000000000000000e+00
0.000000000000000000e+00
0.000000000000000000e+00
0.000000000000000000e+00
7.301499999999999657e-01
0.000000000000000000e+00
0.000000000000000000e+00
5.190700000000000314e-01
0.000000000000000000e+00
0.000000000000000000e+00
0.000000000000000000e+00
9.176100000000000367e-01
0.000000000000000000e+00
6.562500000000000000e-01
0.000000000000000000e+00
5.031999999999999806e-01
0.000000000000000000e+00
0.000000000000000000e+00
0.000000000000000000e+00
5.210000000000000187e-01
0.000000000000000000e+00
0.000000000000000000e+00
6.860699999999999577e-01
0.000000000000000000e+00
0.000000000000000000e+00
0.000000000000000000e+00
1.124770000000000048e+00
0.000000000000000000e+00
0.000000000000000000e+00
0.000000000000000000e+00
9.227100000000000302e-01
0.000000000000000000e+00
1.921340000000000048e+00
0.000000000000000000e+00
6.590399999999999592e-01
0.000000000000000000e+00
5.537199999999999900e-01
0.000000000000000000e+00
0.000000000000000000e+00
5.028000000000000247e-01
0.000000000000000000e+00
0.000000000000000000e+00
5.959299999999999597e-01
0.000000000000000000e+00
0.000000000000000000e+00
0.000000000000000000e+00
0.000000000000000000e+00
6.477300000000000280e-01
0.000000000000000000e+00
0.000000000000000000e+00
0.000000000000000000e+00
1.920299999999999896e+00
0.000000000000000000e+00
0.000000000000000000e+00
6.265100000000000113e-01
0.000000000000000000e+00
6.656699999999999839e-01
0.000000000000000000e+00
0.000000000000000000e+00
0.000000000000000000e+00
0.000000000000000000e+00
5.750999999999999446e-01
0.000000000000000000e+00
0.000000000000000000e+00
7.142500000000000515e-01
0.000000000000000000e+00
0.000000000000000000e+00
0.000000000000000000e+00
6.951600000000000001e-01
0.000000000000000000e+00
0.000000000000000000e+00
5.912800000000000278e-01
0.000000000000000000e+00
0.000000000000000000e+00
5.202700000000000102e-01
0.000000000000000000e+00
0.000000000000000000e+00
0.000000000000000000e+00
5.817999999999999838e-01
0.000000000000000000e+00
0.000000000000000000e+00
5.469300000000000272e-01
0.000000000000000000e+00
0.000000000000000000e+00
0.000000000000000000e+00
9.774599999999999955e-01
0.000000000000000000e+00
0.000000000000000000e+00
0.000000000000000000e+00
0.000000000000000000e+00
0.000000000000000000e+00
0.000000000000000000e+00
0.000000000000000000e+00
0.000000000000000000e+00
0.000000000000000000e+00
0.000000000000000000e+00
0.000000000000000000e+00
0.000000000000000000e+00
0.000000000000000000e+00
0.000000000000000000e+00
0.000000000000000000e+00
0.000000000000000000e+00
0.000000000000000000e+00
0.000000000000000000e+00
0.000000000000000000e+00
0.000000000000000000e+00
0.000000000000000000e+00
1.004960000000000075e+00
0.000000000000000000e+00
0.000000000000000000e+00
0.000000000000000000e+00
5.517300000000000537e-01
0.000000000000000000e+00
6.492700000000000138e-01
0.000000000000000000e+00
0.000000000000000000e+00
5.989100000000000534e-01
0.000000000000000000e+00
0.000000000000000000e+00
0.000000000000000000e+00
8.371899999999999897e-01
0.000000000000000000e+00
0.000000000000000000e+00
5.891399999999999970e-01
0.000000000000000000e+00
0.000000000000000000e+00
8.103099999999999747e-01
0.000000000000000000e+00
0.000000000000000000e+00
5.769800000000000484e-01
0.000000000000000000e+00
0.000000000000000000e+00
0.000000000000000000e+00
7.948399999999999910e-01
0.000000000000000000e+00
0.000000000000000000e+00
4.827000000000000179e-01
0.000000000000000000e+00
5.140200000000000324e-01
0.000000000000000000e+00
0.000000000000000000e+00
0.000000000000000000e+00
6.860500000000000487e-01
0.000000000000000000e+00
0.000000000000000000e+00
1.153259999999999952e+00
0.000000000000000000e+00
0.000000000000000000e+00
0.000000000000000000e+00
4.422599999999999865e-01
0.000000000000000000e+00
5.856599999999999584e-01
0.000000000000000000e+00
0.000000000000000000e+00
0.000000000000000000e+00
6.344600000000000239e-01
0.000000000000000000e+00
0.000000000000000000e+00
0.000000000000000000e+00
0.000000000000000000e+00
7.741500000000000048e-01
0.000000000000000000e+00
0.000000000000000000e+00
6.740099999999999980e-01
0.000000000000000000e+00
0.000000000000000000e+00
0.000000000000000000e+00
7.054399999999999560e-01
0.000000000000000000e+00
0.000000000000000000e+00
0.000000000000000000e+00
5.382700000000000262e-01
0.000000000000000000e+00
6.111600000000000366e-01
0.000000000000000000e+00
8.817500000000000338e-01
0.000000000000000000e+00
5.500800000000000134e-01
0.000000000000000000e+00
0.000000000000000000e+00
0.000000000000000000e+00
5.909600000000000408e-01
0.000000000000000000e+00
0.000000000000000000e+00
0.000000000000000000e+00
6.949999999999999512e-01
0.000000000000000000e+00
0.000000000000000000e+00
0.000000000000000000e+00
8.286700000000000177e-01
0.000000000000000000e+00
1.027179999999999982e+00
0.000000000000000000e+00
0.000000000000000000e+00
0.000000000000000000e+00
7.834699999999999998e-01
0.000000000000000000e+00
0.000000000000000000e+00
0.000000000000000000e+00
0.000000000000000000e+00
0.000000000000000000e+00
0.000000000000000000e+00
6.950899999999999856e-01
0.000000000000000000e+00
8.046600000000000419e-01
0.000000000000000000e+00
5.385799999999999477e-01
0.000000000000000000e+00
5.520899999999999697e-01
0.000000000000000000e+00
0.000000000000000000e+00
0.000000000000000000e+00
0.000000000000000000e+00
7.200699999999999878e-01
0.000000000000000000e+00
0.000000000000000000e+00
6.424400000000000110e-01
0.000000000000000000e+00
6.650700000000000500e-01
0.000000000000000000e+00
5.658100000000000351e-01
0.000000000000000000e+00
0.000000000000000000e+00
0.000000000000000000e+00
5.645999999999999908e-01
0.000000000000000000e+00
0.000000000000000000e+00
5.699899999999999967e-01
0.000000000000000000e+00
0.000000000000000000e+00
6.856700000000000017e-01
0.000000000000000000e+00
0.000000000000000000e+00
6.529800000000000049e-01
0.000000000000000000e+00
5.543799999999999839e-01
0.000000000000000000e+00
0.000000000000000000e+00
7.519599999999999618e-01
0.000000000000000000e+00
0.000000000000000000e+00
0.000000000000000000e+00
7.599200000000000399e-01
0.000000000000000000e+00
5.354299999999999615e-01
0.000000000000000000e+00
0.000000000000000000e+00
5.768400000000000194e-01
0.000000000000000000e+00
0.000000000000000000e+00
5.659100000000000241e-01
0.000000000000000000e+00
0.000000000000000000e+00
7.028299999999999548e-01
0.000000000000000000e+00
7.063500000000000334e-01
0.000000000000000000e+00
0.000000000000000000e+00
0.000000000000000000e+00
0.000000000000000000e+00
6.303600000000000314e-01
0.000000000000000000e+00
0.000000000000000000e+00
0.000000000000000000e+00
0.000000000000000000e+00
0.000000000000000000e+00
5.199700000000000433e-01
0.000000000000000000e+00
0.000000000000000000e+00
0.000000000000000000e+00
7.156299999999999883e-01
0.000000000000000000e+00
0.000000000000000000e+00
0.000000000000000000e+00
0.000000000000000000e+00
0.000000000000000000e+00
6.537899999999999823e-01
0.000000000000000000e+00
0.000000000000000000e+00
6.006599999999999717e-01
0.000000000000000000e+00
5.534599999999999520e-01
0.000000000000000000e+00
0.000000000000000000e+00
0.000000000000000000e+00
0.000000000000000000e+00
1.442379999999999995e+00
0.000000000000000000e+00
0.000000000000000000e+00
5.226899999999999880e-01
0.000000000000000000e+00
9.811999999999999611e-01
0.000000000000000000e+00
5.374600000000000488e-01
0.000000000000000000e+00
0.000000000000000000e+00
6.435899999999999954e-01
0.000000000000000000e+00
0.000000000000000000e+00
7.323199999999999710e-01
0.000000000000000000e+00
0.000000000000000000e+00
0.000000000000000000e+00
8.169199999999999795e-01
0.000000000000000000e+00
6.056500000000000217e-01
0.000000000000000000e+00
0.000000000000000000e+00
8.970399999999999485e-01
0.000000000000000000e+00
0.000000000000000000e+00
0.000000000000000000e+00
8.295700000000000296e-01
0.000000000000000000e+00
0.000000000000000000e+00
0.000000000000000000e+00
0.000000000000000000e+00
5.500300000000000189e-01
0.000000000000000000e+00
5.932899999999999840e-01
0.000000000000000000e+00
0.000000000000000000e+00
0.000000000000000000e+00
6.390700000000000269e-01
0.000000000000000000e+00
0.000000000000000000e+00
5.394700000000000051e-01
0.000000000000000000e+00
0.000000000000000000e+00
0.000000000000000000e+00
5.143400000000000194e-01
0.000000000000000000e+00
0.000000000000000000e+00
0.000000000000000000e+00
7.868399999999999839e-01
0.000000000000000000e+00
5.799499999999999655e-01
0.000000000000000000e+00
0.000000000000000000e+00
6.650399999999999645e-01
0.000000000000000000e+00
0.000000000000000000e+00
0.000000000000000000e+00
9.337999999999999634e-01
0.000000000000000000e+00
0.000000000000000000e+00
0.000000000000000000e+00
0.000000000000000000e+00
1.209689999999999932e+00
0.000000000000000000e+00
7.301900000000000057e-01
0.000000000000000000e+00
6.213600000000000234e-01
0.000000000000000000e+00
7.301100000000000367e-01
0.000000000000000000e+00
0.000000000000000000e+00
6.396800000000000264e-01
0.000000000000000000e+00
0.000000000000000000e+00
0.000000000000000000e+00
5.944300000000000139e-01
0.000000000000000000e+00
0.000000000000000000e+00
7.587699999999999445e-01
0.000000000000000000e+00
0.000000000000000000e+00
0.000000000000000000e+00
0.000000000000000000e+00
0.000000000000000000e+00
0.000000000000000000e+00
0.000000000000000000e+00
0.000000000000000000e+00
0.000000000000000000e+00
0.000000000000000000e+00
0.000000000000000000e+00
0.000000000000000000e+00
0.000000000000000000e+00
0.000000000000000000e+00
0.000000000000000000e+00
0.000000000000000000e+00
0.000000000000000000e+00
0.000000000000000000e+00
0.000000000000000000e+00
0.000000000000000000e+00
0.000000000000000000e+00
4.146699999999999831e-01
0.000000000000000000e+00
0.000000000000000000e+00
0.000000000000000000e+00
0.000000000000000000e+00
5.671199999999999575e-01
0.000000000000000000e+00
6.636800000000000477e-01
0.000000000000000000e+00
0.000000000000000000e+00
0.000000000000000000e+00
0.000000000000000000e+00
6.073600000000000110e-01
0.000000000000000000e+00
8.162700000000000511e-01
0.000000000000000000e+00
0.000000000000000000e+00
0.000000000000000000e+00
4.691299999999999915e-01
0.000000000000000000e+00
0.000000000000000000e+00
0.000000000000000000e+00
1.435899999999999954e+00
0.000000000000000000e+00
0.000000000000000000e+00
0.000000000000000000e+00
0.000000000000000000e+00
0.000000000000000000e+00
4.556100000000000150e-01
0.000000000000000000e+00
0.000000000000000000e+00
8.911299999999999777e-01
0.000000000000000000e+00
0.000000000000000000e+00
0.000000000000000000e+00
0.000000000000000000e+00
6.078200000000000269e-01
0.000000000000000000e+00
0.000000000000000000e+00
0.000000000000000000e+00
4.712399999999999922e-01
0.000000000000000000e+00
0.000000000000000000e+00
5.334299999999999597e-01
0.000000000000000000e+00
1.230930000000000080e+00
0.000000000000000000e+00
0.000000000000000000e+00
0.000000000000000000e+00
0.000000000000000000e+00
5.293600000000000527e-01
0.000000000000000000e+00
0.000000000000000000e+00
0.000000000000000000e+00
0.000000000000000000e+00
0.000000000000000000e+00
0.000000000000000000e+00
6.270900000000000363e-01
0.000000000000000000e+00
0.000000000000000000e+00
0.000000000000000000e+00
6.308899999999999508e-01
0.000000000000000000e+00
0.000000000000000000e+00
6.167399999999999549e-01
0.000000000000000000e+00
0.000000000000000000e+00
5.913800000000000168e-01
0.000000000000000000e+00
0.000000000000000000e+00
0.000000000000000000e+00
0.000000000000000000e+00
0.000000000000000000e+00
7.511299999999999644e-01
0.000000000000000000e+00
0.000000000000000000e+00
6.693999999999999950e-01
0.000000000000000000e+00
0.000000000000000000e+00
7.670400000000000551e-01
0.000000000000000000e+00
0.000000000000000000e+00
0.000000000000000000e+00
6.958100000000000396e-01
0.000000000000000000e+00
7.641099999999999559e-01
0.000000000000000000e+00
5.709100000000000286e-01
0.000000000000000000e+00
4.449299999999999922e-01
0.000000000000000000e+00
0.000000000000000000e+00
0.000000000000000000e+00
0.000000000000000000e+00
1.014960000000000084e+00
0.000000000000000000e+00
7.002399999999999736e-01
0.000000000000000000e+00
0.000000000000000000e+00
0.000000000000000000e+00
6.395899999999999919e-01
0.000000000000000000e+00
0.000000000000000000e+00
5.668900000000000050e-01
0.000000000000000000e+00
0.000000000000000000e+00
7.416899999999999604e-01
0.000000000000000000e+00
0.000000000000000000e+00
0.000000000000000000e+00
1.258969999999999922e+00
0.000000000000000000e+00
0.000000000000000000e+00
0.000000000000000000e+00
0.000000000000000000e+00
0.000000000000000000e+00
6.268899999999999473e-01
0.000000000000000000e+00
0.000000000000000000e+00
0.000000000000000000e+00
1.660469999999999891e+00
0.000000000000000000e+00
7.987499999999999600e-01
0.000000000000000000e+00
0.000000000000000000e+00
6.218500000000000139e-01
0.000000000000000000e+00
0.000000000000000000e+00
0.000000000000000000e+00
0.000000000000000000e+00
0.000000000000000000e+00
9.273400000000000531e-01
0.000000000000000000e+00
0.000000000000000000e+00
7.875499999999999723e-01
0.000000000000000000e+00
0.000000000000000000e+00
0.000000000000000000e+00
6.252100000000000435e-01
0.000000000000000000e+00
0.000000000000000000e+00
0.000000000000000000e+00
0.000000000000000000e+00
6.514199999999999990e-01
0.000000000000000000e+00
7.394699999999999607e-01
0.000000000000000000e+00
0.000000000000000000e+00
6.338000000000000300e-01
0.000000000000000000e+00
0.000000000000000000e+00
0.000000000000000000e+00
0.000000000000000000e+00
9.227100000000000302e-01
0.000000000000000000e+00
0.000000000000000000e+00
0.000000000000000000e+00
0.000000000000000000e+00
0.000000000000000000e+00
0.000000000000000000e+00
0.000000000000000000e+00
7.580500000000000016e-01
0.000000000000000000e+00
7.960800000000000098e-01
0.000000000000000000e+00
6.624100000000000543e-01
0.000000000000000000e+00
6.512499999999999956e-01
0.000000000000000000e+00
6.130299999999999638e-01
0.000000000000000000e+00
0.000000000000000000e+00
7.939599999999999991e-01
0.000000000000000000e+00
0.000000000000000000e+00
0.000000000000000000e+00
0.000000000000000000e+00
0.000000000000000000e+00
5.554900000000000393e-01
0.000000000000000000e+00
7.108400000000000274e-01
0.000000000000000000e+00
7.588599999999999790e-01
0.000000000000000000e+00
0.000000000000000000e+00
0.000000000000000000e+00
5.559600000000000097e-01
0.000000000000000000e+00
5.038700000000000401e-01
0.000000000000000000e+00
0.000000000000000000e+00
0.000000000000000000e+00
6.967499999999999805e-01
0.000000000000000000e+00
6.679800000000000182e-01
0.000000000000000000e+00
0.000000000000000000e+00
0.000000000000000000e+00
0.000000000000000000e+00
8.514199999999999546e-01
0.000000000000000000e+00
0.000000000000000000e+00
0.000000000000000000e+00
0.000000000000000000e+00
0.000000000000000000e+00
0.000000000000000000e+00
1.442169999999999952e+00
0.000000000000000000e+00
0.000000000000000000e+00
0.000000000000000000e+00
7.715999999999999526e-01
0.000000000000000000e+00
0.000000000000000000e+00
6.761599999999999833e-01
0.000000000000000000e+00
0.000000000000000000e+00
0.000000000000000000e+00
4.535899999999999932e-01
0.000000000000000000e+00
0.000000000000000000e+00
5.406300000000000550e-01
0.000000000000000000e+00
0.000000000000000000e+00
0.000000000000000000e+00
0.000000000000000000e+00
0.000000000000000000e+00
5.995800000000000018e-01
0.000000000000000000e+00
7.357399999999999496e-01
0.000000000000000000e+00
0.000000000000000000e+00
7.049900000000000055e-01
0.000000000000000000e+00
0.000000000000000000e+00
0.000000000000000000e+00
0.000000000000000000e+00
7.346799999999999997e-01
0.000000000000000000e+00
0.000000000000000000e+00
0.000000000000000000e+00
0.000000000000000000e+00
7.511200000000000099e-01
0.000000000000000000e+00
0.000000000000000000e+00
1.018089999999999939e+00
0.000000000000000000e+00
5.240200000000000413e-01
0.000000000000000000e+00
5.114100000000000312e-01
0.000000000000000000e+00
5.777900000000000258e-01
0.000000000000000000e+00
6.700399999999999689e-01
0.000000000000000000e+00
0.000000000000000000e+00
5.968999999999999861e-01
0.000000000000000000e+00
0.000000000000000000e+00
4.961200000000000054e-01
0.000000000000000000e+00
0.000000000000000000e+00
8.761900000000000244e-01
0.000000000000000000e+00
0.000000000000000000e+00
6.409799999999999942e-01
0.000000000000000000e+00
0.000000000000000000e+00
0.000000000000000000e+00
8.847399999999999709e-01
0.000000000000000000e+00
6.289099999999999691e-01
0.000000000000000000e+00
0.000000000000000000e+00
7.776699999999999724e-01
0.000000000000000000e+00
0.000000000000000000e+00
4.876199999999999979e-01
0.000000000000000000e+00
0.000000000000000000e+00
0.000000000000000000e+00
0.000000000000000000e+00
1.000709999999999988e+00
0.000000000000000000e+00
0.000000000000000000e+00
0.000000000000000000e+00
0.000000000000000000e+00
0.000000000000000000e+00
0.000000000000000000e+00
0.000000000000000000e+00
0.000000000000000000e+00
0.000000000000000000e+00
0.000000000000000000e+00
0.000000000000000000e+00
0.000000000000000000e+00
0.000000000000000000e+00
0.000000000000000000e+00
0.000000000000000000e+00
0.000000000000000000e+00
0.000000000000000000e+00
0.000000000000000000e+00
0.000000000000000000e+00
0.000000000000000000e+00
0.000000000000000000e+00
0.000000000000000000e+00
0.000000000000000000e+00
8.688200000000000367e-01
0.000000000000000000e+00
0.000000000000000000e+00
6.728199999999999736e-01
0.000000000000000000e+00
0.000000000000000000e+00
1.047350000000000003e+00
0.000000000000000000e+00
0.000000000000000000e+00
0.000000000000000000e+00
4.768899999999999806e-01
0.000000000000000000e+00
0.000000000000000000e+00
0.000000000000000000e+00
0.000000000000000000e+00
5.473099999999999632e-01
0.000000000000000000e+00
0.000000000000000000e+00
7.230600000000000360e-01
0.000000000000000000e+00
0.000000000000000000e+00
0.000000000000000000e+00
1.158160000000000078e+00
0.000000000000000000e+00
0.000000000000000000e+00
0.000000000000000000e+00
7.180100000000000371e-01
0.000000000000000000e+00
0.000000000000000000e+00
6.050400000000000222e-01
0.000000000000000000e+00
6.378700000000000481e-01
0.000000000000000000e+00
5.716599999999999460e-01
0.000000000000000000e+00
0.000000000000000000e+00
0.000000000000000000e+00
4.694300000000000139e-01
0.000000000000000000e+00
7.444100000000000161e-01
0.000000000000000000e+00
0.000000000000000000e+00
0.000000000000000000e+00
0.000000000000000000e+00
7.639799999999999924e-01
0.000000000000000000e+00
0.000000000000000000e+00
0.000000000000000000e+00
0.000000000000000000e+00
6.078700000000000214e-01
0.000000000000000000e+00
0.000000000000000000e+00
6.403400000000000203e-01
0.000000000000000000e+00
1.355040000000000022e+00
0.000000000000000000e+00
4.589099999999999846e-01
0.000000000000000000e+00
0.000000000000000000e+00
0.000000000000000000e+00
0.000000000000000000e+00
7.655999999999999472e-01
0.000000000000000000e+00
0.000000000000000000e+00
5.246399999999999952e-01
0.000000000000000000e+00
0.000000000000000000e+00
5.402099999999999680e-01
0.000000000000000000e+00
0.000000000000000000e+00
8.293899999999999606e-01
0.000000000000000000e+00
0.000000000000000000e+00
1.218469999999999942e+00
0.000000000000000000e+00
0.000000000000000000e+00
5.041200000000000125e-01
0.000000000000000000e+00
0.000000000000000000e+00
0.000000000000000000e+00
0.000000000000000000e+00
0.000000000000000000e+00
0.000000000000000000e+00
5.465200000000000058e-01
0.000000000000000000e+00
0.000000000000000000e+00
0.000000000000000000e+00
0.000000000000000000e+00
5.468100000000000183e-01
0.000000000000000000e+00
0.000000000000000000e+00
0.000000000000000000e+00
5.003600000000000270e-01
0.000000000000000000e+00
0.000000000000000000e+00
5.002600000000000380e-01
0.000000000000000000e+00
9.027199999999999669e-01
0.000000000000000000e+00
0.000000000000000000e+00
8.579499999999999904e-01
0.000000000000000000e+00
0.000000000000000000e+00
8.269199999999999884e-01
0.000000000000000000e+00
0.000000000000000000e+00
0.000000000000000000e+00
0.000000000000000000e+00
0.000000000000000000e+00
6.714099999999999513e-01
0.000000000000000000e+00
8.188100000000000378e-01
0.000000000000000000e+00
1.427920000000000078e+00
0.000000000000000000e+00
4.431200000000000139e-01
0.000000000000000000e+00
0.000000000000000000e+00
6.051699999999999857e-01
0.000000000000000000e+00
0.000000000000000000e+00
9.050799999999999956e-01
0.000000000000000000e+00
0.000000000000000000e+00
4.014099999999999890e-01
0.000000000000000000e+00
0.000000000000000000e+00
0.000000000000000000e+00
0.000000000000000000e+00
7.280400000000000205e-01
0.000000000000000000e+00
0.000000000000000000e+00
0.000000000000000000e+00
8.049399999999999888e-01
0.000000000000000000e+00
5.331099999999999728e-01
0.000000000000000000e+00
0.000000000000000000e+00
0.000000000000000000e+00
5.316199999999999815e-01
0.000000000000000000e+00
1.362540000000000084e+00
0.000000000000000000e+00
0.000000000000000000e+00
0.000000000000000000e+00
4.695300000000000029e-01
0.000000000000000000e+00
8.347599999999999465e-01
0.000000000000000000e+00
0.000000000000000000e+00
0.000000000000000000e+00
0.000000000000000000e+00
0.000000000000000000e+00
5.196800000000000308e-01
0.000000000000000000e+00
6.891100000000000003e-01
0.000000000000000000e+00
0.000000000000000000e+00
0.000000000000000000e+00
7.734299999999999509e-01
0.000000000000000000e+00
8.524000000000000465e-01
0.000000000000000000e+00
0.000000000000000000e+00
0.000000000000000000e+00
0.000000000000000000e+00
0.000000000000000000e+00
0.000000000000000000e+00
4.550600000000000200e-01
0.000000000000000000e+00
0.000000000000000000e+00
0.000000000000000000e+00
6.432799999999999629e-01
0.000000000000000000e+00
0.000000000000000000e+00
0.000000000000000000e+00
1.311479999999999979e+00
0.000000000000000000e+00
0.000000000000000000e+00
9.823199999999999710e-01
0.000000000000000000e+00
0.000000000000000000e+00
1.233519999999999950e+00
0.000000000000000000e+00
7.523300000000000542e-01
0.000000000000000000e+00
0.000000000000000000e+00
5.343499999999999917e-01
0.000000000000000000e+00
0.000000000000000000e+00
0.000000000000000000e+00
0.000000000000000000e+00
5.092299999999999605e-01
0.000000000000000000e+00
6.029299999999999660e-01
0.000000000000000000e+00
0.000000000000000000e+00
0.000000000000000000e+00
0.000000000000000000e+00
5.671199999999999575e-01
0.000000000000000000e+00
0.000000000000000000e+00
0.000000000000000000e+00
7.963700000000000223e-01
0.000000000000000000e+00
9.137399999999999967e-01
0.000000000000000000e+00
0.000000000000000000e+00
0.000000000000000000e+00
0.000000000000000000e+00
4.873000000000000109e-01
0.000000000000000000e+00
0.000000000000000000e+00
0.000000000000000000e+00
0.000000000000000000e+00
0.000000000000000000e+00
6.671200000000000463e-01
0.000000000000000000e+00
0.000000000000000000e+00
0.000000000000000000e+00
0.000000000000000000e+00
9.572800000000000198e-01
0.000000000000000000e+00
0.000000000000000000e+00
8.481300000000000505e-01
0.000000000000000000e+00
9.653599999999999959e-01
0.000000000000000000e+00
0.000000000000000000e+00
8.223000000000000309e-01
0.000000000000000000e+00
0.000000000000000000e+00
5.861399999999999944e-01
0.000000000000000000e+00
0.000000000000000000e+00
0.000000000000000000e+00
0.000000000000000000e+00
8.424500000000000322e-01
0.000000000000000000e+00
8.510299999999999532e-01
0.000000000000000000e+00
0.000000000000000000e+00
6.267000000000000348e-01
0.000000000000000000e+00
0.000000000000000000e+00
7.793499999999999872e-01
0.000000000000000000e+00
0.000000000000000000e+00
0.000000000000000000e+00
5.712300000000000155e-01
0.000000000000000000e+00
6.213400000000000034e-01
0.000000000000000000e+00
0.000000000000000000e+00
8.695899999999999741e-01
0.000000000000000000e+00
6.717800000000000438e-01
0.000000000000000000e+00
7.370200000000000085e-01
0.000000000000000000e+00
7.818800000000000194e-01
0.000000000000000000e+00
0.000000000000000000e+00
0.000000000000000000e+00
0.000000000000000000e+00
5.637400000000000189e-01
0.000000000000000000e+00
0.000000000000000000e+00
6.444900000000000073e-01
0.000000000000000000e+00
0.000000000000000000e+00
0.000000000000000000e+00
0.000000000000000000e+00
0.000000000000000000e+00
0.000000000000000000e+00
0.000000000000000000e+00
0.000000000000000000e+00
0.000000000000000000e+00
0.000000000000000000e+00
0.000000000000000000e+00
0.000000000000000000e+00
0.000000000000000000e+00
