0.000000000000000000e+00
0.000000000000000000e+00
0.000000000000000000e+00
0.000000000000000000e+00
0.000000000000000000e+00
0.000000000000000000e+00
0.000000000000000000e+00
0.000000000000000000e+00
0.000000000000000000e+00
0.000000000000000000e+00
6.508899999999999686e-01
0.000000000000000000e+00
5.980699999999999905e-01
0.000000000000000000e+00
0.000000000000000000e+00
5.718600000000000350e-01
0.000000000000000000e+00
0.000000000000000000e+00
5.080500000000000016e-01
0.000000000000000000e+00
6.145800000000000152e-01
0.000000000000000000e+00
0.000000000000000000e+00
0.000000000000000000e+00
4.366200000000000081e-01
0.000000000000000000e+00
0.000000000000000000e+00
0.000000000000000000e+00
5.572200000000000486e-01
0.000000000000000000e+00
0.000000000000000000e+00
4.386800000000000144e-01
0.000000000000000000e+00
0.000000000000000000e+00
0.000000000000000000e+00
4.613200000000000078e-01
0.000000000000000000e+00
5.844000000000000306e-01
0.000000000000000000e+00
0.000000000000000000e+00
5.594400000000000484e-01
0.000000000000000000e+00
5.841499999999999471e-01
0.000000000000000000e+00
5.393599999999999506e-01
0.000000000000000000e+00
0.000000000000000000e+00
0.000000000000000000e+00
0.000000000000000000e+00
4.900900000000000256e-01
0.000000000000000000e+00
0.000000000000000000e+00
0.000000000000000000e+00
5.571300000000000141e-01
0.000000000000000000e+00
5.660800000000000276e-01
0.000000000000000000e+00
0.000000000000000000e+00
5.384299999999999642e-01
0.000000000000000000e+00
0.000000000000000000e+00
0.000000000000000000e+00
9.105299999999999505e-01
0.000000000000000000e+00
0.000000000000000000e+00
0.000000000000000000e+00
6.096799999999999997e-01
0.000000000000000000e+00
0.000000000000000000e+00
0.000000000000000000e+00
0.000000000000000000e+00
0.000000000000000000e+00
0.000000000000000000e+00
5.001200000000000090e-01
0.000000000000000000e+00
0.000000000000000000e+00
0.000000000000000000e+00
6.679800000000000182e-01
0.000000000000000000e+00
0.000000000000000000e+00
0.000000000000000000e+00
4.233399999999999941e-01
0.000000000000000000e+00
0.000000000000000000e+00
5.370700000000000474e-01
0.000000000000000000e+00
5.995399999999999618e-01
0.000000000000000000e+00
0.000000000000000000e+00
0.000000000000000000e+00
5.018099999999999783e-01
0.000000000000000000e+00
0.000000000000000000e+00
0.000000000000000000e+00
0.000000000000000000e+00
5.315299999999999470e-01
0.000000000000000000e+00
0.000000000000000000e+00
0.000000000000000000e+00
0.000000000000000000e+00
0.000000000000000000e+00
5.817799999999999638e-01
0.000000000000000000e+00
0.000000000000000000e+00
0.000000000000000000e+00
0.000000000000000000e+00
5.151700000000000168e-01
0.000000000000000000e+00
0.000000000000000000e+00
0.000000000000000000e+00
0.000000000000000000e+00
4.968600000000000239e-01
0.000000000000000000e+00
6.268000000000000238e-01
0.000000000000000000e+00
5.478899999999999881e-01
0.000000000000000000e+00
0.000000000000000000e+00
0.000000000000000000e+00
4.549400000000000110e-01
0.000000000000000000e+00
0.000000000000000000e+00
4.677200000000000246e-01
0.000000000000000000e+00
0.000000000000000000e+00
0.000000000000000000e+00
5.934199999999999475e-01
0.000000000000000000e+00
0.000000000000000000e+00
5.647699999999999942e-01
0.000000000000000000e+00
0.000000000000000000e+00
0.000000000000000000e+00
4.104200000000000070e-01
0.000000000000000000e+00
0.000000000000000000e+00
1.899699999999999944e+00
0.000000000000000000e+00
0.000000000000000000e+00
0.000000000000000000e+00
6.523200000000000109e-01
0.000000000000000000e+00
0.000000000000000000e+00
0.000000000000000000e+00
0.000000000000000000e+00
8.145299999999999763e-01
0.000000000000000000e+00
0.000000000000000000e+00
0.000000000000000000e+00
4.426899999999999724e-01
0.000000000000000000e+00
0.000000000000000000e+00
0.000000000000000000e+00
6.413999999999999702e-01
0.000000000000000000e+00
0.000000000000000000e+00
0.000000000000000000e+00
0.000000000000000000e+00
4.616500000000000048e-01
0.000000000000000000e+00
0.000000000000000000e+00
6.464299999999999491e-01
0.000000000000000000e+00
0.000000000000000000e+00
0.000000000000000000e+00
0.000000000000000000e+00
4.481999999999999873e-01
0.000000000000000000e+00
0.000000000000000000e+00
0.000000000000000000e+00
5.543700000000000294e-01
0.000000000000000000e+00
4.938500000000000112e-01
0.000000000000000000e+00
0.000000000000000000e+00
0.000000000000000000e+00
3.844199999999999839e-01
0.000000000000000000e+00
0.000000000000000000e+00
4.153399999999999870e-01
0.000000000000000000e+00
0.000000000000000000e+00
5.501200000000000534e-01
0.000000000000000000e+00
0.000000000000000000e+00
5.263700000000000045e-01
0.000000000000000000e+00
0.000000000000000000e+00
0.000000000000000000e+00
6.709699999999999553e-01
0.000000000000000000e+00
0.000000000000000000e+00
0.000000000000000000e+00
6.059099999999999486e-01
0.000000000000000000e+00
0.000000000000000000e+00
0.000000000000000000e+00
0.000000000000000000e+00
4.779599999999999960e-01
0.000000000000000000e+00
5.385100000000000442e-01
0.000000000000000000e+00
0.000000000000000000e+00
8.736699999999999466e-01
0.000000000000000000e+00
5.453599999999999559e-01
0.000000000000000000e+00
0.000000000000000000e+00
0.000000000000000000e+00
0.000000000000000000e+00
0.000000000000000000e+00
0.000000000000000000e+00
5.884500000000000286e-01
0.000000000000000000e+00
0.000000000000000000e+00
0.000000000000000000e+00
0.000000000000000000e+00
1.169580000000000064e+00
0.000000000000000000e+00
0.000000000000000000e+00
0.000000000000000000e+00
0.000000000000000000e+00
5.518499999999999517e-01
0.000000000000000000e+00
0.000000000000000000e+00
0.000000000000000000e+00
5.647299999999999542e-01
0.000000000000000000e+00
0.000000000000000000e+00
7.269099999999999451e-01
0.000000000000000000e+00
5.054699999999999749e-01
0.000000000000000000e+00
0.000000000000000000e+00
0.000000000000000000e+00
0.000000000000000000e+00
0.000000000000000000e+00
0.000000000000000000e+00
0.000000000000000000e+00
4.975600000000000023e-01
0.000000000000000000e+00
0.000000000000000000e+00
5.954700000000000548e-01
0.000000000000000000e+00
0.000000000000000000e+00
5.296699999999999742e-01
0.000000000000000000e+00
0.000000000000000000e+00
5.541899999999999604e-01
0.000000000000000000e+00
5.137300000000000200e-01
0.000000000000000000e+00
0.000000000000000000e+00
0.000000000000000000e+00
5.862699999999999578e-01
0.000000000000000000e+00
0.000000000000000000e+00
0.000000000000000000e+00
0.000000000000000000e+00
4.964000000000000079e-01
0.000000000000000000e+00
0.000000000000000000e+00
0.000000000000000000e+00
5.946500000000000119e-01
0.000000000000000000e+00
0.000000000000000000e+00
5.644700000000000273e-01
0.000000000000000000e+00
0.000000000000000000e+00
5.856900000000000439e-01
0.000000000000000000e+00
0.000000000000000000e+00
4.944100000000000161e-01
0.000000000000000000e+00
0.000000000000000000e+00
0.000000000000000000e+00
0.000000000000000000e+00
4.887699999999999823e-01
0.000000000000000000e+00
0.000000000000000000e+00
5.818299999999999583e-01
0.000000000000000000e+00
0.000000000000000000e+00
0.000000000000000000e+00
5.227800000000000225e-01
0.000000000000000000e+00
0.000000000000000000e+00
5.131499999999999950e-01
0.000000000000000000e+00
0.000000000000000000e+00
0.000000000000000000e+00
0.000000000000000000e+00
4.358099999999999752e-01
0.000000000000000000e+00
0.000000000000000000e+00
0.000000000000000000e+00
0.000000000000000000e+00
0.000000000000000000e+00
5.761199999999999655e-01
0.000000000000000000e+00
7.337099999999999733e-01
0.000000000000000000e+00
0.000000000000000000e+00
0.000000000000000000e+00
0.000000000000000000e+00
0.000000000000000000e+00
0.000000000000000000e+00
0.000000000000000000e+00
0.000000000000000000e+00
0.000000000000000000e+00
0.000000000000000000e+00
0.000000000000000000e+00
0.000000000000000000e+00
0.000000000000000000e+00
0.000000000000000000e+00
0.000000000000000000e+00
0.000000000000000000e+00
0.000000000000000000e+00
0.000000000000000000e+00
0.000000000000000000e+00
0.000000000000000000e+00
0.000000000000000000e+00
0.000000000000000000e+00
0.000000000000000000e+00
0.000000000000000000e+00
0.000000000000000000e+00
0.000000000000000000e+00
7.952399999999999469e-01
0.000000000000000000e+00
0.000000000000000000e+00
8.406400000000000539e-01
0.000000000000000000e+00
4.755300000000000082e-01
0.000000000000000000e+00
0.000000000000000000e+00
0.000000000000000000e+00
0.000000000000000000e+00
4.230099999999999971e-01
0.000000000000000000e+00
6.319099999999999717e-01
0.000000000000000000e+00
0.000000000000000000e+00
4.094700000000000006e-01
0.000000000000000000e+00
0.000000000000000000e+00
0.000000000000000000e+00
5.020900000000000363e-01
0.000000000000000000e+00
0.000000000000000000e+00
6.032800000000000384e-01
0.000000000000000000e+00
0.000000000000000000e+00
0.000000000000000000e+00
4.454299999999999926e-01
0.000000000000000000e+00
7.848899999999999766e-01
0.000000000000000000e+00
0.000000000000000000e+00
0.000000000000000000e+00
5.157699999999999507e-01
0.000000000000000000e+00
5.780300000000000438e-01
0.000000000000000000e+00
4.525899999999999923e-01
0.000000000000000000e+00
0.000000000000000000e+00
0.000000000000000000e+00
0.000000000000000000e+00
6.304699999999999749e-01
0.000000000000000000e+00
0.000000000000000000e+00
0.000000000000000000e+00
0.000000000000000000e+00
4.646899999999999920e-01
0.000000000000000000e+00
5.547600000000000309e-01
0.000000000000000000e+00
1.090940000000000021e+00
0.000000000000000000e+00
7.674100000000000366e-01
0.000000000000000000e+00
0.000000000000000000e+00
0.000000000000000000e+00
1.384800000000000031e+00
0.000000000000000000e+00
7.606100000000000083e-01
0.000000000000000000e+00
0.000000000000000000e+00
0.000000000000000000e+00
5.130000000000000115e-01
0.000000000000000000e+00
0.000000000000000000e+00
5.474700000000000122e-01
0.000000000000000000e+00
4.744499999999999829e-01
0.000000000000000000e+00
0.000000000000000000e+00
8.748500000000000165e-01
0.000000000000000000e+00
0.000000000000000000e+00
6.729500000000000481e-01
0.000000000000000000e+00
0.000000000000000000e+00
5.484599999999999476e-01
0.000000000000000000e+00
0.000000000000000000e+00
0.000000000000000000e+00
0.000000000000000000e+00
0.000000000000000000e+00
0.000000000000000000e+00
4.778499999999999970e-01
0.000000000000000000e+00
0.000000000000000000e+00
5.412000000000000144e-01
0.000000000000000000e+00
4.887000000000000233e-01
0.000000000000000000e+00
5.236800000000000344e-01
0.000000000000000000e+00
4.798499999999999988e-01
0.000000000000000000e+00
0.000000000000000000e+00
0.000000000000000000e+00
0.000000000000000000e+00
1.415720000000000089e+00
0.000000000000000000e+00
0.000000000000000000e+00
5.067800000000000082e-01
0.000000000000000000e+00
0.000000000000000000e+00
5.813599999999999879e-01
0.000000000000000000e+00
0.000000000000000000e+00
0.000000000000000000e+00
0.000000000000000000e+00
0.000000000000000000e+00
4.518599999999999839e-01
0.000000000000000000e+00
5.837499999999999911e-01
0.000000000000000000e+00
4.630400000000000071e-01
0.000000000000000000e+00
5.053999999999999604e-01
0.000000000000000000e+00
7.770000000000000240e-01
0.000000000000000000e+00
0.000000000000000000e+00
5.381599999999999717e-01
0.000000000000000000e+00
0.000000000000000000e+00
0.000000000000000000e+00
5.148599999999999843e-01
0.000000000000000000e+00
0.000000000000000000e+00
0.000000000000000000e+00
0.000000000000000000e+00
4.462700000000000000e-01
0.000000000000000000e+00
0.000000000000000000e+00
4.646500000000000075e-01
0.000000000000000000e+00
0.000000000000000000e+00
0.000000000000000000e+00
5.715200000000000280e-01
0.000000000000000000e+00
0.000000000000000000e+00
0.000000000000000000e+00
0.000000000000000000e+00
0.000000000000000000e+00
3.814400000000000013e-01
0.000000000000000000e+00
6.708199999999999719e-01
0.000000000000000000e+00
0.000000000000000000e+00
0.000000000000000000e+00
9.518499999999999739e-01
0.000000000000000000e+00
0.000000000000000000e+00
5.403700000000000170e-01
0.000000000000000000e+00
6.186599999999999877e-01
0.000000000000000000e+00
0.000000000000000000e+00
3.682599999999999763e-01
0.000000000000000000e+00
0.000000000000000000e+00
9.075800000000000534e-01
0.000000000000000000e+00
1.156630000000000047e+00
0.000000000000000000e+00
0.000000000000000000e+00
0.000000000000000000e+00
6.720699999999999452e-01
0.000000000000000000e+00
0.000000000000000000e+00
0.000000000000000000e+00
5.446100000000000385e-01
0.000000000000000000e+00
0.000000000000000000e+00
0.000000000000000000e+00
4.795699999999999963e-01
0.000000000000000000e+00
0.000000000000000000e+00
0.000000000000000000e+00
0.000000000000000000e+00
0.000000000000000000e+00
5.385100000000000442e-01
0.000000000000000000e+00
5.494900000000000340e-01
0.000000000000000000e+00
4.719300000000000161e-01
0.000000000000000000e+00
4.289999999999999925e-01
0.000000000000000000e+00
0.000000000000000000e+00
0.000000000000000000e+00
0.000000000000000000e+00
0.000000000000000000e+00
0.000000000000000000e+00
3.618199999999999750e-01
0.000000000000000000e+00
0.000000000000000000e+00
0.000000000000000000e+00
5.610500000000000487e-01
0.000000000000000000e+00
0.000000000000000000e+00
6.619199999999999529e-01
0.000000000000000000e+00
1.439400000000000013e+00
0.000000000000000000e+00
0.000000000000000000e+00
0.000000000000000000e+00
0.000000000000000000e+00
5.920800000000000507e-01
0.000000000000000000e+00
0.000000000000000000e+00
0.000000000000000000e+00
5.096000000000000529e-01
0.000000000000000000e+00
4.916599999999999859e-01
0.000000000000000000e+00
0.000000000000000000e+00
5.476600000000000357e-01
0.000000000000000000e+00
0.000000000000000000e+00
4.819300000000000250e-01
0.000000000000000000e+00
5.495900000000000230e-01
0.000000000000000000e+00
0.000000000000000000e+00
0.000000000000000000e+00
0.000000000000000000e+00
4.507099999999999995e-01
0.000000000000000000e+00
0.000000000000000000e+00
0.000000000000000000e+00
0.000000000000000000e+00
4.747999999999999998e-01
0.000000000000000000e+00
1.005759999999999987e+00
0.000000000000000000e+00
0.000000000000000000e+00
0.000000000000000000e+00
0.000000000000000000e+00
5.100900000000000434e-01
0.000000000000000000e+00
0.000000000000000000e+00
6.094300000000000272e-01
0.000000000000000000e+00
0.000000000000000000e+00
0.000000000000000000e+00
6.590300000000000047e-01
0.000000000000000000e+00
0.000000000000000000e+00
5.516999999999999682e-01
0.000000000000000000e+00
0.000000000000000000e+00
4.392599999999999838e-01
0.000000000000000000e+00
0.000000000000000000e+00
5.943899999999999739e-01
0.000000000000000000e+00
0.000000000000000000e+00
0.000000000000000000e+00
5.109399999999999498e-01
0.000000000000000000e+00
0.000000000000000000e+00
0.000000000000000000e+00
0.000000000000000000e+00
4.557599999999999985e-01
0.000000000000000000e+00
0.000000000000000000e+00
0.000000000000000000e+00
0.000000000000000000e+00
0.000000000000000000e+00
0.000000000000000000e+00
0.000000000000000000e+00
0.000000000000000000e+00
0.000000000000000000e+00
0.000000000000000000e+00
0.000000000000000000e+00
0.000000000000000000e+00
0.000000000000000000e+00
0.000000000000000000e+00
0.000000000000000000e+00
0.000000000000000000e+00
0.000000000000000000e+00
0.000000000000000000e+00
0.000000000000000000e+00
0.000000000000000000e+00
0.000000000000000000e+00
0.000000000000000000e+00
0.000000000000000000e+00
0.000000000000000000e+00
5.684599999999999653e-01
0.000000000000000000e+00
0.000000000000000000e+00
0.000000000000000000e+00
6.626999999999999558e-01
0.000000000000000000e+00
0.000000000000000000e+00
0.000000000000000000e+00
5.678199999999999914e-01
0.000000000000000000e+00
0.000000000000000000e+00
0.000000000000000000e+00
0.000000000000000000e+00
3.959799999999999986e-01
0.000000000000000000e+00
0.000000000000000000e+00
0.000000000000000000e+00
0.000000000000000000e+00
5.332000000000000073e-01
0.000000000000000000e+00
0.000000000000000000e+00
4.884899999999999798e-01
0.000000000000000000e+00
0.000000000000000000e+00
5.027599999999999847e-01
0.000000000000000000e+00
0.000000000000000000e+00
0.000000000000000000e+00
0.000000000000000000e+00
0.000000000000000000e+00
0.000000000000000000e+00
6.847699999999999898e-01
0.000000000000000000e+00
5.844300000000000050e-01
0.000000000000000000e+00
0.000000000000000000e+00
4.405299999999999772e-01
0.000000000000000000e+00
0.000000000000000000e+00
4.995200000000000196e-01
0.000000000000000000e+00
0.000000000000000000e+00
8.041800000000000059e-01
0.000000000000000000e+00
0.000000000000000000e+00
0.000000000000000000e+00
5.482099999999999751e-01
0.000000000000000000e+00
0.000000000000000000e+00
0.000000000000000000e+00
0.000000000000000000e+00
7.182399999999999896e-01
0.000000000000000000e+00
0.000000000000000000e+00
4.333899999999999975e-01
0.000000000000000000e+00
4.745099999999999874e-01
0.000000000000000000e+00
0.000000000000000000e+00
0.000000000000000000e+00
5.060599999999999543e-01
0.000000000000000000e+00
0.000000000000000000e+00
9.548200000000000021e-01
0.000000000000000000e+00
5.300300000000000011e-01
0.000000000000000000e+00
7.082500000000000462e-01
0.000000000000000000e+00
0.000000000000000000e+00
6.612900000000000444e-01
0.000000000000000000e+00
0.000000000000000000e+00
0.000000000000000000e+00
0.000000000000000000e+00
5.866900000000000448e-01
0.000000000000000000e+00
0.000000000000000000e+00
5.228099999999999969e-01
0.000000000000000000e+00
0.000000000000000000e+00
0.000000000000000000e+00
0.000000000000000000e+00
4.204399999999999804e-01
0.000000000000000000e+00
0.000000000000000000e+00
0.000000000000000000e+00
6.114399999999999835e-01
0.000000000000000000e+00
0.000000000000000000e+00
0.000000000000000000e+00
4.405100000000000127e-01
0.000000000000000000e+00
5.169700000000000406e-01
0.000000000000000000e+00
0.000000000000000000e+00
0.000000000000000000e+00
0.000000000000000000e+00
4.247500000000000164e-01
0.000000000000000000e+00
4.418900000000000050e-01
0.000000000000000000e+00
0.000000000000000000e+00
0.000000000000000000e+00
0.000000000000000000e+00
0.000000000000000000e+00
4.591299999999999826e-01
0.000000000000000000e+00
0.000000000000000000e+00
0.000000000000000000e+00
5.061600000000000543e-01
0.000000000000000000e+00
5.861699999999999688e-01
0.000000000000000000e+00
0.000000000000000000e+00
4.774800000000000155e-01
0.000000000000000000e+00
5.480599999999999916e-01
0.000000000000000000e+00
4.943899999999999961e-01
0.000000000000000000e+00
0.000000000000000000e+00
6.034699999999999509e-01
0.000000000000000000e+00
0.000000000000000000e+00
0.000000000000000000e+00
0.000000000000000000e+00
4.607899999999999774e-01
0.000000000000000000e+00
4.687700000000000200e-01
0.000000000000000000e+00
0.000000000000000000e+00
0.000000000000000000e+00
4.427599999999999869e-01
0.000000000000000000e+00
0.000000000000000000e+00
0.000000000000000000e+00
0.000000000000000000e+00
5.908700000000000063e-01
0.000000000000000000e+00
0.000000000000000000e+00
5.277399999999999869e-01
0.000000000000000000e+00
0.000000000000000000e+00
6.334300000000000486e-01
0.000000000000000000e+00
0.000000000000000000e+00
0.000000000000000000e+00
0.000000000000000000e+00
4.666699999999999737e-01
0.000000000000000000e+00
0.000000000000000000e+00
0.000000000000000000e+00
4.256599999999999828e-01
0.000000000000000000e+00
0.000000000000000000e+00
0.000000000000000000e+00
0.000000000000000000e+00
4.671799999999999842e-01
0.000000000000000000e+00
0.000000000000000000e+00
0.000000000000000000e+00
0.000000000000000000e+00
4.102000000000000091e-01
0.000000000000000000e+00
5.196699999999999653e-01
0.000000000000000000e+00
0.000000000000000000e+00
0.000000000000000000e+00
4.047499999999999987e-01
0.000000000000000000e+00
0.000000000000000000e+00
0.000000000000000000e+00
4.519000000000000239e-01
0.000000000000000000e+00
0.000000000000000000e+00
0.000000000000000000e+00
0.000000000000000000e+00
7.666699999999999626e-01
0.000000000000000000e+00
5.413400000000000434e-01
0.000000000000000000e+00
0.000000000000000000e+00
5.239500000000000268e-01
0.000000000000000000e+00
0.000000000000000000e+00
0.000000000000000000e+00
5.705500000000000016e-01
0.000000000000000000e+00
0.000000000000000000e+00
0.000000000000000000e+00
0.000000000000000000e+00
0.000000000000000000e+00
4.656000000000000139e-01
0.000000000000000000e+00
0.000000000000000000e+00
0.000000000000000000e+00
0.000000000000000000e+00
7.579700000000000326e-01
0.000000000000000000e+00
0.000000000000000000e+00
5.819199999999999928e-01
0.000000000000000000e+00
0.000000000000000000e+00
0.000000000000000000e+00
6.044300000000000228e-01
0.000000000000000000e+00
4.058899999999999730e-01
0.000000000000000000e+00
5.029599999999999627e-01
0.000000000000000000e+00
0.000000000000000000e+00
0.000000000000000000e+00
5.061499999999999888e-01
0.000000000000000000e+00
0.000000000000000000e+00
5.414499999999999869e-01
0.000000000000000000e+00
0.000000000000000000e+00
0.000000000000000000e+00
4.508599999999999830e-01
0.000000000000000000e+00
0.000000000000000000e+00
0.000000000000000000e+00
6.125699999999999479e-01
0.000000000000000000e+00
5.915799999999999947e-01
0.000000000000000000e+00
4.423099999999999810e-01
0.000000000000000000e+00
5.275600000000000289e-01
0.000000000000000000e+00
0.000000000000000000e+00
7.620799999999999796e-01
0.000000000000000000e+00
0.000000000000000000e+00
6.249900000000000455e-01
0.000000000000000000e+00
0.000000000000000000e+00
0.000000000000000000e+00
0.000000000000000000e+00
5.160900000000000487e-01
0.000000000000000000e+00
0.000000000000000000e+00
0.000000000000000000e+00
5.543799999999999839e-01
0.000000000000000000e+00
0.000000000000000000e+00
1.019130000000000091e+00
0.000000000000000000e+00
5.481200000000000516e-01
0.000000000000000000e+00
0.000000000000000000e+00
0.000000000000000000e+00
0.000000000000000000e+00
4.725199999999999956e-01
0.000000000000000000e+00
0.000000000000000000e+00
6.138599999999999612e-01
0.000000000000000000e+00
0.000000000000000000e+00
0.000000000000000000e+00
5.453700000000000214e-01
0.000000000000000000e+00
0.000000000000000000e+00
6.988699999999999912e-01
0.000000000000000000e+00
0.000000000000000000e+00
5.475200000000000067e-01
0.000000000000000000e+00
0.000000000000000000e+00
0.000000000000000000e+00
6.910699999999999621e-01
0.000000000000000000e+00
0.000000000000000000e+00
5.163499999999999757e-01
0.000000000000000000e+00
0.000000000000000000e+00
0.000000000000000000e+00
5.414099999999999469e-01
0.000000000000000000e+00
0.000000000000000000e+00
0.000000000000000000e+00
0.000000000000000000e+00
0.000000000000000000e+00
0.000000000000000000e+00
0.000000000000000000e+00
0.000000000000000000e+00
0.000000000000000000e+00
0.000000000000000000e+00
0.000000000000000000e+00
0.000000000000000000e+00
0.000000000000000000e+00
0.000000000000000000e+00
0.000000000000000000e+00
0.000000000000000000e+00
0.000000000000000000e+00
0.000000000000000000e+00
0.000000000000000000e+00
0.000000000000000000e+00
0.000000000000000000e+00
5.516999999999999682e-01
0.000000000000000000e+00
0.000000000000000000e+00
0.000000000000000000e+00
5.884200000000000541e-01
0.000000000000000000e+00
5.928400000000000336e-01
0.000000000000000000e+00
0.000000000000000000e+00
9.012299999999999756e-01
0.000000000000000000e+00
0.000000000000000000e+00
0.000000000000000000e+00
8.363000000000000433e-01
0.000000000000000000e+00
0.000000000000000000e+00
5.895500000000000185e-01
0.000000000000000000e+00
0.000000000000000000e+00
6.616400000000000059e-01
0.000000000000000000e+00
0.000000000000000000e+00
5.916599999999999637e-01
0.000000000000000000e+00
0.000000000000000000e+00
0.000000000000000000e+00
5.456600000000000339e-01
0.000000000000000000e+00
0.000000000000000000e+00
5.019599999999999618e-01
0.000000000000000000e+00
6.274899999999999922e-01
0.000000000000000000e+00
0.000000000000000000e+00
0.000000000000000000e+00
6.021400000000000086e-01
0.000000000000000000e+00
0.000000000000000000e+00
6.106599999999999806e-01
0.000000000000000000e+00
0.000000000000000000e+00
0.000000000000000000e+00
5.072400000000000242e-01
0.000000000000000000e+00
4.810599999999999876e-01
0.000000000000000000e+00
0.000000000000000000e+00
0.000000000000000000e+00
6.286699999999999511e-01
0.000000000000000000e+00
0.000000000000000000e+00
0.000000000000000000e+00
0.000000000000000000e+00
5.996200000000000419e-01
0.000000000000000000e+00
0.000000000000000000e+00
4.960800000000000209e-01
0.000000000000000000e+00
0.000000000000000000e+00
0.000000000000000000e+00
4.969299999999999828e-01
0.000000000000000000e+00
0.000000000000000000e+00
0.000000000000000000e+00
6.781800000000000050e-01
0.000000000000000000e+00
1.102530000000000010e+00
0.000000000000000000e+00
5.521200000000000552e-01
0.000000000000000000e+00
9.476599999999999469e-01
0.000000000000000000e+00
0.000000000000000000e+00
0.000000000000000000e+00
5.594799999999999773e-01
0.000000000000000000e+00
0.000000000000000000e+00
0.000000000000000000e+00
6.274499999999999522e-01
0.000000000000000000e+00
0.000000000000000000e+00
0.000000000000000000e+00
1.032869999999999955e+00
0.000000000000000000e+00
5.159200000000000452e-01
0.000000000000000000e+00
0.000000000000000000e+00
0.000000000000000000e+00
4.185300000000000131e-01
0.000000000000000000e+00
0.000000000000000000e+00
0.000000000000000000e+00
0.000000000000000000e+00
0.000000000000000000e+00
0.000000000000000000e+00
5.949999999999999734e-01
0.000000000000000000e+00
6.116099999999999870e-01
0.000000000000000000e+00
5.920900000000000052e-01
0.000000000000000000e+00
5.545900000000000274e-01
0.000000000000000000e+00
0.000000000000000000e+00
0.000000000000000000e+00
0.000000000000000000e+00
6.019999999999999796e-01
0.000000000000000000e+00
0.000000000000000000e+00
5.154100000000000348e-01
0.000000000000000000e+00
5.069500000000000117e-01
0.000000000000000000e+00
4.907299999999999995e-01
0.000000000000000000e+00
0.000000000000000000e+00
0.000000000000000000e+00
5.679100000000000259e-01
0.000000000000000000e+00
0.000000000000000000e+00
6.528199999999999559e-01
0.000000000000000000e+00
0.000000000000000000e+00
5.017200000000000548e-01
0.000000000000000000e+00
0.000000000000000000e+00
5.184699999999999864e-01
0.000000000000000000e+00
7.610299999999999843e-01
0.000000000000000000e+00
0.000000000000000000e+00
5.477699999999999791e-01
0.000000000000000000e+00
0.000000000000000000e+00
0.000000000000000000e+00
5.958799999999999653e-01
0.000000000000000000e+00
6.313499999999999668e-01
0.000000000000000000e+00
0.000000000000000000e+00
5.421599999999999753e-01
0.000000000000000000e+00
0.000000000000000000e+00
7.054000000000000270e-01
0.000000000000000000e+00
0.000000000000000000e+00
5.469000000000000528e-01
0.000000000000000000e+00
6.776900000000000146e-01
0.000000000000000000e+00
0.000000000000000000e+00
0.000000000000000000e+00
0.000000000000000000e+00
4.382599999999999829e-01
0.000000000000000000e+00
0.000000000000000000e+00
0.000000000000000000e+00
0.000000000000000000e+00
0.000000000000000000e+00
5.923000000000000487e-01
0.000000000000000000e+00
0.000000000000000000e+00
0.000000000000000000e+00
8.475200000000000511e-01
0.000000000000000000e+00
0.000000000000000000e+00
0.000000000000000000e+00
0.000000000000000000e+00
0.000000000000000000e+00
8.228299999999999503e-01
0.000000000000000000e+00
0.000000000000000000e+00
5.814300000000000024e-01
0.000000000000000000e+00
5.919600000000000417e-01
0.000000000000000000e+00
0.000000000000000000e+00
0.000000000000000000e+00
0.000000000000000000e+00
5.004800000000000360e-01
0.000000000000000000e+00
0.000000000000000000e+00
4.303799999999999848e-01
0.000000000000000000e+00
5.392700000000000271e-01
0.000000000000000000e+00
6.098700000000000232e-01
0.000000000000000000e+00
0.000000000000000000e+00
6.000199999999999978e-01
0.000000000000000000e+00
0.000000000000000000e+00
3.977999999999999869e-01
0.000000000000000000e+00
0.000000000000000000e+00
0.000000000000000000e+00
7.229700000000000015e-01
0.000000000000000000e+00
5.886400000000000521e-01
0.000000000000000000e+00
0.000000000000000000e+00
5.158800000000000052e-01
0.000000000000000000e+00
0.000000000000000000e+00
0.000000000000000000e+00
6.078200000000000269e-01
0.000000000000000000e+00
0.000000000000000000e+00
0.000000000000000000e+00
0.000000000000000000e+00
4.956400000000000250e-01
0.000000000000000000e+00
4.986700000000000021e-01
0.000000000000000000e+00
0.000000000000000000e+00
0.000000000000000000e+00
5.399899999999999700e-01
0.000000000000000000e+00
0.000000000000000000e+00
5.417999999999999483e-01
0.000000000000000000e+00
0.000000000000000000e+00
0.000000000000000000e+00
4.971999999999999753e-01
0.000000000000000000e+00
0.000000000000000000e+00
0.000000000000000000e+00
7.772499999999999964e-01
0.000000000000000000e+00
1.361839999999999939e+00
0.000000000000000000e+00
0.000000000000000000e+00
5.116699999999999582e-01
0.000000000000000000e+00
0.000000000000000000e+00
0.000000000000000000e+00
5.810699999999999754e-01
0.000000000000000000e+00
0.000000000000000000e+00
0.000000000000000000e+00
0.000000000000000000e+00
5.655999999999999917e-01
0.000000000000000000e+00
5.671399999999999775e-01
0.000000000000000000e+00
4.886099999999999888e-01
0.000000000000000000e+00
9.291399999999999659e-01
0.000000000000000000e+00
0.000000000000000000e+00
5.539899999999999824e-01
0.000000000000000000e+00
0.000000000000000000e+00
0.000000000000000000e+00
4.437099999999999933e-01
0.000000000000000000e+00
0.000000000000000000e+00
4.724999999999999756e-01
0.000000000000000000e+00
0.000000000000000000e+00
0.000000000000000000e+00
0.000000000000000000e+00
0.000000000000000000e+00
0.000000000000000000e+00
0.000000000000000000e+00
0.000000000000000000e+00
0.000000000000000000e+00
0.000000000000000000e+00
0.000000000000000000e+00
0.000000000000000000e+00
0.000000000000000000e+00
0.000000000000000000e+00
0.000000000000000000e+00
0.000000000000000000e+00
0.000000000000000000e+00
0.000000000000000000e+00
0.000000000000000000e+00
0.000000000000000000e+00
0.000000000000000000e+00
5.111799999999999677e-01
0.000000000000000000e+00
0.000000000000000000e+00
0.000000000000000000e+00
0.000000000000000000e+00
4.265200000000000102e-01
0.000000000000000000e+00
5.645200000000000218e-01
0.000000000000000000e+00
0.000000000000000000e+00
0.000000000000000000e+00
0.000000000000000000e+00
8.318799999999999528e-01
0.000000000000000000e+00
6.038599999999999524e-01
0.000000000000000000e+00
0.000000000000000000e+00
0.000000000000000000e+00
4.457900000000000196e-01
0.000000000000000000e+00
0.000000000000000000e+00
0.000000000000000000e+00
4.786099999999999799e-01
0.000000000000000000e+00
0.000000000000000000e+00
0.000000000000000000e+00
0.000000000000000000e+00
0.000000000000000000e+00
5.667400000000000215e-01
0.000000000000000000e+00
0.000000000000000000e+00
6.001300000000000523e-01
0.000000000000000000e+00
0.000000000000000000e+00
0.000000000000000000e+00
0.000000000000000000e+00
4.511100000000000110e-01
0.000000000000000000e+00
0.000000000000000000e+00
0.000000000000000000e+00
4.107199999999999740e-01
0.000000000000000000e+00
0.000000000000000000e+00
5.557400000000000118e-01
0.000000000000000000e+00
5.057899999999999618e-01
0.000000000000000000e+00
0.000000000000000000e+00
0.000000000000000000e+00
0.000000000000000000e+00
1.271649999999999947e+00
0.000000000000000000e+00
0.000000000000000000e+00
0.000000000000000000e+00
0.000000000000000000e+00
0.000000000000000000e+00
0.000000000000000000e+00
4.883299999999999863e-01
0.000000000000000000e+00
0.000000000000000000e+00
0.000000000000000000e+00
5.587400000000000144e-01
0.000000000000000000e+00
0.000000000000000000e+00
4.818500000000000005e-01
0.000000000000000000e+00
0.000000000000000000e+00
4.443799999999999972e-01
0.000000000000000000e+00
0.000000000000000000e+00
0.000000000000000000e+00
0.000000000000000000e+00
0.000000000000000000e+00
6.246300000000000185e-01
0.000000000000000000e+00
0.000000000000000000e+00
4.648300000000000209e-01
0.000000000000000000e+00
0.000000000000000000e+00
5.092799999999999550e-01
0.000000000000000000e+00
0.000000000000000000e+00
0.000000000000000000e+00
5.741100000000000092e-01
0.000000000000000000e+00
5.697699999999999987e-01
0.000000000000000000e+00
1.080279999999999907e+00
0.000000000000000000e+00
4.507800000000000140e-01
0.000000000000000000e+00
0.000000000000000000e+00
0.000000000000000000e+00
0.000000000000000000e+00
4.465199999999999725e-01
0.000000000000000000e+00
4.156799999999999939e-01
0.000000000000000000e+00
0.000000000000000000e+00
0.000000000000000000e+00
6.989600000000000257e-01
0.000000000000000000e+00
0.000000000000000000e+00
3.906100000000000128e-01
0.000000000000000000e+00
0.000000000000000000e+00
4.017999999999999905e-01
0.000000000000000000e+00
0.000000000000000000e+00
0.000000000000000000e+00
4.871400000000000174e-01
0.000000000000000000e+00
0.000000000000000000e+00
0.000000000000000000e+00
0.000000000000000000e+00
0.000000000000000000e+00
5.492500000000000160e-01
0.000000000000000000e+00
0.000000000000000000e+00
0.000000000000000000e+00
5.088200000000000500e-01
0.000000000000000000e+00
3.801599999999999979e-01
0.000000000000000000e+00
0.000000000000000000e+00
3.716099999999999959e-01
0.000000000000000000e+00
0.000000000000000000e+00
0.000000000000000000e+00
0.000000000000000000e+00
0.000000000000000000e+00
4.336999999999999744e-01
0.000000000000000000e+00
0.000000000000000000e+00
5.381000000000000227e-01
0.000000000000000000e+00
0.000000000000000000e+00
0.000000000000000000e+00
4.350200000000000178e-01
0.000000000000000000e+00
0.000000000000000000e+00
0.000000000000000000e+00
0.000000000000000000e+00
5.029400000000000537e-01
0.000000000000000000e+00
6.240799999999999681e-01
0.000000000000000000e+00
0.000000000000000000e+00
4.598800000000000110e-01
0.000000000000000000e+00
0.000000000000000000e+00
0.000000000000000000e+00
0.000000000000000000e+00
4.586700000000000221e-01
0.000000000000000000e+00
0.000000000000000000e+00
0.000000000000000000e+00
0.000000000000000000e+00
0.000000000000000000e+00
0.000000000000000000e+00
0.000000000000000000e+00
4.637399999999999856e-01
0.000000000000000000e+00
9.064400000000000235e-01
0.000000000000000000e+00
4.719499999999999806e-01
0.000000000000000000e+00
4.136299999999999977e-01
0.000000000000000000e+00
7.491299999999999626e-01
0.000000000000000000e+00
0.000000000000000000e+00
6.522700000000000164e-01
0.000000000000000000e+00
0.000000000000000000e+00
0.000000000000000000e+00
0.000000000000000000e+00
0.000000000000000000e+00
4.190099999999999936e-01
0.000000000000000000e+00
4.674300000000000122e-01
0.000000000000000000e+00
5.825700000000000323e-01
0.000000000000000000e+00
0.000000000000000000e+00
0.000000000000000000e+00
3.956500000000000017e-01
0.000000000000000000e+00
5.151700000000000168e-01
0.000000000000000000e+00
0.000000000000000000e+00
0.000000000000000000e+00
4.983799999999999897e-01
0.000000000000000000e+00
4.938299999999999912e-01
0.000000000000000000e+00
0.000000000000000000e+00
0.000000000000000000e+00
0.000000000000000000e+00
4.023399999999999754e-01
0.000000000000000000e+00
0.000000000000000000e+00
0.000000000000000000e+00
0.000000000000000000e+00
0.000000000000000000e+00
0.000000000000000000e+00
4.113899999999999779e-01
0.000000000000000000e+00
0.000000000000000000e+00
0.000000000000000000e+00
6.425899999999999945e-01
0.000000000000000000e+00
0.000000000000000000e+00
5.549899999999999833e-01
0.000000000000000000e+00
0.000000000000000000e+00
0.000000000000000000e+00
4.187100000000000266e-01
0.000000000000000000e+00
0.000000000000000000e+00
4.244800000000000240e-01
0.000000000000000000e+00
0.000000000000000000e+00
0.000000000000000000e+00
0.000000000000000000e+00
0.000000000000000000e+00
6.374999999999999556e-01
0.000000000000000000e+00
5.610800000000000232e-01
0.000000000000000000e+00
0.000000000000000000e+00
5.584000000000000075e-01
0.000000000000000000e+00
0.000000000000000000e+00
0.000000000000000000e+00
0.000000000000000000e+00
5.243400000000000283e-01
0.000000000000000000e+00
0.000000000000000000e+00
0.000000000000000000e+00
0.000000000000000000e+00
5.301599999999999646e-01
0.000000000000000000e+00
0.000000000000000000e+00
6.028400000000000425e-01
0.000000000000000000e+00
5.614700000000000246e-01
0.000000000000000000e+00
4.391900000000000248e-01
0.000000000000000000e+00
5.804099999999999815e-01
0.000000000000000000e+00
5.046800000000000175e-01
0.000000000000000000e+00
0.000000000000000000e+00
5.580899999999999750e-01
0.000000000000000000e+00
0.000000000000000000e+00
4.466999999999999860e-01
0.000000000000000000e+00
0.000000000000000000e+00
4.878899999999999904e-01
0.000000000000000000e+00
0.000000000000000000e+00
4.778200000000000225e-01
0.000000000000000000e+00
0.000000000000000000e+00
0.000000000000000000e+00
4.329000000000000070e-01
0.000000000000000000e+00
4.781199999999999894e-01
0.000000000000000000e+00
0.000000000000000000e+00
7.951399999999999579e-01
0.000000000000000000e+00
0.000000000000000000e+00
5.540800000000000169e-01
0.000000000000000000e+00
0.000000000000000000e+00
0.000000000000000000e+00
0.000000000000000000e+00
4.254700000000000149e-01
0.000000000000000000e+00
0.000000000000000000e+00
0.000000000000000000e+00
0.000000000000000000e+00
0.000000000000000000e+00
0.000000000000000000e+00
0.000000000000000000e+00
0.000000000000000000e+00
0.000000000000000000e+00
0.000000000000000000e+00
0.000000000000000000e+00
0.000000000000000000e+00
0.000000000000000000e+00
0.000000000000000000e+00
0.000000000000000000e+00
0.000000000000000000e+00
0.000000000000000000e+00
0.000000000000000000e+00
0.000000000000000000e+00
0.000000000000000000e+00
0.000000000000000000e+00
0.000000000000000000e+00
0.000000000000000000e+00
1.064459999999999962e+00
0.000000000000000000e+00
0.000000000000000000e+00
5.292700000000000182e-01
0.000000000000000000e+00
0.000000000000000000e+00
4.555799999999999850e-01
0.000000000000000000e+00
0.000000000000000000e+00
0.000000000000000000e+00
5.090700000000000225e-01
0.000000000000000000e+00
0.000000000000000000e+00
0.000000000000000000e+00
0.000000000000000000e+00
8.955800000000000427e-01
0.000000000000000000e+00
0.000000000000000000e+00
5.324299999999999589e-01
0.000000000000000000e+00
0.000000000000000000e+00
0.000000000000000000e+00
6.754299999999999748e-01
0.000000000000000000e+00
0.000000000000000000e+00
0.000000000000000000e+00
5.304799999999999516e-01
0.000000000000000000e+00
0.000000000000000000e+00
4.859200000000000186e-01
0.000000000000000000e+00
6.413200000000000012e-01
0.000000000000000000e+00
5.004100000000000215e-01
0.000000000000000000e+00
0.000000000000000000e+00
0.000000000000000000e+00
5.069399999999999462e-01
0.000000000000000000e+00
4.427599999999999869e-01
0.000000000000000000e+00
0.000000000000000000e+00
0.000000000000000000e+00
0.000000000000000000e+00
4.652899999999999814e-01
0.000000000000000000e+00
0.000000000000000000e+00
0.000000000000000000e+00
0.000000000000000000e+00
7.462699999999999889e-01
0.000000000000000000e+00
0.000000000000000000e+00
5.204900000000000082e-01
0.000000000000000000e+00
5.322200000000000264e-01
0.000000000000000000e+00
4.656199999999999783e-01
0.000000000000000000e+00
0.000000000000000000e+00
0.000000000000000000e+00
0.000000000000000000e+00
4.863899999999999890e-01
0.000000000000000000e+00
0.000000000000000000e+00
5.841600000000000126e-01
0.000000000000000000e+00
0.000000000000000000e+00
8.437400000000000455e-01
0.000000000000000000e+00
0.000000000000000000e+00
5.239099999999999868e-01
0.000000000000000000e+00
0.000000000000000000e+00
3.861800000000000233e-01
0.000000000000000000e+00
0.000000000000000000e+00
5.343400000000000372e-01
0.000000000000000000e+00
0.000000000000000000e+00
0.000000000000000000e+00
0.000000000000000000e+00
0.000000000000000000e+00
0.000000000000000000e+00
1.032399999999999984e+00
0.000000000000000000e+00
0.000000000000000000e+00
0.000000000000000000e+00
0.000000000000000000e+00
4.338500000000000134e-01
0.000000000000000000e+00
0.000000000000000000e+00
0.000000000000000000e+00
9.104999999999999760e-01
0.000000000000000000e+00
0.000000000000000000e+00
4.782899999999999929e-01
0.000000000000000000e+00
4.732000000000000095e-01
0.000000000000000000e+00
0.000000000000000000e+00
4.230700000000000016e-01
0.000000000000000000e+00
0.000000000000000000e+00
3.864699999999999802e-01
0.000000000000000000e+00
0.000000000000000000e+00
0.000000000000000000e+00
0.000000000000000000e+00
0.000000000000000000e+00
8.931200000000000250e-01
0.000000000000000000e+00
4.514699999999999824e-01
0.000000000000000000e+00
5.980900000000000105e-01
0.000000000000000000e+00
4.310800000000000187e-01
0.000000000000000000e+00
0.000000000000000000e+00
5.203699999999999992e-01
0.000000000000000000e+00
0.000000000000000000e+00
5.836500000000000021e-01
0.000000000000000000e+00
0.000000000000000000e+00
3.950899999999999967e-01
0.000000000000000000e+00
0.000000000000000000e+00
0.000000000000000000e+00
0.000000000000000000e+00
4.819200000000000150e-01
0.000000000000000000e+00
0.000000000000000000e+00
0.000000000000000000e+00
8.436099999999999710e-01
0.000000000000000000e+00
6.054800000000000182e-01
0.000000000000000000e+00
0.000000000000000000e+00
0.000000000000000000e+00
4.818600000000000105e-01
0.000000000000000000e+00
6.607800000000000340e-01
0.000000000000000000e+00
0.000000000000000000e+00
0.000000000000000000e+00
4.307699999999999863e-01
0.000000000000000000e+00
5.893800000000000150e-01
0.000000000000000000e+00
0.000000000000000000e+00
0.000000000000000000e+00
0.000000000000000000e+00
0.000000000000000000e+00
4.744099999999999984e-01
0.000000000000000000e+00
6.468800000000000106e-01
0.000000000000000000e+00
0.000000000000000000e+00
0.000000000000000000e+00
5.617400000000000171e-01
0.000000000000000000e+00
7.110699999999999799e-01
0.000000000000000000e+00
0.000000000000000000e+00
0.000000000000000000e+00
0.000000000000000000e+00
0.000000000000000000e+00
0.000000000000000000e+00
9.054799999999999516e-01
0.000000000000000000e+00
0.000000000000000000e+00
0.000000000000000000e+00
4.388199999999999878e-01
0.000000000000000000e+00
0.000000000000000000e+00
0.000000000000000000e+00
4.307400000000000118e-01
0.000000000000000000e+00
0.000000000000000000e+00
5.929400000000000226e-01
0.000000000000000000e+00
0.000000000000000000e+00
5.278800000000000159e-01
0.000000000000000000e+00
5.459100000000000064e-01
0.000000000000000000e+00
0.000000000000000000e+00
5.780300000000000438e-01
0.000000000000000000e+00
0.000000000000000000e+00
0.000000000000000000e+00
0.000000000000000000e+00
3.985000000000000209e-01
0.000000000000000000e+00
6.017000000000000126e-01
0.000000000000000000e+00
0.000000000000000000e+00
0.000000000000000000e+00
0.000000000000000000e+00
4.488900000000000112e-01
0.000000000000000000e+00
0.000000000000000000e+00
0.000000000000000000e+00
5.813099999999999934e-01
0.000000000000000000e+00
6.630000000000000338e-01
0.000000000000000000e+00
0.000000000000000000e+00
0.000000000000000000e+00
0.000000000000000000e+00
4.495000000000000107e-01
0.000000000000000000e+00
0.000000000000000000e+00
0.000000000000000000e+00
0.000000000000000000e+00
0.000000000000000000e+00
3.874900000000000011e-01
0.000000000000000000e+00
0.000000000000000000e+00
0.000000000000000000e+00
0.000000000000000000e+00
6.408500000000000307e-01
0.000000000000000000e+00
0.000000000000000000e+00
5.406600000000000295e-01
0.000000000000000000e+00
8.371499999999999497e-01
0.000000000000000000e+00
0.000000000000000000e+00
1.100119999999999987e+00
0.000000000000000000e+00
0.000000000000000000e+00
4.753999999999999893e-01
0.000000000000000000e+00
0.000000000000000000e+00
0.000000000000000000e+00
0.000000000000000000e+00
5.701899999999999746e-01
0.000000000000000000e+00
4.882799999999999918e-01
0.000000000000000000e+00
0.000000000000000000e+00
4.795300000000000118e-01
0.000000000000000000e+00
0.000000000000000000e+00
5.204400000000000137e-01
0.000000000000000000e+00
0.000000000000000000e+00
0.000000000000000000e+00
5.677200000000000024e-01
0.000000000000000000e+00
5.072600000000000442e-01
0.000000000000000000e+00
0.000000000000000000e+00
5.339300000000000157e-01
0.000000000000000000e+00
5.071499999999999897e-01
0.000000000000000000e+00
6.049400000000000333e-01
0.000000000000000000e+00
6.739600000000000035e-01
0.000000000000000000e+00
0.000000000000000000e+00
0.000000000000000000e+00
0.000000000000000000e+00
1.040799999999999947e+00
0.000000000000000000e+00
0.000000000000000000e+00
1.102170000000000094e+00
0.000000000000000000e+00
0.000000000000000000e+00
0.000000000000000000e+00
0.000000000000000000e+00
0.000000000000000000e+00
0.000000000000000000e+00
0.000000000000000000e+00
0.000000000000000000e+00
0.000000000000000000e+00
0.000000000000000000e+00
0.000000000000000000e+00
0.000000000000000000e+00
0.000000000000000000e+00
