0.000000000000000000e+00
0.000000000000000000e+00
0.000000000000000000e+00
0.000000000000000000e+00
0.000000000000000000e+00
0.000000000000000000e+00
0.000000000000000000e+00
0.000000000000000000e+00
0.000000000000000000e+00
0.000000000000000000e+00
8.500100000000000433e-01
0.000000000000000000e+00
0.000000000000000000e+00
8.351300000000000390e-01
0.000000000000000000e+00
0.000000000000000000e+00
0.000000000000000000e+00
8.195299999999999807e-01
0.000000000000000000e+00
5.147899999999999698e-01
0.000000000000000000e+00
0.000000000000000000e+00
0.000000000000000000e+00
5.588899999999999979e-01
0.000000000000000000e+00
5.188199999999999479e-01
0.000000000000000000e+00
0.000000000000000000e+00
6.069299999999999695e-01
0.000000000000000000e+00
6.291099999999999470e-01
0.000000000000000000e+00
0.000000000000000000e+00
0.000000000000000000e+00
8.309999999999999609e-01
0.000000000000000000e+00
0.000000000000000000e+00
0.000000000000000000e+00
5.771699999999999608e-01
0.000000000000000000e+00
0.000000000000000000e+00
0.000000000000000000e+00
5.568400000000000016e-01
0.000000000000000000e+00
0.000000000000000000e+00
6.498800000000000132e-01
0.000000000000000000e+00
6.315399999999999903e-01
0.000000000000000000e+00
0.000000000000000000e+00
5.548600000000000199e-01
0.000000000000000000e+00
0.000000000000000000e+00
6.851300000000000168e-01
0.000000000000000000e+00
0.000000000000000000e+00
0.000000000000000000e+00
0.000000000000000000e+00
0.000000000000000000e+00
8.298600000000000421e-01
0.000000000000000000e+00
0.000000000000000000e+00
5.533000000000000140e-01
0.000000000000000000e+00
0.000000000000000000e+00
0.000000000000000000e+00
0.000000000000000000e+00
0.000000000000000000e+00
0.000000000000000000e+00
7.536100000000000021e-01
0.000000000000000000e+00
0.000000000000000000e+00
5.021299999999999653e-01
0.000000000000000000e+00
0.000000000000000000e+00
6.213499999999999579e-01
0.000000000000000000e+00
0.000000000000000000e+00
0.000000000000000000e+00
5.237899999999999778e-01
0.000000000000000000e+00
6.838400000000000034e-01
0.000000000000000000e+00
0.000000000000000000e+00
6.057200000000000362e-01
0.000000000000000000e+00
0.000000000000000000e+00
0.000000000000000000e+00
5.482799999999999896e-01
0.000000000000000000e+00
0.000000000000000000e+00
0.000000000000000000e+00
5.189200000000000479e-01
0.000000000000000000e+00
0.000000000000000000e+00
5.649800000000000377e-01
0.000000000000000000e+00
0.000000000000000000e+00
5.473400000000000487e-01
0.000000000000000000e+00
0.000000000000000000e+00
0.000000000000000000e+00
5.560100000000000042e-01
0.000000000000000000e+00
0.000000000000000000e+00
0.000000000000000000e+00
0.000000000000000000e+00
0.000000000000000000e+00
0.000000000000000000e+00
0.000000000000000000e+00
5.605200000000000182e-01
0.000000000000000000e+00
7.166799999999999837e-01
0.000000000000000000e+00
4.420399999999999885e-01
0.000000000000000000e+00
7.273800000000000265e-01
0.000000000000000000e+00
0.000000000000000000e+00
6.168299999999999894e-01
0.000000000000000000e+00
0.000000000000000000e+00
4.868299999999999850e-01
0.000000000000000000e+00
0.000000000000000000e+00
0.000000000000000000e+00
0.000000000000000000e+00
0.000000000000000000e+00
1.007239999999999913e+00
0.000000000000000000e+00
0.000000000000000000e+00
5.109599999999999698e-01
0.000000000000000000e+00
7.066200000000000259e-01
0.000000000000000000e+00
5.761699999999999600e-01
0.000000000000000000e+00
0.000000000000000000e+00
0.000000000000000000e+00
0.000000000000000000e+00
9.948900000000000521e-01
0.000000000000000000e+00
0.000000000000000000e+00
5.158300000000000107e-01
0.000000000000000000e+00
0.000000000000000000e+00
0.000000000000000000e+00
0.000000000000000000e+00
5.393000000000000016e-01
0.000000000000000000e+00
0.000000000000000000e+00
5.227699999999999569e-01
0.000000000000000000e+00
0.000000000000000000e+00
4.857299999999999951e-01
0.000000000000000000e+00
6.602500000000000036e-01
0.000000000000000000e+00
0.000000000000000000e+00
0.000000000000000000e+00
4.768399999999999861e-01
0.000000000000000000e+00
0.000000000000000000e+00
0.000000000000000000e+00
5.565799999999999637e-01
0.000000000000000000e+00
0.000000000000000000e+00
5.758499999999999730e-01
0.000000000000000000e+00
6.616400000000000059e-01
0.000000000000000000e+00
0.000000000000000000e+00
0.000000000000000000e+00
5.088300000000000045e-01
0.000000000000000000e+00
0.000000000000000000e+00
0.000000000000000000e+00
5.106800000000000228e-01
0.000000000000000000e+00
0.000000000000000000e+00
8.833499999999999686e-01
0.000000000000000000e+00
0.000000000000000000e+00
0.000000000000000000e+00
6.140499999999999847e-01
0.000000000000000000e+00
6.573499999999999899e-01
0.000000000000000000e+00
0.000000000000000000e+00
5.760999999999999455e-01
0.000000000000000000e+00
5.626200000000000090e-01
0.000000000000000000e+00
0.000000000000000000e+00
6.615699999999999914e-01
0.000000000000000000e+00
0.000000000000000000e+00
1.242359999999999909e+00
0.000000000000000000e+00
8.484800000000000120e-01
0.000000000000000000e+00
6.263999999999999568e-01
0.000000000000000000e+00
0.000000000000000000e+00
6.359000000000000208e-01
0.000000000000000000e+00
0.000000000000000000e+00
0.000000000000000000e+00
8.125599999999999490e-01
0.000000000000000000e+00
0.000000000000000000e+00
5.561800000000000077e-01
0.000000000000000000e+00
0.000000000000000000e+00
1.035279999999999978e+00
0.000000000000000000e+00
0.000000000000000000e+00
0.000000000000000000e+00
0.000000000000000000e+00
5.184100000000000374e-01
0.000000000000000000e+00
0.000000000000000000e+00
5.065699999999999648e-01
0.000000000000000000e+00
0.000000000000000000e+00
0.000000000000000000e+00
0.000000000000000000e+00
7.468000000000000194e-01
0.000000000000000000e+00
5.527100000000000346e-01
0.000000000000000000e+00
0.000000000000000000e+00
7.609000000000000208e-01
0.000000000000000000e+00
0.000000000000000000e+00
1.292729999999999935e+00
0.000000000000000000e+00
1.218569999999999931e+00
0.000000000000000000e+00
5.372900000000000453e-01
0.000000000000000000e+00
0.000000000000000000e+00
1.187189999999999968e+00
0.000000000000000000e+00
0.000000000000000000e+00
0.000000000000000000e+00
5.518699999999999717e-01
0.000000000000000000e+00
0.000000000000000000e+00
0.000000000000000000e+00
0.000000000000000000e+00
7.227700000000000236e-01
0.000000000000000000e+00
0.000000000000000000e+00
6.900899999999999812e-01
0.000000000000000000e+00
0.000000000000000000e+00
0.000000000000000000e+00
7.863400000000000389e-01
0.000000000000000000e+00
6.268599999999999728e-01
0.000000000000000000e+00
0.000000000000000000e+00
5.747700000000000031e-01
0.000000000000000000e+00
0.000000000000000000e+00
0.000000000000000000e+00
0.000000000000000000e+00
0.000000000000000000e+00
5.357199999999999740e-01
0.000000000000000000e+00
6.185599999999999987e-01
0.000000000000000000e+00
0.000000000000000000e+00
0.000000000000000000e+00
0.000000000000000000e+00
0.000000000000000000e+00
0.000000000000000000e+00
0.000000000000000000e+00
0.000000000000000000e+00
0.000000000000000000e+00
0.000000000000000000e+00
0.000000000000000000e+00
0.000000000000000000e+00
0.000000000000000000e+00
0.000000000000000000e+00
0.000000000000000000e+00
0.000000000000000000e+00
0.000000000000000000e+00
0.000000000000000000e+00
0.000000000000000000e+00
0.000000000000000000e+00
0.000000000000000000e+00
0.000000000000000000e+00
0.000000000000000000e+00
6.060299999999999576e-01
0.000000000000000000e+00
0.000000000000000000e+00
0.000000000000000000e+00
0.000000000000000000e+00
5.349800000000000111e-01
0.000000000000000000e+00
0.000000000000000000e+00
0.000000000000000000e+00
0.000000000000000000e+00
6.102699999999999791e-01
0.000000000000000000e+00
0.000000000000000000e+00
0.000000000000000000e+00
5.455600000000000449e-01
0.000000000000000000e+00
5.988799999999999679e-01
0.000000000000000000e+00
6.876900000000000235e-01
0.000000000000000000e+00
9.778200000000000225e-01
0.000000000000000000e+00
8.039300000000000335e-01
0.000000000000000000e+00
0.000000000000000000e+00
0.000000000000000000e+00
0.000000000000000000e+00
0.000000000000000000e+00
5.387800000000000367e-01
0.000000000000000000e+00
5.922800000000000287e-01
0.000000000000000000e+00
5.451899999999999524e-01
0.000000000000000000e+00
0.000000000000000000e+00
0.000000000000000000e+00
5.126699999999999591e-01
0.000000000000000000e+00
0.000000000000000000e+00
5.324400000000000244e-01
0.000000000000000000e+00
0.000000000000000000e+00
0.000000000000000000e+00
6.504299999999999526e-01
0.000000000000000000e+00
0.000000000000000000e+00
5.846299999999999830e-01
0.000000000000000000e+00
4.655099999999999794e-01
0.000000000000000000e+00
4.788899999999999824e-01
0.000000000000000000e+00
0.000000000000000000e+00
0.000000000000000000e+00
8.967399999999999816e-01
0.000000000000000000e+00
0.000000000000000000e+00
0.000000000000000000e+00
0.000000000000000000e+00
0.000000000000000000e+00
0.000000000000000000e+00
6.321099999999999497e-01
0.000000000000000000e+00
0.000000000000000000e+00
0.000000000000000000e+00
0.000000000000000000e+00
5.192600000000000549e-01
0.000000000000000000e+00
0.000000000000000000e+00
0.000000000000000000e+00
0.000000000000000000e+00
4.843799999999999772e-01
0.000000000000000000e+00
0.000000000000000000e+00
0.000000000000000000e+00
4.530399999999999983e-01
0.000000000000000000e+00
0.000000000000000000e+00
0.000000000000000000e+00
5.269500000000000295e-01
0.000000000000000000e+00
0.000000000000000000e+00
1.030329999999999968e+00
0.000000000000000000e+00
0.000000000000000000e+00
0.000000000000000000e+00
5.779800000000000493e-01
0.000000000000000000e+00
5.343700000000000117e-01
0.000000000000000000e+00
0.000000000000000000e+00
6.153800000000000381e-01
0.000000000000000000e+00
0.000000000000000000e+00
5.970999999999999641e-01
0.000000000000000000e+00
0.000000000000000000e+00
1.242879999999999985e+00
0.000000000000000000e+00
4.446599999999999997e-01
0.000000000000000000e+00
6.205300000000000260e-01
0.000000000000000000e+00
0.000000000000000000e+00
0.000000000000000000e+00
0.000000000000000000e+00
6.488300000000000178e-01
0.000000000000000000e+00
0.000000000000000000e+00
0.000000000000000000e+00
0.000000000000000000e+00
0.000000000000000000e+00
5.368699999999999584e-01
0.000000000000000000e+00
0.000000000000000000e+00
0.000000000000000000e+00
5.719999999999999529e-01
0.000000000000000000e+00
0.000000000000000000e+00
7.572699999999999987e-01
0.000000000000000000e+00
0.000000000000000000e+00
6.735100000000000531e-01
0.000000000000000000e+00
0.000000000000000000e+00
4.657399999999999873e-01
0.000000000000000000e+00
5.743200000000000527e-01
0.000000000000000000e+00
6.727100000000000302e-01
0.000000000000000000e+00
0.000000000000000000e+00
0.000000000000000000e+00
0.000000000000000000e+00
0.000000000000000000e+00
5.366800000000000459e-01
0.000000000000000000e+00
0.000000000000000000e+00
8.255200000000000315e-01
0.000000000000000000e+00
0.000000000000000000e+00
0.000000000000000000e+00
6.029900000000000260e-01
0.000000000000000000e+00
0.000000000000000000e+00
0.000000000000000000e+00
0.000000000000000000e+00
5.642700000000000493e-01
0.000000000000000000e+00
0.000000000000000000e+00
0.000000000000000000e+00
0.000000000000000000e+00
0.000000000000000000e+00
5.701500000000000457e-01
0.000000000000000000e+00
0.000000000000000000e+00
0.000000000000000000e+00
6.167599999999999749e-01
0.000000000000000000e+00
0.000000000000000000e+00
5.145999999999999464e-01
0.000000000000000000e+00
0.000000000000000000e+00
5.842100000000000071e-01
0.000000000000000000e+00
6.035199999999999454e-01
0.000000000000000000e+00
0.000000000000000000e+00
6.574799999999999534e-01
0.000000000000000000e+00
0.000000000000000000e+00
0.000000000000000000e+00
0.000000000000000000e+00
7.339200000000000168e-01
0.000000000000000000e+00
0.000000000000000000e+00
0.000000000000000000e+00
1.178700000000000081e+00
0.000000000000000000e+00
0.000000000000000000e+00
0.000000000000000000e+00
5.600600000000000023e-01
0.000000000000000000e+00
0.000000000000000000e+00
0.000000000000000000e+00
1.918290000000000051e+00
0.000000000000000000e+00
0.000000000000000000e+00
0.000000000000000000e+00
0.000000000000000000e+00
7.096799999999999775e-01
0.000000000000000000e+00
0.000000000000000000e+00
6.275800000000000267e-01
0.000000000000000000e+00
0.000000000000000000e+00
0.000000000000000000e+00
0.000000000000000000e+00
0.000000000000000000e+00
0.000000000000000000e+00
5.659199999999999786e-01
0.000000000000000000e+00
0.000000000000000000e+00
5.851300000000000390e-01
0.000000000000000000e+00
0.000000000000000000e+00
0.000000000000000000e+00
4.985399999999999832e-01
0.000000000000000000e+00
0.000000000000000000e+00
0.000000000000000000e+00
5.041799999999999615e-01
0.000000000000000000e+00
5.503299999999999859e-01
0.000000000000000000e+00
0.000000000000000000e+00
5.052299999999999569e-01
0.000000000000000000e+00
0.000000000000000000e+00
0.000000000000000000e+00
4.537999999999999812e-01
0.000000000000000000e+00
0.000000000000000000e+00
0.000000000000000000e+00
6.704400000000000359e-01
0.000000000000000000e+00
5.707100000000000506e-01
0.000000000000000000e+00
0.000000000000000000e+00
0.000000000000000000e+00
5.794200000000000461e-01
0.000000000000000000e+00
0.000000000000000000e+00
0.000000000000000000e+00
0.000000000000000000e+00
0.000000000000000000e+00
0.000000000000000000e+00
6.315300000000000358e-01
0.000000000000000000e+00
0.000000000000000000e+00
0.000000000000000000e+00
0.000000000000000000e+00
5.395199999999999996e-01
0.000000000000000000e+00
0.000000000000000000e+00
4.811599999999999766e-01
0.000000000000000000e+00
0.000000000000000000e+00
0.000000000000000000e+00
6.265699999999999603e-01
0.000000000000000000e+00
0.000000000000000000e+00
0.000000000000000000e+00
5.313400000000000345e-01
0.000000000000000000e+00
5.411700000000000399e-01
0.000000000000000000e+00
6.244899999999999896e-01
0.000000000000000000e+00
0.000000000000000000e+00
0.000000000000000000e+00
0.000000000000000000e+00
0.000000000000000000e+00
1.302359999999999962e+00
0.000000000000000000e+00
0.000000000000000000e+00
0.000000000000000000e+00
7.501499999999999835e-01
0.000000000000000000e+00
9.602800000000000225e-01
0.000000000000000000e+00
1.128649999999999931e+00
0.000000000000000000e+00
0.000000000000000000e+00
0.000000000000000000e+00
0.000000000000000000e+00
5.043199999999999905e-01
0.000000000000000000e+00
0.000000000000000000e+00
0.000000000000000000e+00
7.336099999999999843e-01
0.000000000000000000e+00
0.000000000000000000e+00
1.917219999999999924e+00
0.000000000000000000e+00
0.000000000000000000e+00
0.000000000000000000e+00
5.214100000000000401e-01
0.000000000000000000e+00
0.000000000000000000e+00
0.000000000000000000e+00
0.000000000000000000e+00
0.000000000000000000e+00
0.000000000000000000e+00
0.000000000000000000e+00
0.000000000000000000e+00
0.000000000000000000e+00
0.000000000000000000e+00
0.000000000000000000e+00
0.000000000000000000e+00
0.000000000000000000e+00
0.000000000000000000e+00
0.000000000000000000e+00
0.000000000000000000e+00
0.000000000000000000e+00
0.000000000000000000e+00
0.000000000000000000e+00
0.000000000000000000e+00
0.000000000000000000e+00
0.000000000000000000e+00
0.000000000000000000e+00
0.000000000000000000e+00
6.684700000000000086e-01
0.000000000000000000e+00
0.000000000000000000e+00
0.000000000000000000e+00
0.000000000000000000e+00
0.000000000000000000e+00
9.404400000000000537e-01
0.000000000000000000e+00
0.000000000000000000e+00
5.803899999999999615e-01
0.000000000000000000e+00
0.000000000000000000e+00
0.000000000000000000e+00
0.000000000000000000e+00
0.000000000000000000e+00
5.072900000000000187e-01
0.000000000000000000e+00
6.666400000000000103e-01
0.000000000000000000e+00
1.082370000000000054e+00
0.000000000000000000e+00
0.000000000000000000e+00
7.713700000000000001e-01
0.000000000000000000e+00
0.000000000000000000e+00
0.000000000000000000e+00
5.911800000000000388e-01
0.000000000000000000e+00
0.000000000000000000e+00
4.775800000000000045e-01
0.000000000000000000e+00
9.122200000000000308e-01
0.000000000000000000e+00
0.000000000000000000e+00
0.000000000000000000e+00
5.478800000000000336e-01
0.000000000000000000e+00
0.000000000000000000e+00
6.141100000000000447e-01
0.000000000000000000e+00
0.000000000000000000e+00
6.028200000000000225e-01
0.000000000000000000e+00
4.329799999999999760e-01
0.000000000000000000e+00
0.000000000000000000e+00
0.000000000000000000e+00
0.000000000000000000e+00
0.000000000000000000e+00
5.231200000000000294e-01
0.000000000000000000e+00
0.000000000000000000e+00
0.000000000000000000e+00
7.986799999999999455e-01
0.000000000000000000e+00
0.000000000000000000e+00
4.933299999999999907e-01
0.000000000000000000e+00
4.952500000000000235e-01
0.000000000000000000e+00
0.000000000000000000e+00
0.000000000000000000e+00
5.130400000000000515e-01
0.000000000000000000e+00
0.000000000000000000e+00
4.970100000000000073e-01
0.000000000000000000e+00
5.003499999999999615e-01
0.000000000000000000e+00
0.000000000000000000e+00
0.000000000000000000e+00
6.099499999999999922e-01
0.000000000000000000e+00
0.000000000000000000e+00
7.308400000000000452e-01
0.000000000000000000e+00
0.000000000000000000e+00
5.188399999999999679e-01
0.000000000000000000e+00
5.841300000000000381e-01
0.000000000000000000e+00
0.000000000000000000e+00
5.692399999999999682e-01
0.000000000000000000e+00
0.000000000000000000e+00
0.000000000000000000e+00
5.846599999999999575e-01
0.000000000000000000e+00
0.000000000000000000e+00
6.273699999999999832e-01
0.000000000000000000e+00
0.000000000000000000e+00
5.183999999999999719e-01
0.000000000000000000e+00
5.023400000000000087e-01
0.000000000000000000e+00
0.000000000000000000e+00
0.000000000000000000e+00
5.996700000000000363e-01
0.000000000000000000e+00
0.000000000000000000e+00
0.000000000000000000e+00
7.986600000000000366e-01
0.000000000000000000e+00
0.000000000000000000e+00
0.000000000000000000e+00
0.000000000000000000e+00
0.000000000000000000e+00
5.857900000000000329e-01
0.000000000000000000e+00
0.000000000000000000e+00
6.017799999999999816e-01
0.000000000000000000e+00
0.000000000000000000e+00
0.000000000000000000e+00
0.000000000000000000e+00
6.330500000000000016e-01
0.000000000000000000e+00
0.000000000000000000e+00
0.000000000000000000e+00
6.065500000000000336e-01
0.000000000000000000e+00
0.000000000000000000e+00
7.724900000000000100e-01
0.000000000000000000e+00
0.000000000000000000e+00
7.822099999999999609e-01
0.000000000000000000e+00
0.000000000000000000e+00
0.000000000000000000e+00
0.000000000000000000e+00
0.000000000000000000e+00
5.184299999999999464e-01
0.000000000000000000e+00
0.000000000000000000e+00
5.471300000000000052e-01
0.000000000000000000e+00
0.000000000000000000e+00
0.000000000000000000e+00
0.000000000000000000e+00
5.034899999999999931e-01
0.000000000000000000e+00
0.000000000000000000e+00
0.000000000000000000e+00
6.867900000000000116e-01
0.000000000000000000e+00
1.221929999999999961e+00
0.000000000000000000e+00
0.000000000000000000e+00
0.000000000000000000e+00
6.048299999999999788e-01
0.000000000000000000e+00
0.000000000000000000e+00
0.000000000000000000e+00
0.000000000000000000e+00
6.747900000000000009e-01
0.000000000000000000e+00
5.522500000000000187e-01
0.000000000000000000e+00
6.722000000000000197e-01
0.000000000000000000e+00
5.325699999999999878e-01
0.000000000000000000e+00
4.791599999999999748e-01
0.000000000000000000e+00
0.000000000000000000e+00
7.159100000000000463e-01
0.000000000000000000e+00
0.000000000000000000e+00
0.000000000000000000e+00
0.000000000000000000e+00
0.000000000000000000e+00
5.277300000000000324e-01
0.000000000000000000e+00
1.156339999999999923e+00
0.000000000000000000e+00
0.000000000000000000e+00
0.000000000000000000e+00
6.006399999999999517e-01
0.000000000000000000e+00
0.000000000000000000e+00
5.002400000000000180e-01
0.000000000000000000e+00
0.000000000000000000e+00
0.000000000000000000e+00
5.791500000000000536e-01
0.000000000000000000e+00
0.000000000000000000e+00
0.000000000000000000e+00
5.388600000000000056e-01
0.000000000000000000e+00
0.000000000000000000e+00
7.495600000000000041e-01
0.000000000000000000e+00
0.000000000000000000e+00
0.000000000000000000e+00
0.000000000000000000e+00
5.620100000000000096e-01
0.000000000000000000e+00
0.000000000000000000e+00
0.000000000000000000e+00
0.000000000000000000e+00
0.000000000000000000e+00
0.000000000000000000e+00
5.622700000000000475e-01
0.000000000000000000e+00
0.000000000000000000e+00
0.000000000000000000e+00
7.622799999999999576e-01
0.000000000000000000e+00
0.000000000000000000e+00
0.000000000000000000e+00
6.347599999999999909e-01
0.000000000000000000e+00
0.000000000000000000e+00
0.000000000000000000e+00
0.000000000000000000e+00
0.000000000000000000e+00
5.644400000000000528e-01
0.000000000000000000e+00
0.000000000000000000e+00
0.000000000000000000e+00
0.000000000000000000e+00
6.444499999999999673e-01
0.000000000000000000e+00
0.000000000000000000e+00
0.000000000000000000e+00
5.070500000000000007e-01
0.000000000000000000e+00
0.000000000000000000e+00
0.000000000000000000e+00
0.000000000000000000e+00
0.000000000000000000e+00
0.000000000000000000e+00
6.874700000000000255e-01
0.000000000000000000e+00
0.000000000000000000e+00
0.000000000000000000e+00
7.311199999999999921e-01
0.000000000000000000e+00
0.000000000000000000e+00
0.000000000000000000e+00
0.000000000000000000e+00
5.813800000000000079e-01
0.000000000000000000e+00
0.000000000000000000e+00
5.563799999999999857e-01
0.000000000000000000e+00
0.000000000000000000e+00
0.000000000000000000e+00
0.000000000000000000e+00
0.000000000000000000e+00
6.741599999999999815e-01
0.000000000000000000e+00
0.000000000000000000e+00
7.281499999999999639e-01
0.000000000000000000e+00
0.000000000000000000e+00
1.368149999999999977e+00
0.000000000000000000e+00
6.474299999999999500e-01
0.000000000000000000e+00
5.555499999999999883e-01
0.000000000000000000e+00
0.000000000000000000e+00
0.000000000000000000e+00
4.779399999999999760e-01
0.000000000000000000e+00
0.000000000000000000e+00
0.000000000000000000e+00
0.000000000000000000e+00
0.000000000000000000e+00
0.000000000000000000e+00
0.000000000000000000e+00
5.474799999999999667e-01
0.000000000000000000e+00
0.000000000000000000e+00
9.506799999999999695e-01
0.000000000000000000e+00
1.234059999999999935e+00
0.000000000000000000e+00
1.154879999999999907e+00
0.000000000000000000e+00
0.000000000000000000e+00
6.856900000000000217e-01
0.000000000000000000e+00
1.917769999999999975e+00
0.000000000000000000e+00
0.000000000000000000e+00
0.000000000000000000e+00
0.000000000000000000e+00
0.000000000000000000e+00
0.000000000000000000e+00
0.000000000000000000e+00
0.000000000000000000e+00
0.000000000000000000e+00
0.000000000000000000e+00
0.000000000000000000e+00
0.000000000000000000e+00
0.000000000000000000e+00
0.000000000000000000e+00
0.000000000000000000e+00
0.000000000000000000e+00
0.000000000000000000e+00
0.000000000000000000e+00
0.000000000000000000e+00
0.000000000000000000e+00
0.000000000000000000e+00
0.000000000000000000e+00
0.000000000000000000e+00
0.000000000000000000e+00
1.382039999999999935e+00
0.000000000000000000e+00
7.261800000000000477e-01
0.000000000000000000e+00
0.000000000000000000e+00
0.000000000000000000e+00
5.429000000000000492e-01
0.000000000000000000e+00
0.000000000000000000e+00
0.000000000000000000e+00
0.000000000000000000e+00
5.492799999999999905e-01
0.000000000000000000e+00
0.000000000000000000e+00
4.601299999999999835e-01
0.000000000000000000e+00
0.000000000000000000e+00
0.000000000000000000e+00
0.000000000000000000e+00
6.913799999999999946e-01
0.000000000000000000e+00
6.624200000000000088e-01
0.000000000000000000e+00
6.119599999999999485e-01
0.000000000000000000e+00
0.000000000000000000e+00
8.267400000000000304e-01
0.000000000000000000e+00
6.182900000000000063e-01
0.000000000000000000e+00
0.000000000000000000e+00
7.049800000000000511e-01
0.000000000000000000e+00
7.983500000000000041e-01
0.000000000000000000e+00
0.000000000000000000e+00
1.164330000000000087e+00
0.000000000000000000e+00
0.000000000000000000e+00
8.327900000000000302e-01
0.000000000000000000e+00
0.000000000000000000e+00
0.000000000000000000e+00
0.000000000000000000e+00
6.011300000000000532e-01
0.000000000000000000e+00
0.000000000000000000e+00
5.060099999999999598e-01
0.000000000000000000e+00
0.000000000000000000e+00
0.000000000000000000e+00
5.579300000000000370e-01
0.000000000000000000e+00
0.000000000000000000e+00
5.880800000000000471e-01
0.000000000000000000e+00
5.501899999999999569e-01
0.000000000000000000e+00
0.000000000000000000e+00
0.000000000000000000e+00
1.010920000000000041e+00
0.000000000000000000e+00
0.000000000000000000e+00
0.000000000000000000e+00
5.776099999999999568e-01
0.000000000000000000e+00
8.193500000000000227e-01
0.000000000000000000e+00
0.000000000000000000e+00
1.920539999999999914e+00
0.000000000000000000e+00
0.000000000000000000e+00
0.000000000000000000e+00
6.174899999999999833e-01
0.000000000000000000e+00
0.000000000000000000e+00
5.578499999999999570e-01
0.000000000000000000e+00
6.875799999999999690e-01
0.000000000000000000e+00
0.000000000000000000e+00
0.000000000000000000e+00
0.000000000000000000e+00
0.000000000000000000e+00
6.478599999999999914e-01
0.000000000000000000e+00
0.000000000000000000e+00
0.000000000000000000e+00
0.000000000000000000e+00
6.232100000000000417e-01
0.000000000000000000e+00
0.000000000000000000e+00
7.104000000000000314e-01
0.000000000000000000e+00
0.000000000000000000e+00
5.144900000000000029e-01
0.000000000000000000e+00
0.000000000000000000e+00
0.000000000000000000e+00
5.167899999999999716e-01
0.000000000000000000e+00
5.614599999999999591e-01
0.000000000000000000e+00
0.000000000000000000e+00
6.298200000000000465e-01
0.000000000000000000e+00
0.000000000000000000e+00
0.000000000000000000e+00
7.225599999999999801e-01
0.000000000000000000e+00
4.896900000000000142e-01
0.000000000000000000e+00
4.594900000000000095e-01
0.000000000000000000e+00
5.315299999999999470e-01
0.000000000000000000e+00
0.000000000000000000e+00
0.000000000000000000e+00
0.000000000000000000e+00
0.000000000000000000e+00
6.883099999999999774e-01
0.000000000000000000e+00
0.000000000000000000e+00
0.000000000000000000e+00
6.247700000000000475e-01
0.000000000000000000e+00
0.000000000000000000e+00
0.000000000000000000e+00
0.000000000000000000e+00
4.369100000000000206e-01
0.000000000000000000e+00
0.000000000000000000e+00
0.000000000000000000e+00
5.656700000000000061e-01
0.000000000000000000e+00
0.000000000000000000e+00
4.826900000000000079e-01
0.000000000000000000e+00
6.006700000000000372e-01
0.000000000000000000e+00
0.000000000000000000e+00
5.652199999999999447e-01
0.000000000000000000e+00
5.575299999999999701e-01
0.000000000000000000e+00
0.000000000000000000e+00
0.000000000000000000e+00
5.964000000000000412e-01
0.000000000000000000e+00
0.000000000000000000e+00
0.000000000000000000e+00
0.000000000000000000e+00
5.227500000000000480e-01
0.000000000000000000e+00
0.000000000000000000e+00
0.000000000000000000e+00
0.000000000000000000e+00
4.789900000000000269e-01
0.000000000000000000e+00
0.000000000000000000e+00
0.000000000000000000e+00
0.000000000000000000e+00
0.000000000000000000e+00
5.186899999999999844e-01
0.000000000000000000e+00
5.707799999999999541e-01
0.000000000000000000e+00
5.031999999999999806e-01
0.000000000000000000e+00
0.000000000000000000e+00
4.587600000000000011e-01
0.000000000000000000e+00
0.000000000000000000e+00
0.000000000000000000e+00
6.258799999999999919e-01
0.000000000000000000e+00
6.302999999999999714e-01
0.000000000000000000e+00
0.000000000000000000e+00
0.000000000000000000e+00
5.677400000000000224e-01
0.000000000000000000e+00
0.000000000000000000e+00
5.767799999999999594e-01
0.000000000000000000e+00
0.000000000000000000e+00
0.000000000000000000e+00
5.139899999999999469e-01
0.000000000000000000e+00
5.221999999999999975e-01
0.000000000000000000e+00
5.766499999999999959e-01
0.000000000000000000e+00
1.012829999999999897e+00
0.000000000000000000e+00
0.000000000000000000e+00
0.000000000000000000e+00
0.000000000000000000e+00
5.441799999999999971e-01
0.000000000000000000e+00
9.112200000000000299e-01
0.000000000000000000e+00
7.610299999999999843e-01
0.000000000000000000e+00
0.000000000000000000e+00
0.000000000000000000e+00
7.362600000000000255e-01
0.000000000000000000e+00
0.000000000000000000e+00
0.000000000000000000e+00
0.000000000000000000e+00
0.000000000000000000e+00
4.716299999999999937e-01
0.000000000000000000e+00
0.000000000000000000e+00
0.000000000000000000e+00
0.000000000000000000e+00
8.022899999999999476e-01
0.000000000000000000e+00
0.000000000000000000e+00
5.277100000000000124e-01
0.000000000000000000e+00
5.992399999999999949e-01
0.000000000000000000e+00
0.000000000000000000e+00
0.000000000000000000e+00
5.041600000000000525e-01
0.000000000000000000e+00
4.845599999999999907e-01
0.000000000000000000e+00
0.000000000000000000e+00
5.792199999999999571e-01
0.000000000000000000e+00
0.000000000000000000e+00
0.000000000000000000e+00
0.000000000000000000e+00
0.000000000000000000e+00
0.000000000000000000e+00
5.620199999999999640e-01
0.000000000000000000e+00
0.000000000000000000e+00
5.844300000000000050e-01
0.000000000000000000e+00
7.854400000000000270e-01
0.000000000000000000e+00
0.000000000000000000e+00
0.000000000000000000e+00
5.305699999999999861e-01
0.000000000000000000e+00
8.810200000000000253e-01
0.000000000000000000e+00
6.001999999999999558e-01
0.000000000000000000e+00
0.000000000000000000e+00
0.000000000000000000e+00
5.057700000000000529e-01
0.000000000000000000e+00
0.000000000000000000e+00
0.000000000000000000e+00
0.000000000000000000e+00
6.521599999999999620e-01
0.000000000000000000e+00
8.994400000000000173e-01
0.000000000000000000e+00
0.000000000000000000e+00
0.000000000000000000e+00
0.000000000000000000e+00
0.000000000000000000e+00
0.000000000000000000e+00
0.000000000000000000e+00
0.000000000000000000e+00
0.000000000000000000e+00
0.000000000000000000e+00
0.000000000000000000e+00
0.000000000000000000e+00
0.000000000000000000e+00
0.000000000000000000e+00
0.000000000000000000e+00
0.000000000000000000e+00
0.000000000000000000e+00
0.000000000000000000e+00
0.000000000000000000e+00
0.000000000000000000e+00
0.000000000000000000e+00
0.000000000000000000e+00
6.343199999999999950e-01
0.000000000000000000e+00
0.000000000000000000e+00
0.000000000000000000e+00
4.559099999999999819e-01
0.000000000000000000e+00
0.000000000000000000e+00
0.000000000000000000e+00
6.262999999999999678e-01
0.000000000000000000e+00
0.000000000000000000e+00
0.000000000000000000e+00
0.000000000000000000e+00
5.886700000000000266e-01
0.000000000000000000e+00
0.000000000000000000e+00
0.000000000000000000e+00
8.171399999999999775e-01
0.000000000000000000e+00
6.233600000000000252e-01
0.000000000000000000e+00
0.000000000000000000e+00
0.000000000000000000e+00
8.243300000000000072e-01
0.000000000000000000e+00
0.000000000000000000e+00
7.251800000000000468e-01
0.000000000000000000e+00
5.182700000000000085e-01
0.000000000000000000e+00
0.000000000000000000e+00
5.079799999999999871e-01
0.000000000000000000e+00
0.000000000000000000e+00
0.000000000000000000e+00
5.729300000000000503e-01
0.000000000000000000e+00
5.582000000000000295e-01
0.000000000000000000e+00
6.685900000000000176e-01
0.000000000000000000e+00
1.009260000000000046e+00
0.000000000000000000e+00
0.000000000000000000e+00
6.207899999999999530e-01
0.000000000000000000e+00
0.000000000000000000e+00
1.043660000000000032e+00
0.000000000000000000e+00
0.000000000000000000e+00
7.942299999999999915e-01
0.000000000000000000e+00
0.000000000000000000e+00
0.000000000000000000e+00
7.072300000000000253e-01
0.000000000000000000e+00
8.852600000000000469e-01
0.000000000000000000e+00
0.000000000000000000e+00
0.000000000000000000e+00
5.601800000000000113e-01
0.000000000000000000e+00
0.000000000000000000e+00
0.000000000000000000e+00
0.000000000000000000e+00
5.346999999999999531e-01
0.000000000000000000e+00
5.333299999999999708e-01
0.000000000000000000e+00
0.000000000000000000e+00
0.000000000000000000e+00
4.642700000000000160e-01
0.000000000000000000e+00
0.000000000000000000e+00
6.917600000000000415e-01
0.000000000000000000e+00
0.000000000000000000e+00
0.000000000000000000e+00
0.000000000000000000e+00
0.000000000000000000e+00
7.277000000000000135e-01
0.000000000000000000e+00
1.030580000000000052e+00
0.000000000000000000e+00
0.000000000000000000e+00
0.000000000000000000e+00
8.057499999999999662e-01
0.000000000000000000e+00
0.000000000000000000e+00
0.000000000000000000e+00
0.000000000000000000e+00
9.769099999999999451e-01
0.000000000000000000e+00
0.000000000000000000e+00
6.476899999999999880e-01
0.000000000000000000e+00
0.000000000000000000e+00
5.170299999999999896e-01
0.000000000000000000e+00
0.000000000000000000e+00
0.000000000000000000e+00
5.206499999999999462e-01
0.000000000000000000e+00
0.000000000000000000e+00
5.026300000000000212e-01
0.000000000000000000e+00
0.000000000000000000e+00
4.984000000000000097e-01
0.000000000000000000e+00
0.000000000000000000e+00
0.000000000000000000e+00
5.727900000000000214e-01
0.000000000000000000e+00
1.045739999999999892e+00
0.000000000000000000e+00
1.550410000000000066e+00
0.000000000000000000e+00
0.000000000000000000e+00
0.000000000000000000e+00
0.000000000000000000e+00
4.866099999999999870e-01
0.000000000000000000e+00
0.000000000000000000e+00
5.173999999999999710e-01
0.000000000000000000e+00
0.000000000000000000e+00
0.000000000000000000e+00
5.690300000000000358e-01
0.000000000000000000e+00
0.000000000000000000e+00
0.000000000000000000e+00
7.277799999999999825e-01
0.000000000000000000e+00
9.312000000000000277e-01
0.000000000000000000e+00
0.000000000000000000e+00
0.000000000000000000e+00
0.000000000000000000e+00
4.390999999999999903e-01
0.000000000000000000e+00
0.000000000000000000e+00
4.808999999999999941e-01
0.000000000000000000e+00
0.000000000000000000e+00
4.081500000000000128e-01
0.000000000000000000e+00
0.000000000000000000e+00
0.000000000000000000e+00
5.016500000000000403e-01
0.000000000000000000e+00
0.000000000000000000e+00
8.740299999999999736e-01
0.000000000000000000e+00
4.559500000000000219e-01
0.000000000000000000e+00
0.000000000000000000e+00
0.000000000000000000e+00
4.892599999999999727e-01
0.000000000000000000e+00
0.000000000000000000e+00
5.227100000000000080e-01
0.000000000000000000e+00
0.000000000000000000e+00
0.000000000000000000e+00
9.999200000000000310e-01
0.000000000000000000e+00
0.000000000000000000e+00
0.000000000000000000e+00
4.625500000000000167e-01
0.000000000000000000e+00
0.000000000000000000e+00
1.015200000000000102e+00
0.000000000000000000e+00
0.000000000000000000e+00
0.000000000000000000e+00
0.000000000000000000e+00
0.000000000000000000e+00
0.000000000000000000e+00
0.000000000000000000e+00
6.034199999999999564e-01
0.000000000000000000e+00
0.000000000000000000e+00
0.000000000000000000e+00
7.596600000000000019e-01
0.000000000000000000e+00
0.000000000000000000e+00
0.000000000000000000e+00
0.000000000000000000e+00
0.000000000000000000e+00
4.534299999999999997e-01
0.000000000000000000e+00
0.000000000000000000e+00
5.052999999999999714e-01
0.000000000000000000e+00
5.330000000000000293e-01
0.000000000000000000e+00
0.000000000000000000e+00
4.807199999999999807e-01
0.000000000000000000e+00
0.000000000000000000e+00
0.000000000000000000e+00
0.000000000000000000e+00
0.000000000000000000e+00
5.735700000000000243e-01
0.000000000000000000e+00
0.000000000000000000e+00
0.000000000000000000e+00
0.000000000000000000e+00
7.974900000000000322e-01
0.000000000000000000e+00
6.761099999999999888e-01
0.000000000000000000e+00
0.000000000000000000e+00
0.000000000000000000e+00
0.000000000000000000e+00
5.144400000000000084e-01
0.000000000000000000e+00
0.000000000000000000e+00
0.000000000000000000e+00
0.000000000000000000e+00
0.000000000000000000e+00
4.753899999999999793e-01
0.000000000000000000e+00
0.000000000000000000e+00
5.426999999999999602e-01
0.000000000000000000e+00
0.000000000000000000e+00
9.906099999999999905e-01
0.000000000000000000e+00
0.000000000000000000e+00
6.556499999999999551e-01
0.000000000000000000e+00
0.000000000000000000e+00
8.869599999999999707e-01
0.000000000000000000e+00
0.000000000000000000e+00
0.000000000000000000e+00
5.445799999999999530e-01
0.000000000000000000e+00
0.000000000000000000e+00
4.554000000000000270e-01
0.000000000000000000e+00
8.568900000000000405e-01
0.000000000000000000e+00
0.000000000000000000e+00
1.002830000000000110e+00
0.000000000000000000e+00
0.000000000000000000e+00
5.105499999999999483e-01
0.000000000000000000e+00
0.000000000000000000e+00
4.908199999999999785e-01
0.000000000000000000e+00
0.000000000000000000e+00
0.000000000000000000e+00
4.578800000000000092e-01
0.000000000000000000e+00
0.000000000000000000e+00
0.000000000000000000e+00
1.033530000000000060e+00
0.000000000000000000e+00
5.498699999999999699e-01
0.000000000000000000e+00
0.000000000000000000e+00
5.098599999999999799e-01
0.000000000000000000e+00
0.000000000000000000e+00
1.923869999999999969e+00
0.000000000000000000e+00
0.000000000000000000e+00
0.000000000000000000e+00
0.000000000000000000e+00
0.000000000000000000e+00
4.789700000000000069e-01
0.000000000000000000e+00
0.000000000000000000e+00
7.155599999999999739e-01
0.000000000000000000e+00
0.000000000000000000e+00
0.000000000000000000e+00
0.000000000000000000e+00
0.000000000000000000e+00
0.000000000000000000e+00
0.000000000000000000e+00
0.000000000000000000e+00
0.000000000000000000e+00
0.000000000000000000e+00
0.000000000000000000e+00
0.000000000000000000e+00
0.000000000000000000e+00
0.000000000000000000e+00
0.000000000000000000e+00
0.000000000000000000e+00
0.000000000000000000e+00
0.000000000000000000e+00
0.000000000000000000e+00
0.000000000000000000e+00
0.000000000000000000e+00
0.000000000000000000e+00
5.565200000000000147e-01
0.000000000000000000e+00
0.000000000000000000e+00
5.594700000000000228e-01
0.000000000000000000e+00
0.000000000000000000e+00
6.434299999999999464e-01
0.000000000000000000e+00
0.000000000000000000e+00
5.442900000000000515e-01
0.000000000000000000e+00
5.498699999999999699e-01
0.000000000000000000e+00
4.791799999999999948e-01
0.000000000000000000e+00
0.000000000000000000e+00
5.958999999999999853e-01
0.000000000000000000e+00
6.399299999999999988e-01
0.000000000000000000e+00
0.000000000000000000e+00
4.954000000000000070e-01
0.000000000000000000e+00
0.000000000000000000e+00
8.232000000000000428e-01
0.000000000000000000e+00
0.000000000000000000e+00
4.869999999999999885e-01
0.000000000000000000e+00
0.000000000000000000e+00
0.000000000000000000e+00
0.000000000000000000e+00
8.320199999999999818e-01
0.000000000000000000e+00
0.000000000000000000e+00
0.000000000000000000e+00
5.437600000000000211e-01
0.000000000000000000e+00
5.219000000000000306e-01
0.000000000000000000e+00
0.000000000000000000e+00
4.378900000000000015e-01
0.000000000000000000e+00
5.943199999999999594e-01
0.000000000000000000e+00
0.000000000000000000e+00
5.773899999999999588e-01
0.000000000000000000e+00
0.000000000000000000e+00
0.000000000000000000e+00
6.324300000000000477e-01
0.000000000000000000e+00
0.000000000000000000e+00
5.476499999999999702e-01
0.000000000000000000e+00
6.111199999999999966e-01
0.000000000000000000e+00
4.692700000000000204e-01
0.000000000000000000e+00
0.000000000000000000e+00
0.000000000000000000e+00
8.659599999999999520e-01
0.000000000000000000e+00
0.000000000000000000e+00
0.000000000000000000e+00
8.878599999999999826e-01
0.000000000000000000e+00
5.456900000000000084e-01
0.000000000000000000e+00
0.000000000000000000e+00
0.000000000000000000e+00
0.000000000000000000e+00
0.000000000000000000e+00
6.520700000000000385e-01
0.000000000000000000e+00
0.000000000000000000e+00
6.773900000000000476e-01
0.000000000000000000e+00
0.000000000000000000e+00
0.000000000000000000e+00
0.000000000000000000e+00
0.000000000000000000e+00
4.014499999999999735e-01
0.000000000000000000e+00
0.000000000000000000e+00
5.590899999999999759e-01
0.000000000000000000e+00
0.000000000000000000e+00
5.469699999999999562e-01
0.000000000000000000e+00
0.000000000000000000e+00
0.000000000000000000e+00
0.000000000000000000e+00
0.000000000000000000e+00
5.373099999999999543e-01
0.000000000000000000e+00
0.000000000000000000e+00
8.147299999999999542e-01
0.000000000000000000e+00
0.000000000000000000e+00
6.507899999999999796e-01
0.000000000000000000e+00
0.000000000000000000e+00
0.000000000000000000e+00
0.000000000000000000e+00
7.316500000000000226e-01
0.000000000000000000e+00
0.000000000000000000e+00
6.778600000000000181e-01
0.000000000000000000e+00
0.000000000000000000e+00
5.321200000000000374e-01
0.000000000000000000e+00
0.000000000000000000e+00
5.442000000000000171e-01
0.000000000000000000e+00
0.000000000000000000e+00
0.000000000000000000e+00
0.000000000000000000e+00
0.000000000000000000e+00
0.000000000000000000e+00
0.000000000000000000e+00
5.613899999999999446e-01
0.000000000000000000e+00
0.000000000000000000e+00
6.095099999999999962e-01
0.000000000000000000e+00
5.021400000000000308e-01
0.000000000000000000e+00
0.000000000000000000e+00
1.024180000000000090e+00
0.000000000000000000e+00
0.000000000000000000e+00
0.000000000000000000e+00
0.000000000000000000e+00
9.189199999999999591e-01
0.000000000000000000e+00
0.000000000000000000e+00
0.000000000000000000e+00
4.995800000000000241e-01
0.000000000000000000e+00
4.706899999999999973e-01
0.000000000000000000e+00
0.000000000000000000e+00
7.871500000000000163e-01
0.000000000000000000e+00
0.000000000000000000e+00
5.841499999999999471e-01
0.000000000000000000e+00
0.000000000000000000e+00
0.000000000000000000e+00
6.244800000000000351e-01
0.000000000000000000e+00
6.250999999999999890e-01
0.000000000000000000e+00
5.441200000000000481e-01
0.000000000000000000e+00
0.000000000000000000e+00
0.000000000000000000e+00
7.446899999999999631e-01
0.000000000000000000e+00
8.372100000000000097e-01
0.000000000000000000e+00
6.090400000000000258e-01
0.000000000000000000e+00
0.000000000000000000e+00
8.248499999999999721e-01
0.000000000000000000e+00
0.000000000000000000e+00
0.000000000000000000e+00
5.319399999999999684e-01
0.000000000000000000e+00
0.000000000000000000e+00
0.000000000000000000e+00
5.215800000000000436e-01
0.000000000000000000e+00
0.000000000000000000e+00
5.672300000000000120e-01
0.000000000000000000e+00
0.000000000000000000e+00
1.113809999999999967e+00
0.000000000000000000e+00
0.000000000000000000e+00
5.237399999999999833e-01
0.000000000000000000e+00
5.099700000000000344e-01
0.000000000000000000e+00
0.000000000000000000e+00
5.905000000000000249e-01
0.000000000000000000e+00
0.000000000000000000e+00
0.000000000000000000e+00
5.459500000000000464e-01
0.000000000000000000e+00
0.000000000000000000e+00
4.470899999999999874e-01
0.000000000000000000e+00
0.000000000000000000e+00
0.000000000000000000e+00
5.807299999999999685e-01
0.000000000000000000e+00
7.938600000000000101e-01
0.000000000000000000e+00
0.000000000000000000e+00
0.000000000000000000e+00
0.000000000000000000e+00
0.000000000000000000e+00
1.184220000000000050e+00
0.000000000000000000e+00
0.000000000000000000e+00
0.000000000000000000e+00
4.981400000000000272e-01
0.000000000000000000e+00
0.000000000000000000e+00
8.605899999999999661e-01
0.000000000000000000e+00
0.000000000000000000e+00
0.000000000000000000e+00
0.000000000000000000e+00
5.712000000000000410e-01
0.000000000000000000e+00
5.355100000000000415e-01
0.000000000000000000e+00
0.000000000000000000e+00
0.000000000000000000e+00
0.000000000000000000e+00
5.945399999999999574e-01
0.000000000000000000e+00
0.000000000000000000e+00
0.000000000000000000e+00
5.231999999999999984e-01
0.000000000000000000e+00
8.745899999999999785e-01
0.000000000000000000e+00
0.000000000000000000e+00
0.000000000000000000e+00
5.033900000000000041e-01
0.000000000000000000e+00
0.000000000000000000e+00
0.000000000000000000e+00
0.000000000000000000e+00
0.000000000000000000e+00
0.000000000000000000e+00
4.046699999999999742e-01
0.000000000000000000e+00
0.000000000000000000e+00
0.000000000000000000e+00
7.259100000000000552e-01
0.000000000000000000e+00
0.000000000000000000e+00
0.000000000000000000e+00
6.298000000000000265e-01
0.000000000000000000e+00
0.000000000000000000e+00
5.145199999999999774e-01
0.000000000000000000e+00
6.071999999999999620e-01
0.000000000000000000e+00
0.000000000000000000e+00
0.000000000000000000e+00
0.000000000000000000e+00
0.000000000000000000e+00
0.000000000000000000e+00
7.738399999999999723e-01
0.000000000000000000e+00
0.000000000000000000e+00
0.000000000000000000e+00
0.000000000000000000e+00
0.000000000000000000e+00
5.610000000000000542e-01
0.000000000000000000e+00
0.000000000000000000e+00
0.000000000000000000e+00
0.000000000000000000e+00
0.000000000000000000e+00
4.761099999999999777e-01
0.000000000000000000e+00
0.000000000000000000e+00
0.000000000000000000e+00
0.000000000000000000e+00
0.000000000000000000e+00
0.000000000000000000e+00
0.000000000000000000e+00
0.000000000000000000e+00
0.000000000000000000e+00
0.000000000000000000e+00
0.000000000000000000e+00
