0.000000000000000000e+00
0.000000000000000000e+00
0.000000000000000000e+00
0.000000000000000000e+00
0.000000000000000000e+00
0.000000000000000000e+00
0.000000000000000000e+00
0.000000000000000000e+00
0.000000000000000000e+00
0.000000000000000000e+00
8.026999999999999691e-01
0.000000000000000000e+00
5.673399999999999554e-01
0.000000000000000000e+00
0.000000000000000000e+00
1.404130000000000100e+00
0.000000000000000000e+00
0.000000000000000000e+00
6.268799999999999928e-01
0.000000000000000000e+00
7.948899999999999855e-01
0.000000000000000000e+00
0.000000000000000000e+00
0.000000000000000000e+00
8.635399999999999743e-01
0.000000000000000000e+00
0.000000000000000000e+00
0.000000000000000000e+00
5.708199999999999941e-01
0.000000000000000000e+00
0.000000000000000000e+00
5.040700000000000180e-01
0.000000000000000000e+00
0.000000000000000000e+00
0.000000000000000000e+00
5.315800000000000525e-01
0.000000000000000000e+00
7.155899999999999483e-01
0.000000000000000000e+00
0.000000000000000000e+00
6.068799999999999750e-01
0.000000000000000000e+00
6.674600000000000533e-01
0.000000000000000000e+00
1.191459999999999964e+00
0.000000000000000000e+00
0.000000000000000000e+00
0.000000000000000000e+00
0.000000000000000000e+00
5.192700000000000093e-01
0.000000000000000000e+00
0.000000000000000000e+00
0.000000000000000000e+00
6.329099999999999726e-01
0.000000000000000000e+00
6.519800000000000040e-01
0.000000000000000000e+00
0.000000000000000000e+00
5.553500000000000103e-01
0.000000000000000000e+00
0.000000000000000000e+00
0.000000000000000000e+00
1.251770000000000049e+00
0.000000000000000000e+00
0.000000000000000000e+00
0.000000000000000000e+00
5.619499999999999496e-01
0.000000000000000000e+00
0.000000000000000000e+00
0.000000000000000000e+00
0.000000000000000000e+00
0.000000000000000000e+00
0.000000000000000000e+00
6.127599999999999714e-01
0.000000000000000000e+00
0.000000000000000000e+00
0.000000000000000000e+00
6.289500000000000091e-01
0.000000000000000000e+00
0.000000000000000000e+00
0.000000000000000000e+00
5.135399999999999965e-01
0.000000000000000000e+00
0.000000000000000000e+00
7.688099999999999934e-01
0.000000000000000000e+00
1.067530000000000090e+00
0.000000000000000000e+00
0.000000000000000000e+00
0.000000000000000000e+00
7.449500000000000011e-01
0.000000000000000000e+00
0.000000000000000000e+00
0.000000000000000000e+00
0.000000000000000000e+00
6.737400000000000055e-01
0.000000000000000000e+00
0.000000000000000000e+00
0.000000000000000000e+00
0.000000000000000000e+00
0.000000000000000000e+00
4.500700000000000256e-01
0.000000000000000000e+00
0.000000000000000000e+00
0.000000000000000000e+00
0.000000000000000000e+00
4.208000000000000074e-01
0.000000000000000000e+00
0.000000000000000000e+00
0.000000000000000000e+00
0.000000000000000000e+00
4.271599999999999842e-01
0.000000000000000000e+00
8.732400000000000162e-01
0.000000000000000000e+00
4.876300000000000079e-01
0.000000000000000000e+00
0.000000000000000000e+00
0.000000000000000000e+00
5.349800000000000111e-01
0.000000000000000000e+00
0.000000000000000000e+00
5.070500000000000007e-01
0.000000000000000000e+00
0.000000000000000000e+00
0.000000000000000000e+00
6.017500000000000071e-01
0.000000000000000000e+00
0.000000000000000000e+00
5.635299999999999754e-01
0.000000000000000000e+00
0.000000000000000000e+00
0.000000000000000000e+00
5.169700000000000406e-01
0.000000000000000000e+00
0.000000000000000000e+00
6.484100000000000419e-01
0.000000000000000000e+00
0.000000000000000000e+00
0.000000000000000000e+00
9.319899999999999851e-01
0.000000000000000000e+00
0.000000000000000000e+00
0.000000000000000000e+00
0.000000000000000000e+00
5.833800000000000097e-01
0.000000000000000000e+00
0.000000000000000000e+00
0.000000000000000000e+00
5.735200000000000298e-01
0.000000000000000000e+00
0.000000000000000000e+00
0.000000000000000000e+00
6.070900000000000185e-01
0.000000000000000000e+00
0.000000000000000000e+00
0.000000000000000000e+00
0.000000000000000000e+00
5.569899999999999851e-01
0.000000000000000000e+00
0.000000000000000000e+00
5.386800000000000477e-01
0.000000000000000000e+00
0.000000000000000000e+00
0.000000000000000000e+00
0.000000000000000000e+00
5.950699999999999878e-01
0.000000000000000000e+00
0.000000000000000000e+00
0.000000000000000000e+00
5.748999999999999666e-01
0.000000000000000000e+00
8.228199999999999958e-01
0.000000000000000000e+00
0.000000000000000000e+00
0.000000000000000000e+00
4.578300000000000147e-01
0.000000000000000000e+00
0.000000000000000000e+00
5.316499999999999559e-01
0.000000000000000000e+00
0.000000000000000000e+00
6.019400000000000306e-01
0.000000000000000000e+00
0.000000000000000000e+00
4.496600000000000041e-01
0.000000000000000000e+00
0.000000000000000000e+00
0.000000000000000000e+00
6.282799999999999496e-01
0.000000000000000000e+00
0.000000000000000000e+00
0.000000000000000000e+00
6.009499999999999842e-01
0.000000000000000000e+00
0.000000000000000000e+00
0.000000000000000000e+00
0.000000000000000000e+00
6.464299999999999491e-01
0.000000000000000000e+00
5.938099999999999490e-01
0.000000000000000000e+00
0.000000000000000000e+00
6.961000000000000520e-01
0.000000000000000000e+00
5.271200000000000330e-01
0.000000000000000000e+00
0.000000000000000000e+00
0.000000000000000000e+00
0.000000000000000000e+00
0.000000000000000000e+00
0.000000000000000000e+00
7.151100000000000234e-01
0.000000000000000000e+00
0.000000000000000000e+00
0.000000000000000000e+00
0.000000000000000000e+00
7.360400000000000276e-01
0.000000000000000000e+00
0.000000000000000000e+00
0.000000000000000000e+00
0.000000000000000000e+00
5.338100000000000067e-01
0.000000000000000000e+00
0.000000000000000000e+00
0.000000000000000000e+00
5.549600000000000088e-01
0.000000000000000000e+00
0.000000000000000000e+00
9.703300000000000258e-01
0.000000000000000000e+00
9.627299999999999747e-01
0.000000000000000000e+00
0.000000000000000000e+00
0.000000000000000000e+00
0.000000000000000000e+00
0.000000000000000000e+00
0.000000000000000000e+00
0.000000000000000000e+00
4.652800000000000269e-01
0.000000000000000000e+00
0.000000000000000000e+00
6.763000000000000123e-01
0.000000000000000000e+00
0.000000000000000000e+00
8.501199999999999868e-01
0.000000000000000000e+00
0.000000000000000000e+00
6.923099999999999810e-01
0.000000000000000000e+00
9.368900000000000006e-01
0.000000000000000000e+00
0.000000000000000000e+00
0.000000000000000000e+00
5.885099999999999776e-01
0.000000000000000000e+00
0.000000000000000000e+00
0.000000000000000000e+00
0.000000000000000000e+00
5.694000000000000172e-01
0.000000000000000000e+00
0.000000000000000000e+00
0.000000000000000000e+00
5.054800000000000404e-01
0.000000000000000000e+00
0.000000000000000000e+00
6.493900000000000228e-01
0.000000000000000000e+00
0.000000000000000000e+00
9.680999999999999606e-01
0.000000000000000000e+00
0.000000000000000000e+00
6.892899999999999583e-01
0.000000000000000000e+00
0.000000000000000000e+00
0.000000000000000000e+00
0.000000000000000000e+00
5.516299999999999537e-01
0.000000000000000000e+00
0.000000000000000000e+00
5.781399999999999872e-01
0.000000000000000000e+00
0.000000000000000000e+00
0.000000000000000000e+00
1.166549999999999976e+00
0.000000000000000000e+00
0.000000000000000000e+00
5.959400000000000253e-01
0.000000000000000000e+00
0.000000000000000000e+00
0.000000000000000000e+00
0.000000000000000000e+00
4.407099999999999906e-01
0.000000000000000000e+00
0.000000000000000000e+00
0.000000000000000000e+00
0.000000000000000000e+00
0.000000000000000000e+00
6.064100000000000046e-01
0.000000000000000000e+00
7.315700000000000536e-01
0.000000000000000000e+00
0.000000000000000000e+00
0.000000000000000000e+00
0.000000000000000000e+00
0.000000000000000000e+00
0.000000000000000000e+00
0.000000000000000000e+00
0.000000000000000000e+00
0.000000000000000000e+00
0.000000000000000000e+00
0.000000000000000000e+00
0.000000000000000000e+00
0.000000000000000000e+00
0.000000000000000000e+00
0.000000000000000000e+00
0.000000000000000000e+00
0.000000000000000000e+00
0.000000000000000000e+00
0.000000000000000000e+00
0.000000000000000000e+00
0.000000000000000000e+00
0.000000000000000000e+00
0.000000000000000000e+00
0.000000000000000000e+00
0.000000000000000000e+00
0.000000000000000000e+00
6.626800000000000468e-01
0.000000000000000000e+00
0.000000000000000000e+00
9.997800000000000020e-01
0.000000000000000000e+00
6.283400000000000096e-01
0.000000000000000000e+00
0.000000000000000000e+00
0.000000000000000000e+00
0.000000000000000000e+00
6.197799999999999976e-01
0.000000000000000000e+00
1.490289999999999893e+00
0.000000000000000000e+00
0.000000000000000000e+00
5.451799999999999979e-01
0.000000000000000000e+00
0.000000000000000000e+00
0.000000000000000000e+00
6.607499999999999485e-01
0.000000000000000000e+00
0.000000000000000000e+00
1.181089999999999973e+00
0.000000000000000000e+00
0.000000000000000000e+00
0.000000000000000000e+00
6.641700000000000381e-01
0.000000000000000000e+00
1.077860000000000040e+00
0.000000000000000000e+00
0.000000000000000000e+00
0.000000000000000000e+00
6.748399999999999954e-01
0.000000000000000000e+00
1.190790000000000015e+00
0.000000000000000000e+00
7.143300000000000205e-01
0.000000000000000000e+00
0.000000000000000000e+00
0.000000000000000000e+00
0.000000000000000000e+00
6.732000000000000206e-01
0.000000000000000000e+00
0.000000000000000000e+00
0.000000000000000000e+00
0.000000000000000000e+00
6.095500000000000362e-01
0.000000000000000000e+00
9.741800000000000459e-01
0.000000000000000000e+00
9.821999999999999620e-01
0.000000000000000000e+00
6.276500000000000412e-01
0.000000000000000000e+00
0.000000000000000000e+00
0.000000000000000000e+00
1.116679999999999895e+00
0.000000000000000000e+00
1.082729999999999970e+00
0.000000000000000000e+00
0.000000000000000000e+00
0.000000000000000000e+00
4.994899999999999896e-01
0.000000000000000000e+00
0.000000000000000000e+00
5.752800000000000136e-01
0.000000000000000000e+00
6.002800000000000358e-01
0.000000000000000000e+00
0.000000000000000000e+00
9.550899999999999945e-01
0.000000000000000000e+00
0.000000000000000000e+00
1.105809999999999960e+00
0.000000000000000000e+00
0.000000000000000000e+00
7.731999999999999984e-01
0.000000000000000000e+00
0.000000000000000000e+00
0.000000000000000000e+00
0.000000000000000000e+00
0.000000000000000000e+00
0.000000000000000000e+00
6.805999999999999828e-01
0.000000000000000000e+00
0.000000000000000000e+00
5.604400000000000492e-01
0.000000000000000000e+00
8.536500000000000199e-01
0.000000000000000000e+00
5.983500000000000485e-01
0.000000000000000000e+00
7.326599999999999779e-01
0.000000000000000000e+00
0.000000000000000000e+00
0.000000000000000000e+00
0.000000000000000000e+00
1.460779999999999967e+00
0.000000000000000000e+00
0.000000000000000000e+00
8.812100000000000488e-01
0.000000000000000000e+00
0.000000000000000000e+00
1.035539999999999905e+00
0.000000000000000000e+00
0.000000000000000000e+00
0.000000000000000000e+00
0.000000000000000000e+00
0.000000000000000000e+00
1.140630000000000033e+00
0.000000000000000000e+00
6.272499999999999742e-01
0.000000000000000000e+00
4.996999999999999775e-01
0.000000000000000000e+00
5.912199999999999678e-01
0.000000000000000000e+00
1.146879999999999900e+00
0.000000000000000000e+00
0.000000000000000000e+00
5.259099999999999886e-01
0.000000000000000000e+00
0.000000000000000000e+00
0.000000000000000000e+00
5.988499999999999934e-01
0.000000000000000000e+00
0.000000000000000000e+00
0.000000000000000000e+00
0.000000000000000000e+00
5.065699999999999648e-01
0.000000000000000000e+00
0.000000000000000000e+00
5.513200000000000323e-01
0.000000000000000000e+00
0.000000000000000000e+00
0.000000000000000000e+00
8.835899999999999865e-01
0.000000000000000000e+00
0.000000000000000000e+00
0.000000000000000000e+00
0.000000000000000000e+00
0.000000000000000000e+00
7.241800000000000459e-01
0.000000000000000000e+00
8.697500000000000231e-01
0.000000000000000000e+00
0.000000000000000000e+00
0.000000000000000000e+00
6.723400000000000487e-01
0.000000000000000000e+00
0.000000000000000000e+00
8.055099999999999483e-01
0.000000000000000000e+00
7.502100000000000435e-01
0.000000000000000000e+00
0.000000000000000000e+00
5.150200000000000333e-01
0.000000000000000000e+00
0.000000000000000000e+00
8.637099999999999778e-01
0.000000000000000000e+00
5.571800000000000086e-01
0.000000000000000000e+00
0.000000000000000000e+00
0.000000000000000000e+00
8.212500000000000355e-01
0.000000000000000000e+00
0.000000000000000000e+00
0.000000000000000000e+00
7.519400000000000528e-01
0.000000000000000000e+00
0.000000000000000000e+00
0.000000000000000000e+00
5.851499999999999480e-01
0.000000000000000000e+00
0.000000000000000000e+00
0.000000000000000000e+00
0.000000000000000000e+00
0.000000000000000000e+00
1.183499999999999996e+00
0.000000000000000000e+00
6.862899999999999556e-01
0.000000000000000000e+00
6.097900000000000542e-01
0.000000000000000000e+00
7.183199999999999585e-01
0.000000000000000000e+00
0.000000000000000000e+00
0.000000000000000000e+00
0.000000000000000000e+00
0.000000000000000000e+00
0.000000000000000000e+00
6.178099999999999703e-01
0.000000000000000000e+00
0.000000000000000000e+00
0.000000000000000000e+00
4.907699999999999840e-01
0.000000000000000000e+00
0.000000000000000000e+00
7.085000000000000187e-01
0.000000000000000000e+00
6.281499999999999861e-01
0.000000000000000000e+00
0.000000000000000000e+00
0.000000000000000000e+00
0.000000000000000000e+00
5.735599999999999588e-01
0.000000000000000000e+00
0.000000000000000000e+00
0.000000000000000000e+00
1.098119999999999985e+00
0.000000000000000000e+00
1.150209999999999955e+00
0.000000000000000000e+00
0.000000000000000000e+00
5.574200000000000266e-01
0.000000000000000000e+00
0.000000000000000000e+00
6.297300000000000120e-01
0.000000000000000000e+00
1.940760000000000041e+00
0.000000000000000000e+00
0.000000000000000000e+00
0.000000000000000000e+00
0.000000000000000000e+00
4.917400000000000104e-01
0.000000000000000000e+00
0.000000000000000000e+00
0.000000000000000000e+00
0.000000000000000000e+00
4.730099999999999860e-01
0.000000000000000000e+00
8.787300000000000111e-01
0.000000000000000000e+00
0.000000000000000000e+00
0.000000000000000000e+00
0.000000000000000000e+00
8.159399999999999986e-01
0.000000000000000000e+00
0.000000000000000000e+00
1.385219999999999896e+00
0.000000000000000000e+00
0.000000000000000000e+00
0.000000000000000000e+00
9.210599999999999898e-01
0.000000000000000000e+00
0.000000000000000000e+00
5.674000000000000155e-01
0.000000000000000000e+00
0.000000000000000000e+00
4.263899999999999912e-01
0.000000000000000000e+00
0.000000000000000000e+00
7.842099999999999627e-01
0.000000000000000000e+00
0.000000000000000000e+00
0.000000000000000000e+00
5.677999999999999714e-01
0.000000000000000000e+00
0.000000000000000000e+00
0.000000000000000000e+00
0.000000000000000000e+00
5.882100000000000106e-01
0.000000000000000000e+00
0.000000000000000000e+00
0.000000000000000000e+00
0.000000000000000000e+00
0.000000000000000000e+00
0.000000000000000000e+00
0.000000000000000000e+00
0.000000000000000000e+00
0.000000000000000000e+00
0.000000000000000000e+00
0.000000000000000000e+00
0.000000000000000000e+00
0.000000000000000000e+00
0.000000000000000000e+00
0.000000000000000000e+00
0.000000000000000000e+00
0.000000000000000000e+00
0.000000000000000000e+00
0.000000000000000000e+00
0.000000000000000000e+00
0.000000000000000000e+00
0.000000000000000000e+00
0.000000000000000000e+00
0.000000000000000000e+00
1.941470000000000029e+00
0.000000000000000000e+00
0.000000000000000000e+00
0.000000000000000000e+00
5.924000000000000377e-01
0.000000000000000000e+00
0.000000000000000000e+00
0.000000000000000000e+00
5.773200000000000554e-01
0.000000000000000000e+00
0.000000000000000000e+00
0.000000000000000000e+00
0.000000000000000000e+00
6.672099999999999698e-01
0.000000000000000000e+00
0.000000000000000000e+00
0.000000000000000000e+00
0.000000000000000000e+00
7.299299999999999677e-01
0.000000000000000000e+00
0.000000000000000000e+00
5.201900000000000412e-01
0.000000000000000000e+00
0.000000000000000000e+00
4.612899999999999778e-01
0.000000000000000000e+00
0.000000000000000000e+00
0.000000000000000000e+00
0.000000000000000000e+00
0.000000000000000000e+00
0.000000000000000000e+00
8.745399999999999840e-01
0.000000000000000000e+00
1.051619999999999999e+00
0.000000000000000000e+00
0.000000000000000000e+00
1.060880000000000045e+00
0.000000000000000000e+00
0.000000000000000000e+00
6.502599999999999492e-01
0.000000000000000000e+00
0.000000000000000000e+00
1.200110000000000010e+00
0.000000000000000000e+00
0.000000000000000000e+00
0.000000000000000000e+00
1.055609999999999937e+00
0.000000000000000000e+00
0.000000000000000000e+00
0.000000000000000000e+00
0.000000000000000000e+00
1.675470000000000015e+00
0.000000000000000000e+00
0.000000000000000000e+00
5.903199999999999559e-01
0.000000000000000000e+00
9.324000000000000066e-01
0.000000000000000000e+00
0.000000000000000000e+00
0.000000000000000000e+00
1.013959999999999972e+00
0.000000000000000000e+00
0.000000000000000000e+00
7.653799999999999493e-01
0.000000000000000000e+00
1.936870000000000092e+00
0.000000000000000000e+00
1.043330000000000091e+00
0.000000000000000000e+00
0.000000000000000000e+00
1.106710000000000083e+00
0.000000000000000000e+00
0.000000000000000000e+00
0.000000000000000000e+00
0.000000000000000000e+00
9.665300000000000002e-01
0.000000000000000000e+00
0.000000000000000000e+00
6.098400000000000487e-01
0.000000000000000000e+00
0.000000000000000000e+00
0.000000000000000000e+00
0.000000000000000000e+00
1.936209999999999987e+00
0.000000000000000000e+00
0.000000000000000000e+00
0.000000000000000000e+00
5.641800000000000148e-01
0.000000000000000000e+00
0.000000000000000000e+00
0.000000000000000000e+00
5.474099999999999522e-01
0.000000000000000000e+00
6.040100000000000469e-01
0.000000000000000000e+00
0.000000000000000000e+00
0.000000000000000000e+00
0.000000000000000000e+00
7.842999999999999972e-01
0.000000000000000000e+00
5.968999999999999861e-01
0.000000000000000000e+00
0.000000000000000000e+00
0.000000000000000000e+00
0.000000000000000000e+00
0.000000000000000000e+00
5.383700000000000152e-01
0.000000000000000000e+00
0.000000000000000000e+00
0.000000000000000000e+00
1.422169999999999934e+00
0.000000000000000000e+00
1.594710000000000072e+00
0.000000000000000000e+00
0.000000000000000000e+00
5.779499999999999638e-01
0.000000000000000000e+00
9.063799999999999635e-01
0.000000000000000000e+00
7.890700000000000491e-01
0.000000000000000000e+00
0.000000000000000000e+00
8.632600000000000273e-01
0.000000000000000000e+00
0.000000000000000000e+00
0.000000000000000000e+00
0.000000000000000000e+00
9.135400000000000187e-01
0.000000000000000000e+00
1.676180000000000003e+00
0.000000000000000000e+00
0.000000000000000000e+00
0.000000000000000000e+00
8.152199999999999447e-01
0.000000000000000000e+00
0.000000000000000000e+00
0.000000000000000000e+00
0.000000000000000000e+00
6.023399999999999865e-01
0.000000000000000000e+00
0.000000000000000000e+00
8.203200000000000491e-01
0.000000000000000000e+00
0.000000000000000000e+00
9.656700000000000284e-01
0.000000000000000000e+00
0.000000000000000000e+00
0.000000000000000000e+00
0.000000000000000000e+00
7.123300000000000187e-01
0.000000000000000000e+00
0.000000000000000000e+00
0.000000000000000000e+00
6.332299999999999596e-01
0.000000000000000000e+00
0.000000000000000000e+00
0.000000000000000000e+00
0.000000000000000000e+00
5.224999999999999645e-01
0.000000000000000000e+00
0.000000000000000000e+00
0.000000000000000000e+00
0.000000000000000000e+00
1.153419999999999890e+00
0.000000000000000000e+00
5.431099999999999817e-01
0.000000000000000000e+00
0.000000000000000000e+00
0.000000000000000000e+00
4.286499999999999755e-01
0.000000000000000000e+00
0.000000000000000000e+00
0.000000000000000000e+00
4.452599999999999891e-01
0.000000000000000000e+00
0.000000000000000000e+00
0.000000000000000000e+00
0.000000000000000000e+00
9.103700000000000125e-01
0.000000000000000000e+00
6.069900000000000295e-01
0.000000000000000000e+00
0.000000000000000000e+00
6.609800000000000120e-01
0.000000000000000000e+00
0.000000000000000000e+00
0.000000000000000000e+00
6.666400000000000103e-01
0.000000000000000000e+00
0.000000000000000000e+00
0.000000000000000000e+00
0.000000000000000000e+00
0.000000000000000000e+00
5.164800000000000502e-01
0.000000000000000000e+00
0.000000000000000000e+00
0.000000000000000000e+00
0.000000000000000000e+00
1.187820000000000098e+00
0.000000000000000000e+00
0.000000000000000000e+00
6.077799999999999869e-01
0.000000000000000000e+00
0.000000000000000000e+00
0.000000000000000000e+00
5.974500000000000366e-01
0.000000000000000000e+00
6.709600000000000009e-01
0.000000000000000000e+00
6.010100000000000442e-01
0.000000000000000000e+00
0.000000000000000000e+00
0.000000000000000000e+00
6.714700000000000113e-01
0.000000000000000000e+00
0.000000000000000000e+00
5.542000000000000259e-01
0.000000000000000000e+00
0.000000000000000000e+00
0.000000000000000000e+00
5.274999999999999689e-01
0.000000000000000000e+00
0.000000000000000000e+00
0.000000000000000000e+00
9.690699999999999870e-01
0.000000000000000000e+00
1.022000000000000020e+00
0.000000000000000000e+00
5.561399999999999677e-01
0.000000000000000000e+00
7.655399999999999983e-01
0.000000000000000000e+00
0.000000000000000000e+00
5.833500000000000352e-01
0.000000000000000000e+00
0.000000000000000000e+00
6.447699999999999543e-01
0.000000000000000000e+00
0.000000000000000000e+00
0.000000000000000000e+00
0.000000000000000000e+00
6.127099999999999769e-01
0.000000000000000000e+00
0.000000000000000000e+00
0.000000000000000000e+00
1.936669999999999892e+00
0.000000000000000000e+00
0.000000000000000000e+00
1.573560000000000070e+00
0.000000000000000000e+00
7.284300000000000219e-01
0.000000000000000000e+00
0.000000000000000000e+00
0.000000000000000000e+00
0.000000000000000000e+00
5.045100000000000140e-01
0.000000000000000000e+00
0.000000000000000000e+00
5.982100000000000195e-01
0.000000000000000000e+00
0.000000000000000000e+00
0.000000000000000000e+00
6.462900000000000311e-01
0.000000000000000000e+00
0.000000000000000000e+00
1.183529999999999971e+00
0.000000000000000000e+00
0.000000000000000000e+00
8.724100000000000188e-01
0.000000000000000000e+00
0.000000000000000000e+00
0.000000000000000000e+00
1.447680000000000078e+00
0.000000000000000000e+00
0.000000000000000000e+00
5.477800000000000447e-01
0.000000000000000000e+00
0.000000000000000000e+00
0.000000000000000000e+00
6.028599999999999515e-01
0.000000000000000000e+00
0.000000000000000000e+00
0.000000000000000000e+00
0.000000000000000000e+00
0.000000000000000000e+00
0.000000000000000000e+00
0.000000000000000000e+00
0.000000000000000000e+00
0.000000000000000000e+00
0.000000000000000000e+00
0.000000000000000000e+00
0.000000000000000000e+00
0.000000000000000000e+00
0.000000000000000000e+00
0.000000000000000000e+00
0.000000000000000000e+00
0.000000000000000000e+00
0.000000000000000000e+00
0.000000000000000000e+00
0.000000000000000000e+00
0.000000000000000000e+00
6.115899999999999670e-01
0.000000000000000000e+00
0.000000000000000000e+00
0.000000000000000000e+00
5.186600000000000099e-01
0.000000000000000000e+00
5.346400000000000041e-01
0.000000000000000000e+00
0.000000000000000000e+00
7.618599999999999817e-01
0.000000000000000000e+00
0.000000000000000000e+00
0.000000000000000000e+00
1.145410000000000039e+00
0.000000000000000000e+00
0.000000000000000000e+00
6.266399999999999748e-01
0.000000000000000000e+00
0.000000000000000000e+00
7.113300000000000178e-01
0.000000000000000000e+00
0.000000000000000000e+00
5.910900000000000043e-01
0.000000000000000000e+00
0.000000000000000000e+00
0.000000000000000000e+00
5.427899999999999947e-01
0.000000000000000000e+00
0.000000000000000000e+00
9.751300000000000523e-01
0.000000000000000000e+00
5.661100000000000021e-01
0.000000000000000000e+00
0.000000000000000000e+00
0.000000000000000000e+00
6.285500000000000531e-01
0.000000000000000000e+00
0.000000000000000000e+00
9.825000000000000400e-01
0.000000000000000000e+00
0.000000000000000000e+00
0.000000000000000000e+00
5.180299999999999905e-01
0.000000000000000000e+00
6.338700000000000445e-01
0.000000000000000000e+00
0.000000000000000000e+00
0.000000000000000000e+00
1.097630000000000106e+00
0.000000000000000000e+00
0.000000000000000000e+00
0.000000000000000000e+00
0.000000000000000000e+00
4.715199999999999947e-01
0.000000000000000000e+00
0.000000000000000000e+00
5.442299999999999915e-01
0.000000000000000000e+00
0.000000000000000000e+00
0.000000000000000000e+00
1.941480000000000095e+00
0.000000000000000000e+00
0.000000000000000000e+00
0.000000000000000000e+00
8.191899999999999737e-01
0.000000000000000000e+00
1.231510000000000105e+00
0.000000000000000000e+00
5.821899999999999853e-01
0.000000000000000000e+00
8.976100000000000190e-01
0.000000000000000000e+00
0.000000000000000000e+00
0.000000000000000000e+00
6.106599999999999806e-01
0.000000000000000000e+00
0.000000000000000000e+00
0.000000000000000000e+00
5.637299999999999534e-01
0.000000000000000000e+00
0.000000000000000000e+00
0.000000000000000000e+00
1.314580000000000082e+00
0.000000000000000000e+00
1.159909999999999997e+00
0.000000000000000000e+00
0.000000000000000000e+00
0.000000000000000000e+00
1.354510000000000103e+00
0.000000000000000000e+00
0.000000000000000000e+00
0.000000000000000000e+00
0.000000000000000000e+00
0.000000000000000000e+00
0.000000000000000000e+00
6.572799999999999754e-01
0.000000000000000000e+00
1.352880000000000082e+00
0.000000000000000000e+00
5.601199999999999513e-01
0.000000000000000000e+00
5.696600000000000552e-01
0.000000000000000000e+00
0.000000000000000000e+00
0.000000000000000000e+00
0.000000000000000000e+00
5.818499999999999783e-01
0.000000000000000000e+00
0.000000000000000000e+00
6.177399999999999558e-01
0.000000000000000000e+00
1.617250000000000076e+00
0.000000000000000000e+00
6.187599999999999767e-01
0.000000000000000000e+00
0.000000000000000000e+00
0.000000000000000000e+00
6.252499999999999725e-01
0.000000000000000000e+00
0.000000000000000000e+00
6.887199999999999989e-01
0.000000000000000000e+00
0.000000000000000000e+00
6.880800000000000249e-01
0.000000000000000000e+00
0.000000000000000000e+00
1.033889999999999976e+00
0.000000000000000000e+00
8.068800000000000416e-01
0.000000000000000000e+00
0.000000000000000000e+00
8.022500000000000187e-01
0.000000000000000000e+00
0.000000000000000000e+00
0.000000000000000000e+00
5.345100000000000406e-01
0.000000000000000000e+00
7.641200000000000214e-01
0.000000000000000000e+00
0.000000000000000000e+00
5.746400000000000396e-01
0.000000000000000000e+00
0.000000000000000000e+00
6.670800000000000063e-01
0.000000000000000000e+00
0.000000000000000000e+00
6.302100000000000479e-01
0.000000000000000000e+00
5.647699999999999942e-01
0.000000000000000000e+00
0.000000000000000000e+00
0.000000000000000000e+00
0.000000000000000000e+00
5.892699999999999605e-01
0.000000000000000000e+00
0.000000000000000000e+00
0.000000000000000000e+00
0.000000000000000000e+00
0.000000000000000000e+00
6.857799999999999452e-01
0.000000000000000000e+00
0.000000000000000000e+00
0.000000000000000000e+00
1.781539999999999901e+00
0.000000000000000000e+00
0.000000000000000000e+00
0.000000000000000000e+00
0.000000000000000000e+00
0.000000000000000000e+00
5.530199999999999561e-01
0.000000000000000000e+00
0.000000000000000000e+00
5.522899999999999476e-01
0.000000000000000000e+00
6.229799999999999782e-01
0.000000000000000000e+00
0.000000000000000000e+00
0.000000000000000000e+00
0.000000000000000000e+00
5.856799999999999784e-01
0.000000000000000000e+00
0.000000000000000000e+00
4.953699999999999770e-01
0.000000000000000000e+00
5.043100000000000360e-01
0.000000000000000000e+00
9.881199999999999983e-01
0.000000000000000000e+00
0.000000000000000000e+00
6.550799999999999956e-01
0.000000000000000000e+00
0.000000000000000000e+00
6.139400000000000412e-01
0.000000000000000000e+00
0.000000000000000000e+00
0.000000000000000000e+00
8.143599999999999728e-01
0.000000000000000000e+00
6.859499999999999487e-01
0.000000000000000000e+00
0.000000000000000000e+00
1.186569999999999903e+00
0.000000000000000000e+00
0.000000000000000000e+00
0.000000000000000000e+00
7.705800000000000427e-01
0.000000000000000000e+00
0.000000000000000000e+00
0.000000000000000000e+00
0.000000000000000000e+00
5.262999999999999901e-01
0.000000000000000000e+00
5.911699999999999733e-01
0.000000000000000000e+00
0.000000000000000000e+00
0.000000000000000000e+00
1.937810000000000032e+00
0.000000000000000000e+00
0.000000000000000000e+00
9.540399999999999991e-01
0.000000000000000000e+00
0.000000000000000000e+00
0.000000000000000000e+00
1.915920000000000067e+00
0.000000000000000000e+00
0.000000000000000000e+00
0.000000000000000000e+00
1.316810000000000036e+00
0.000000000000000000e+00
6.304600000000000204e-01
0.000000000000000000e+00
0.000000000000000000e+00
5.931800000000000406e-01
0.000000000000000000e+00
0.000000000000000000e+00
0.000000000000000000e+00
6.314400000000000013e-01
0.000000000000000000e+00
0.000000000000000000e+00
0.000000000000000000e+00
0.000000000000000000e+00
5.320899999999999519e-01
0.000000000000000000e+00
5.222599999999999465e-01
0.000000000000000000e+00
6.571299999999999919e-01
0.000000000000000000e+00
6.995400000000000507e-01
0.000000000000000000e+00
0.000000000000000000e+00
4.653900000000000259e-01
0.000000000000000000e+00
0.000000000000000000e+00
0.000000000000000000e+00
1.938490000000000046e+00
0.000000000000000000e+00
0.000000000000000000e+00
6.299299999999999899e-01
0.000000000000000000e+00
0.000000000000000000e+00
0.000000000000000000e+00
0.000000000000000000e+00
0.000000000000000000e+00
0.000000000000000000e+00
0.000000000000000000e+00
0.000000000000000000e+00
0.000000000000000000e+00
0.000000000000000000e+00
0.000000000000000000e+00
0.000000000000000000e+00
0.000000000000000000e+00
0.000000000000000000e+00
0.000000000000000000e+00
0.000000000000000000e+00
0.000000000000000000e+00
0.000000000000000000e+00
0.000000000000000000e+00
0.000000000000000000e+00
0.000000000000000000e+00
6.756900000000000128e-01
0.000000000000000000e+00
0.000000000000000000e+00
0.000000000000000000e+00
0.000000000000000000e+00
4.827500000000000124e-01
0.000000000000000000e+00
6.198399999999999466e-01
0.000000000000000000e+00
0.000000000000000000e+00
0.000000000000000000e+00
0.000000000000000000e+00
9.126900000000000013e-01
0.000000000000000000e+00
6.365699999999999692e-01
0.000000000000000000e+00
0.000000000000000000e+00
0.000000000000000000e+00
7.220299999999999496e-01
0.000000000000000000e+00
0.000000000000000000e+00
0.000000000000000000e+00
5.952800000000000313e-01
0.000000000000000000e+00
0.000000000000000000e+00
0.000000000000000000e+00
0.000000000000000000e+00
0.000000000000000000e+00
5.655000000000000027e-01
0.000000000000000000e+00
0.000000000000000000e+00
8.212699999999999445e-01
0.000000000000000000e+00
0.000000000000000000e+00
0.000000000000000000e+00
0.000000000000000000e+00
5.670100000000000140e-01
0.000000000000000000e+00
0.000000000000000000e+00
0.000000000000000000e+00
5.057399999999999674e-01
0.000000000000000000e+00
0.000000000000000000e+00
5.974699999999999456e-01
0.000000000000000000e+00
5.664799999999999836e-01
0.000000000000000000e+00
0.000000000000000000e+00
0.000000000000000000e+00
0.000000000000000000e+00
9.707999999999999963e-01
0.000000000000000000e+00
0.000000000000000000e+00
0.000000000000000000e+00
0.000000000000000000e+00
0.000000000000000000e+00
0.000000000000000000e+00
5.454400000000000359e-01
0.000000000000000000e+00
0.000000000000000000e+00
0.000000000000000000e+00
5.493700000000000250e-01
0.000000000000000000e+00
0.000000000000000000e+00
1.035349999999999993e+00
0.000000000000000000e+00
0.000000000000000000e+00
5.369500000000000384e-01
0.000000000000000000e+00
0.000000000000000000e+00
0.000000000000000000e+00
0.000000000000000000e+00
0.000000000000000000e+00
7.011500000000000510e-01
0.000000000000000000e+00
0.000000000000000000e+00
5.854599999999999804e-01
0.000000000000000000e+00
0.000000000000000000e+00
7.236599999999999699e-01
0.000000000000000000e+00
0.000000000000000000e+00
0.000000000000000000e+00
1.041809999999999903e+00
0.000000000000000000e+00
6.748600000000000154e-01
0.000000000000000000e+00
1.516170000000000018e+00
0.000000000000000000e+00
8.029500000000000526e-01
0.000000000000000000e+00
0.000000000000000000e+00
0.000000000000000000e+00
0.000000000000000000e+00
6.158299999999999885e-01
0.000000000000000000e+00
5.769900000000000029e-01
0.000000000000000000e+00
0.000000000000000000e+00
0.000000000000000000e+00
5.974000000000000421e-01
0.000000000000000000e+00
0.000000000000000000e+00
5.263299999999999645e-01
0.000000000000000000e+00
0.000000000000000000e+00
8.140600000000000058e-01
0.000000000000000000e+00
0.000000000000000000e+00
0.000000000000000000e+00
9.847799999999999887e-01
0.000000000000000000e+00
0.000000000000000000e+00
0.000000000000000000e+00
0.000000000000000000e+00
0.000000000000000000e+00
6.226899999999999658e-01
0.000000000000000000e+00
0.000000000000000000e+00
0.000000000000000000e+00
7.084000000000000297e-01
0.000000000000000000e+00
6.337599999999999900e-01
0.000000000000000000e+00
0.000000000000000000e+00
5.386800000000000477e-01
0.000000000000000000e+00
0.000000000000000000e+00
0.000000000000000000e+00
0.000000000000000000e+00
0.000000000000000000e+00
5.943399999999999794e-01
0.000000000000000000e+00
0.000000000000000000e+00
6.586999999999999522e-01
0.000000000000000000e+00
0.000000000000000000e+00
0.000000000000000000e+00
6.216500000000000359e-01
0.000000000000000000e+00
0.000000000000000000e+00
0.000000000000000000e+00
0.000000000000000000e+00
5.885700000000000376e-01
0.000000000000000000e+00
6.021499999999999631e-01
0.000000000000000000e+00
0.000000000000000000e+00
5.666600000000000525e-01
0.000000000000000000e+00
0.000000000000000000e+00
0.000000000000000000e+00
0.000000000000000000e+00
6.777699999999999836e-01
0.000000000000000000e+00
0.000000000000000000e+00
0.000000000000000000e+00
0.000000000000000000e+00
0.000000000000000000e+00
0.000000000000000000e+00
0.000000000000000000e+00
9.118899999999999784e-01
0.000000000000000000e+00
6.504600000000000382e-01
0.000000000000000000e+00
5.806999999999999940e-01
0.000000000000000000e+00
5.836999999999999966e-01
0.000000000000000000e+00
9.561500000000000554e-01
0.000000000000000000e+00
0.000000000000000000e+00
5.910999999999999588e-01
0.000000000000000000e+00
0.000000000000000000e+00
0.000000000000000000e+00
0.000000000000000000e+00
0.000000000000000000e+00
4.849399999999999822e-01
0.000000000000000000e+00
5.291500000000000092e-01
0.000000000000000000e+00
5.950499999999999678e-01
0.000000000000000000e+00
0.000000000000000000e+00
0.000000000000000000e+00
5.312299999999999800e-01
0.000000000000000000e+00
1.121920000000000028e+00
0.000000000000000000e+00
0.000000000000000000e+00
0.000000000000000000e+00
5.862199999999999633e-01
0.000000000000000000e+00
7.014000000000000234e-01
0.000000000000000000e+00
0.000000000000000000e+00
0.000000000000000000e+00
0.000000000000000000e+00
5.877700000000000147e-01
0.000000000000000000e+00
0.000000000000000000e+00
0.000000000000000000e+00
0.000000000000000000e+00
0.000000000000000000e+00
0.000000000000000000e+00
7.912099999999999689e-01
0.000000000000000000e+00
0.000000000000000000e+00
0.000000000000000000e+00
8.243300000000000072e-01
0.000000000000000000e+00
0.000000000000000000e+00
5.961499999999999577e-01
0.000000000000000000e+00
0.000000000000000000e+00
0.000000000000000000e+00
5.584900000000000420e-01
0.000000000000000000e+00
0.000000000000000000e+00
4.990399999999999836e-01
0.000000000000000000e+00
0.000000000000000000e+00
0.000000000000000000e+00
0.000000000000000000e+00
0.000000000000000000e+00
5.901999999999999469e-01
0.000000000000000000e+00
5.525600000000000511e-01
0.000000000000000000e+00
0.000000000000000000e+00
5.810100000000000264e-01
0.000000000000000000e+00
0.000000000000000000e+00
0.000000000000000000e+00
0.000000000000000000e+00
9.684000000000000385e-01
0.000000000000000000e+00
0.000000000000000000e+00
0.000000000000000000e+00
0.000000000000000000e+00
4.509000000000000230e-01
0.000000000000000000e+00
0.000000000000000000e+00
6.335199999999999720e-01
0.000000000000000000e+00
6.410700000000000287e-01
0.000000000000000000e+00
1.191519999999999913e+00
0.000000000000000000e+00
7.765699999999999825e-01
0.000000000000000000e+00
7.875799999999999468e-01
0.000000000000000000e+00
0.000000000000000000e+00
5.855000000000000204e-01
0.000000000000000000e+00
0.000000000000000000e+00
6.283800000000000496e-01
0.000000000000000000e+00
0.000000000000000000e+00
5.096000000000000529e-01
0.000000000000000000e+00
0.000000000000000000e+00
6.023399999999999865e-01
0.000000000000000000e+00
0.000000000000000000e+00
0.000000000000000000e+00
6.294600000000000195e-01
0.000000000000000000e+00
6.771000000000000352e-01
0.000000000000000000e+00
0.000000000000000000e+00
1.787050000000000027e+00
0.000000000000000000e+00
0.000000000000000000e+00
6.801700000000000523e-01
0.000000000000000000e+00
0.000000000000000000e+00
0.000000000000000000e+00
0.000000000000000000e+00
7.510400000000000409e-01
0.000000000000000000e+00
0.000000000000000000e+00
0.000000000000000000e+00
0.000000000000000000e+00
0.000000000000000000e+00
0.000000000000000000e+00
0.000000000000000000e+00
0.000000000000000000e+00
0.000000000000000000e+00
0.000000000000000000e+00
0.000000000000000000e+00
0.000000000000000000e+00
0.000000000000000000e+00
0.000000000000000000e+00
0.000000000000000000e+00
0.000000000000000000e+00
0.000000000000000000e+00
0.000000000000000000e+00
0.000000000000000000e+00
0.000000000000000000e+00
0.000000000000000000e+00
0.000000000000000000e+00
0.000000000000000000e+00
8.363099999999999978e-01
0.000000000000000000e+00
0.000000000000000000e+00
6.166599999999999859e-01
0.000000000000000000e+00
0.000000000000000000e+00
5.618999999999999551e-01
0.000000000000000000e+00
0.000000000000000000e+00
0.000000000000000000e+00
4.894700000000000162e-01
0.000000000000000000e+00
0.000000000000000000e+00
0.000000000000000000e+00
0.000000000000000000e+00
6.271999999999999797e-01
0.000000000000000000e+00
0.000000000000000000e+00
6.981399999999999828e-01
0.000000000000000000e+00
0.000000000000000000e+00
0.000000000000000000e+00
7.102600000000000025e-01
0.000000000000000000e+00
0.000000000000000000e+00
0.000000000000000000e+00
6.483100000000000529e-01
0.000000000000000000e+00
0.000000000000000000e+00
6.382600000000000495e-01
0.000000000000000000e+00
6.293299999999999450e-01
0.000000000000000000e+00
8.241899999999999782e-01
0.000000000000000000e+00
0.000000000000000000e+00
0.000000000000000000e+00
6.207599999999999785e-01
0.000000000000000000e+00
5.899199999999999999e-01
0.000000000000000000e+00
0.000000000000000000e+00
0.000000000000000000e+00
0.000000000000000000e+00
1.045719999999999983e+00
0.000000000000000000e+00
0.000000000000000000e+00
0.000000000000000000e+00
0.000000000000000000e+00
8.726099999999999968e-01
0.000000000000000000e+00
0.000000000000000000e+00
7.652700000000000058e-01
0.000000000000000000e+00
1.188830000000000053e+00
0.000000000000000000e+00
6.823799999999999866e-01
0.000000000000000000e+00
0.000000000000000000e+00
0.000000000000000000e+00
0.000000000000000000e+00
5.348199999999999621e-01
0.000000000000000000e+00
0.000000000000000000e+00
7.512600000000000389e-01
0.000000000000000000e+00
0.000000000000000000e+00
1.016960000000000086e+00
0.000000000000000000e+00
0.000000000000000000e+00
5.518899999999999917e-01
0.000000000000000000e+00
0.000000000000000000e+00
7.204899999999999638e-01
0.000000000000000000e+00
0.000000000000000000e+00
9.072799999999999754e-01
0.000000000000000000e+00
0.000000000000000000e+00
0.000000000000000000e+00
0.000000000000000000e+00
0.000000000000000000e+00
0.000000000000000000e+00
9.983400000000000052e-01
0.000000000000000000e+00
0.000000000000000000e+00
0.000000000000000000e+00
0.000000000000000000e+00
8.391999999999999460e-01
0.000000000000000000e+00
0.000000000000000000e+00
0.000000000000000000e+00
1.014850000000000030e+00
0.000000000000000000e+00
0.000000000000000000e+00
7.493699999999999806e-01
0.000000000000000000e+00
1.000559999999999894e+00
0.000000000000000000e+00
0.000000000000000000e+00
7.234599999999999920e-01
0.000000000000000000e+00
0.000000000000000000e+00
5.718299999999999494e-01
0.000000000000000000e+00
0.000000000000000000e+00
0.000000000000000000e+00
0.000000000000000000e+00
0.000000000000000000e+00
1.934339999999999948e+00
0.000000000000000000e+00
5.913500000000000423e-01
0.000000000000000000e+00
1.077530000000000099e+00
0.000000000000000000e+00
5.320500000000000229e-01
0.000000000000000000e+00
0.000000000000000000e+00
4.898299999999999876e-01
0.000000000000000000e+00
0.000000000000000000e+00
1.364640000000000075e+00
0.000000000000000000e+00
0.000000000000000000e+00
5.479100000000000081e-01
0.000000000000000000e+00
0.000000000000000000e+00
0.000000000000000000e+00
0.000000000000000000e+00
6.972099999999999964e-01
0.000000000000000000e+00
0.000000000000000000e+00
0.000000000000000000e+00
1.127410000000000023e+00
0.000000000000000000e+00
1.182080000000000020e+00
0.000000000000000000e+00
0.000000000000000000e+00
0.000000000000000000e+00
5.191400000000000459e-01
0.000000000000000000e+00
1.136479999999999935e+00
0.000000000000000000e+00
0.000000000000000000e+00
0.000000000000000000e+00
4.685099999999999820e-01
0.000000000000000000e+00
1.183599999999999985e+00
0.000000000000000000e+00
0.000000000000000000e+00
0.000000000000000000e+00
0.000000000000000000e+00
0.000000000000000000e+00
1.135720000000000063e+00
0.000000000000000000e+00
1.374889999999999946e+00
0.000000000000000000e+00
0.000000000000000000e+00
0.000000000000000000e+00
5.869799999999999462e-01
0.000000000000000000e+00
1.033989999999999965e+00
0.000000000000000000e+00
0.000000000000000000e+00
0.000000000000000000e+00
0.000000000000000000e+00
0.000000000000000000e+00
0.000000000000000000e+00
1.024389999999999912e+00
0.000000000000000000e+00
0.000000000000000000e+00
0.000000000000000000e+00
5.574700000000000211e-01
0.000000000000000000e+00
0.000000000000000000e+00
0.000000000000000000e+00
4.851500000000000257e-01
0.000000000000000000e+00
0.000000000000000000e+00
9.523500000000000298e-01
0.000000000000000000e+00
0.000000000000000000e+00
1.178620000000000001e+00
0.000000000000000000e+00
1.169569999999999999e+00
0.000000000000000000e+00
0.000000000000000000e+00
1.278250000000000108e+00
0.000000000000000000e+00
0.000000000000000000e+00
0.000000000000000000e+00
0.000000000000000000e+00
7.958600000000000119e-01
0.000000000000000000e+00
8.639299999999999757e-01
0.000000000000000000e+00
0.000000000000000000e+00
0.000000000000000000e+00
0.000000000000000000e+00
1.105690000000000062e+00
0.000000000000000000e+00
0.000000000000000000e+00
0.000000000000000000e+00
7.435199999999999587e-01
0.000000000000000000e+00
7.331900000000000084e-01
0.000000000000000000e+00
0.000000000000000000e+00
0.000000000000000000e+00
0.000000000000000000e+00
6.479399999999999604e-01
0.000000000000000000e+00
0.000000000000000000e+00
0.000000000000000000e+00
0.000000000000000000e+00
0.000000000000000000e+00
6.799699999999999633e-01
0.000000000000000000e+00
0.000000000000000000e+00
0.000000000000000000e+00
0.000000000000000000e+00
1.011759999999999993e+00
0.000000000000000000e+00
0.000000000000000000e+00
6.531900000000000484e-01
0.000000000000000000e+00
1.242180000000000062e+00
0.000000000000000000e+00
0.000000000000000000e+00
6.345399999999999929e-01
0.000000000000000000e+00
0.000000000000000000e+00
1.017749999999999932e+00
0.000000000000000000e+00
0.000000000000000000e+00
0.000000000000000000e+00
0.000000000000000000e+00
4.530899999999999928e-01
0.000000000000000000e+00
7.228599999999999470e-01
0.000000000000000000e+00
0.000000000000000000e+00
6.354800000000000448e-01
0.000000000000000000e+00
0.000000000000000000e+00
1.933840000000000003e+00
0.000000000000000000e+00
0.000000000000000000e+00
0.000000000000000000e+00
5.315400000000000125e-01
0.000000000000000000e+00
5.833000000000000407e-01
0.000000000000000000e+00
0.000000000000000000e+00
5.883300000000000196e-01
0.000000000000000000e+00
6.442200000000000149e-01
0.000000000000000000e+00
5.554999999999999938e-01
0.000000000000000000e+00
6.688399999999999901e-01
0.000000000000000000e+00
0.000000000000000000e+00
0.000000000000000000e+00
0.000000000000000000e+00
9.164600000000000524e-01
0.000000000000000000e+00
0.000000000000000000e+00
6.880399999999999849e-01
0.000000000000000000e+00
0.000000000000000000e+00
0.000000000000000000e+00
0.000000000000000000e+00
0.000000000000000000e+00
0.000000000000000000e+00
0.000000000000000000e+00
0.000000000000000000e+00
0.000000000000000000e+00
0.000000000000000000e+00
0.000000000000000000e+00
0.000000000000000000e+00
0.000000000000000000e+00
