0.000000000000000000e+00
0.000000000000000000e+00
0.000000000000000000e+00
0.000000000000000000e+00
0.000000000000000000e+00
0.000000000000000000e+00
0.000000000000000000e+00
0.000000000000000000e+00
0.000000000000000000e+00
0.000000000000000000e+00
8.135999999999999899e-01
0.000000000000000000e+00
5.061799999999999633e-01
0.000000000000000000e+00
0.000000000000000000e+00
5.540100000000000025e-01
0.000000000000000000e+00
0.000000000000000000e+00
8.872200000000000086e-01
0.000000000000000000e+00
4.979500000000000037e-01
0.000000000000000000e+00
0.000000000000000000e+00
0.000000000000000000e+00
5.739499999999999602e-01
0.000000000000000000e+00
0.000000000000000000e+00
0.000000000000000000e+00
5.411200000000000454e-01
0.000000000000000000e+00
0.000000000000000000e+00
4.918000000000000149e-01
0.000000000000000000e+00
0.000000000000000000e+00
0.000000000000000000e+00
1.108039999999999914e+00
0.000000000000000000e+00
5.274699999999999944e-01
0.000000000000000000e+00
0.000000000000000000e+00
7.426700000000000523e-01
0.000000000000000000e+00
7.163500000000000423e-01
0.000000000000000000e+00
6.342299999999999605e-01
0.000000000000000000e+00
0.000000000000000000e+00
0.000000000000000000e+00
0.000000000000000000e+00
4.312699999999999867e-01
0.000000000000000000e+00
0.000000000000000000e+00
0.000000000000000000e+00
7.569500000000000117e-01
0.000000000000000000e+00
5.534000000000000030e-01
0.000000000000000000e+00
0.000000000000000000e+00
5.057899999999999618e-01
0.000000000000000000e+00
0.000000000000000000e+00
0.000000000000000000e+00
1.009849999999999914e+00
0.000000000000000000e+00
0.000000000000000000e+00
0.000000000000000000e+00
5.349300000000000166e-01
0.000000000000000000e+00
0.000000000000000000e+00
0.000000000000000000e+00
0.000000000000000000e+00
0.000000000000000000e+00
0.000000000000000000e+00
7.912299999999999889e-01
0.000000000000000000e+00
0.000000000000000000e+00
0.000000000000000000e+00
6.213499999999999579e-01
0.000000000000000000e+00
0.000000000000000000e+00
0.000000000000000000e+00
5.737799999999999567e-01
0.000000000000000000e+00
0.000000000000000000e+00
5.400500000000000300e-01
0.000000000000000000e+00
5.488899999999999890e-01
0.000000000000000000e+00
0.000000000000000000e+00
0.000000000000000000e+00
5.100500000000000034e-01
0.000000000000000000e+00
0.000000000000000000e+00
0.000000000000000000e+00
0.000000000000000000e+00
5.290500000000000203e-01
0.000000000000000000e+00
0.000000000000000000e+00
0.000000000000000000e+00
0.000000000000000000e+00
0.000000000000000000e+00
4.137899999999999912e-01
0.000000000000000000e+00
0.000000000000000000e+00
0.000000000000000000e+00
0.000000000000000000e+00
6.077099999999999724e-01
0.000000000000000000e+00
0.000000000000000000e+00
0.000000000000000000e+00
0.000000000000000000e+00
1.056009999999999893e+00
0.000000000000000000e+00
6.390099999999999669e-01
0.000000000000000000e+00
6.679100000000000037e-01
0.000000000000000000e+00
0.000000000000000000e+00
0.000000000000000000e+00
7.011899999999999800e-01
0.000000000000000000e+00
0.000000000000000000e+00
5.518600000000000172e-01
0.000000000000000000e+00
0.000000000000000000e+00
0.000000000000000000e+00
4.941200000000000037e-01
0.000000000000000000e+00
0.000000000000000000e+00
5.874800000000000022e-01
0.000000000000000000e+00
0.000000000000000000e+00
0.000000000000000000e+00
1.700000000000000122e-04
0.000000000000000000e+00
0.000000000000000000e+00
5.702700000000000546e-01
0.000000000000000000e+00
0.000000000000000000e+00
0.000000000000000000e+00
7.589799999999999880e-01
0.000000000000000000e+00
0.000000000000000000e+00
0.000000000000000000e+00
0.000000000000000000e+00
5.967299999999999827e-01
0.000000000000000000e+00
0.000000000000000000e+00
0.000000000000000000e+00
1.285809999999999897e+00
0.000000000000000000e+00
0.000000000000000000e+00
0.000000000000000000e+00
6.638899999999999801e-01
0.000000000000000000e+00
0.000000000000000000e+00
0.000000000000000000e+00
0.000000000000000000e+00
5.948299999999999699e-01
0.000000000000000000e+00
0.000000000000000000e+00
1.180509999999999948e+00
0.000000000000000000e+00
0.000000000000000000e+00
0.000000000000000000e+00
0.000000000000000000e+00
5.643599999999999728e-01
0.000000000000000000e+00
0.000000000000000000e+00
0.000000000000000000e+00
5.195600000000000218e-01
0.000000000000000000e+00
5.210200000000000387e-01
0.000000000000000000e+00
0.000000000000000000e+00
0.000000000000000000e+00
5.838200000000000056e-01
0.000000000000000000e+00
0.000000000000000000e+00
5.795500000000000096e-01
0.000000000000000000e+00
0.000000000000000000e+00
8.742600000000000371e-01
0.000000000000000000e+00
0.000000000000000000e+00
5.959900000000000198e-01
0.000000000000000000e+00
0.000000000000000000e+00
0.000000000000000000e+00
6.325899999999999856e-01
0.000000000000000000e+00
0.000000000000000000e+00
0.000000000000000000e+00
5.890800000000000480e-01
0.000000000000000000e+00
0.000000000000000000e+00
0.000000000000000000e+00
0.000000000000000000e+00
8.967600000000000016e-01
0.000000000000000000e+00
1.045690000000000008e+00
0.000000000000000000e+00
0.000000000000000000e+00
5.351799999999999891e-01
0.000000000000000000e+00
1.249530000000000030e+00
0.000000000000000000e+00
0.000000000000000000e+00
0.000000000000000000e+00
0.000000000000000000e+00
0.000000000000000000e+00
0.000000000000000000e+00
8.735100000000000087e-01
0.000000000000000000e+00
0.000000000000000000e+00
0.000000000000000000e+00
0.000000000000000000e+00
6.238899999999999446e-01
0.000000000000000000e+00
0.000000000000000000e+00
0.000000000000000000e+00
0.000000000000000000e+00
1.183240000000000069e+00
0.000000000000000000e+00
0.000000000000000000e+00
0.000000000000000000e+00
5.936599999999999655e-01
0.000000000000000000e+00
0.000000000000000000e+00
5.622399999999999620e-01
0.000000000000000000e+00
5.482700000000000351e-01
0.000000000000000000e+00
0.000000000000000000e+00
0.000000000000000000e+00
0.000000000000000000e+00
0.000000000000000000e+00
0.000000000000000000e+00
0.000000000000000000e+00
6.653099999999999570e-01
0.000000000000000000e+00
0.000000000000000000e+00
1.172930000000000028e+00
0.000000000000000000e+00
0.000000000000000000e+00
9.347999999999999643e-01
0.000000000000000000e+00
0.000000000000000000e+00
6.514100000000000446e-01
0.000000000000000000e+00
5.167100000000000026e-01
0.000000000000000000e+00
0.000000000000000000e+00
0.000000000000000000e+00
6.310200000000000253e-01
0.000000000000000000e+00
0.000000000000000000e+00
0.000000000000000000e+00
0.000000000000000000e+00
5.462599999999999678e-01
0.000000000000000000e+00
0.000000000000000000e+00
0.000000000000000000e+00
1.302189999999999959e+00
0.000000000000000000e+00
0.000000000000000000e+00
5.172400000000000331e-01
0.000000000000000000e+00
0.000000000000000000e+00
5.999600000000000488e-01
0.000000000000000000e+00
0.000000000000000000e+00
6.443799999999999528e-01
0.000000000000000000e+00
0.000000000000000000e+00
0.000000000000000000e+00
0.000000000000000000e+00
6.056599999999999762e-01
0.000000000000000000e+00
0.000000000000000000e+00
6.173600000000000199e-01
0.000000000000000000e+00
0.000000000000000000e+00
0.000000000000000000e+00
1.111169999999999991e+00
0.000000000000000000e+00
0.000000000000000000e+00
5.777900000000000258e-01
0.000000000000000000e+00
0.000000000000000000e+00
0.000000000000000000e+00
0.000000000000000000e+00
6.297399999999999665e-01
0.000000000000000000e+00
0.000000000000000000e+00
0.000000000000000000e+00
0.000000000000000000e+00
0.000000000000000000e+00
5.751800000000000246e-01
0.000000000000000000e+00
9.344000000000000083e-01
0.000000000000000000e+00
0.000000000000000000e+00
0.000000000000000000e+00
0.000000000000000000e+00
0.000000000000000000e+00
0.000000000000000000e+00
0.000000000000000000e+00
0.000000000000000000e+00
0.000000000000000000e+00
0.000000000000000000e+00
0.000000000000000000e+00
0.000000000000000000e+00
0.000000000000000000e+00
0.000000000000000000e+00
0.000000000000000000e+00
0.000000000000000000e+00
0.000000000000000000e+00
0.000000000000000000e+00
0.000000000000000000e+00
0.000000000000000000e+00
0.000000000000000000e+00
0.000000000000000000e+00
0.000000000000000000e+00
0.000000000000000000e+00
0.000000000000000000e+00
0.000000000000000000e+00
1.102430000000000021e+00
0.000000000000000000e+00
0.000000000000000000e+00
7.238999999999999879e-01
0.000000000000000000e+00
6.145599999999999952e-01
0.000000000000000000e+00
0.000000000000000000e+00
0.000000000000000000e+00
0.000000000000000000e+00
5.584099999999999620e-01
0.000000000000000000e+00
5.739499999999999602e-01
0.000000000000000000e+00
0.000000000000000000e+00
7.038100000000000467e-01
0.000000000000000000e+00
0.000000000000000000e+00
0.000000000000000000e+00
8.920099999999999696e-01
0.000000000000000000e+00
0.000000000000000000e+00
5.272499999999999964e-01
0.000000000000000000e+00
0.000000000000000000e+00
0.000000000000000000e+00
5.873599999999999932e-01
0.000000000000000000e+00
6.619599999999999929e-01
0.000000000000000000e+00
0.000000000000000000e+00
0.000000000000000000e+00
6.829300000000000370e-01
0.000000000000000000e+00
1.487309999999999910e+00
0.000000000000000000e+00
5.954599999999999893e-01
0.000000000000000000e+00
0.000000000000000000e+00
0.000000000000000000e+00
0.000000000000000000e+00
5.740600000000000147e-01
0.000000000000000000e+00
0.000000000000000000e+00
0.000000000000000000e+00
0.000000000000000000e+00
6.278099999999999792e-01
0.000000000000000000e+00
9.424099999999999699e-01
0.000000000000000000e+00
8.044299999999999784e-01
0.000000000000000000e+00
5.204299999999999482e-01
0.000000000000000000e+00
0.000000000000000000e+00
0.000000000000000000e+00
5.444700000000000095e-01
0.000000000000000000e+00
9.571899999999999853e-01
0.000000000000000000e+00
0.000000000000000000e+00
0.000000000000000000e+00
5.617100000000000426e-01
0.000000000000000000e+00
0.000000000000000000e+00
5.153400000000000203e-01
0.000000000000000000e+00
4.680400000000000116e-01
0.000000000000000000e+00
0.000000000000000000e+00
8.016499999999999737e-01
0.000000000000000000e+00
0.000000000000000000e+00
6.337500000000000355e-01
0.000000000000000000e+00
0.000000000000000000e+00
8.925400000000000000e-01
0.000000000000000000e+00
0.000000000000000000e+00
0.000000000000000000e+00
0.000000000000000000e+00
0.000000000000000000e+00
0.000000000000000000e+00
5.452500000000000124e-01
0.000000000000000000e+00
0.000000000000000000e+00
8.687500000000000222e-01
0.000000000000000000e+00
4.847199999999999842e-01
0.000000000000000000e+00
6.407000000000000473e-01
0.000000000000000000e+00
5.594000000000000083e-01
0.000000000000000000e+00
0.000000000000000000e+00
0.000000000000000000e+00
0.000000000000000000e+00
6.111799999999999455e-01
0.000000000000000000e+00
0.000000000000000000e+00
5.165300000000000447e-01
0.000000000000000000e+00
0.000000000000000000e+00
5.247000000000000552e-01
0.000000000000000000e+00
0.000000000000000000e+00
0.000000000000000000e+00
0.000000000000000000e+00
0.000000000000000000e+00
7.729300000000000059e-01
0.000000000000000000e+00
6.954599999999999671e-01
0.000000000000000000e+00
5.379899999999999682e-01
0.000000000000000000e+00
5.485200000000000076e-01
0.000000000000000000e+00
6.135300000000000198e-01
0.000000000000000000e+00
0.000000000000000000e+00
5.804099999999999815e-01
0.000000000000000000e+00
0.000000000000000000e+00
0.000000000000000000e+00
5.538999999999999480e-01
0.000000000000000000e+00
0.000000000000000000e+00
0.000000000000000000e+00
0.000000000000000000e+00
8.504300000000000193e-01
0.000000000000000000e+00
0.000000000000000000e+00
1.175380000000000091e+00
0.000000000000000000e+00
0.000000000000000000e+00
0.000000000000000000e+00
5.721600000000000019e-01
0.000000000000000000e+00
0.000000000000000000e+00
0.000000000000000000e+00
0.000000000000000000e+00
0.000000000000000000e+00
5.865500000000000158e-01
0.000000000000000000e+00
6.289500000000000091e-01
0.000000000000000000e+00
0.000000000000000000e+00
0.000000000000000000e+00
6.944000000000000172e-01
0.000000000000000000e+00
0.000000000000000000e+00
5.562300000000000022e-01
0.000000000000000000e+00
8.982200000000000184e-01
0.000000000000000000e+00
0.000000000000000000e+00
6.045500000000000318e-01
0.000000000000000000e+00
0.000000000000000000e+00
5.593599999999999683e-01
0.000000000000000000e+00
1.522659999999999902e+00
0.000000000000000000e+00
0.000000000000000000e+00
0.000000000000000000e+00
9.811999999999999611e-01
0.000000000000000000e+00
0.000000000000000000e+00
0.000000000000000000e+00
6.136800000000000033e-01
0.000000000000000000e+00
0.000000000000000000e+00
0.000000000000000000e+00
5.633099999999999774e-01
0.000000000000000000e+00
0.000000000000000000e+00
0.000000000000000000e+00
0.000000000000000000e+00
0.000000000000000000e+00
7.095500000000000140e-01
0.000000000000000000e+00
7.273899999999999810e-01
0.000000000000000000e+00
7.379200000000000204e-01
0.000000000000000000e+00
5.254900000000000126e-01
0.000000000000000000e+00
0.000000000000000000e+00
0.000000000000000000e+00
0.000000000000000000e+00
0.000000000000000000e+00
0.000000000000000000e+00
6.208900000000000530e-01
0.000000000000000000e+00
0.000000000000000000e+00
0.000000000000000000e+00
6.123300000000000409e-01
0.000000000000000000e+00
0.000000000000000000e+00
5.733700000000000463e-01
0.000000000000000000e+00
5.734700000000000353e-01
0.000000000000000000e+00
0.000000000000000000e+00
0.000000000000000000e+00
0.000000000000000000e+00
7.742999999999999883e-01
0.000000000000000000e+00
0.000000000000000000e+00
0.000000000000000000e+00
1.044740000000000002e+00
0.000000000000000000e+00
6.366899999999999782e-01
0.000000000000000000e+00
0.000000000000000000e+00
1.047250000000000014e+00
0.000000000000000000e+00
0.000000000000000000e+00
5.920699999999999852e-01
0.000000000000000000e+00
7.975200000000000067e-01
0.000000000000000000e+00
0.000000000000000000e+00
0.000000000000000000e+00
0.000000000000000000e+00
1.143829999999999902e+00
0.000000000000000000e+00
0.000000000000000000e+00
0.000000000000000000e+00
0.000000000000000000e+00
6.112999999999999545e-01
0.000000000000000000e+00
8.021500000000000297e-01
0.000000000000000000e+00
0.000000000000000000e+00
0.000000000000000000e+00
0.000000000000000000e+00
1.551700000000000079e+00
0.000000000000000000e+00
0.000000000000000000e+00
5.749199999999999866e-01
0.000000000000000000e+00
0.000000000000000000e+00
0.000000000000000000e+00
7.754499999999999726e-01
0.000000000000000000e+00
0.000000000000000000e+00
1.024720000000000075e+00
0.000000000000000000e+00
0.000000000000000000e+00
5.211700000000000221e-01
0.000000000000000000e+00
0.000000000000000000e+00
1.152670000000000083e+00
0.000000000000000000e+00
0.000000000000000000e+00
0.000000000000000000e+00
8.002299999999999969e-01
0.000000000000000000e+00
0.000000000000000000e+00
0.000000000000000000e+00
0.000000000000000000e+00
6.429599999999999760e-01
0.000000000000000000e+00
0.000000000000000000e+00
0.000000000000000000e+00
0.000000000000000000e+00
0.000000000000000000e+00
0.000000000000000000e+00
0.000000000000000000e+00
0.000000000000000000e+00
0.000000000000000000e+00
0.000000000000000000e+00
0.000000000000000000e+00
0.000000000000000000e+00
0.000000000000000000e+00
0.000000000000000000e+00
0.000000000000000000e+00
0.000000000000000000e+00
0.000000000000000000e+00
0.000000000000000000e+00
0.000000000000000000e+00
0.000000000000000000e+00
0.000000000000000000e+00
0.000000000000000000e+00
0.000000000000000000e+00
0.000000000000000000e+00
5.766799999999999704e-01
0.000000000000000000e+00
0.000000000000000000e+00
0.000000000000000000e+00
5.100200000000000289e-01
0.000000000000000000e+00
0.000000000000000000e+00
0.000000000000000000e+00
8.589299999999999713e-01
0.000000000000000000e+00
0.000000000000000000e+00
0.000000000000000000e+00
0.000000000000000000e+00
4.963000000000000189e-01
0.000000000000000000e+00
0.000000000000000000e+00
0.000000000000000000e+00
0.000000000000000000e+00
5.839900000000000091e-01
0.000000000000000000e+00
0.000000000000000000e+00
7.554999999999999494e-01
0.000000000000000000e+00
0.000000000000000000e+00
5.863300000000000178e-01
0.000000000000000000e+00
0.000000000000000000e+00
0.000000000000000000e+00
0.000000000000000000e+00
0.000000000000000000e+00
0.000000000000000000e+00
5.602500000000000258e-01
0.000000000000000000e+00
9.216800000000000548e-01
0.000000000000000000e+00
0.000000000000000000e+00
6.896700000000000053e-01
0.000000000000000000e+00
0.000000000000000000e+00
5.693099999999999827e-01
0.000000000000000000e+00
0.000000000000000000e+00
5.827700000000000102e-01
0.000000000000000000e+00
0.000000000000000000e+00
0.000000000000000000e+00
8.442499999999999449e-01
0.000000000000000000e+00
0.000000000000000000e+00
0.000000000000000000e+00
0.000000000000000000e+00
6.527899999999999814e-01
0.000000000000000000e+00
0.000000000000000000e+00
7.363100000000000200e-01
0.000000000000000000e+00
6.269700000000000273e-01
0.000000000000000000e+00
0.000000000000000000e+00
0.000000000000000000e+00
5.596299999999999608e-01
0.000000000000000000e+00
0.000000000000000000e+00
6.500599999999999712e-01
0.000000000000000000e+00
5.704599999999999671e-01
0.000000000000000000e+00
7.721099999999999630e-01
0.000000000000000000e+00
0.000000000000000000e+00
7.952700000000000324e-01
0.000000000000000000e+00
0.000000000000000000e+00
0.000000000000000000e+00
0.000000000000000000e+00
9.750600000000000378e-01
0.000000000000000000e+00
0.000000000000000000e+00
1.159210000000000074e+00
0.000000000000000000e+00
0.000000000000000000e+00
0.000000000000000000e+00
0.000000000000000000e+00
7.454199999999999715e-01
0.000000000000000000e+00
0.000000000000000000e+00
0.000000000000000000e+00
6.754799999999999693e-01
0.000000000000000000e+00
0.000000000000000000e+00
0.000000000000000000e+00
5.819800000000000528e-01
0.000000000000000000e+00
8.264599999999999724e-01
0.000000000000000000e+00
0.000000000000000000e+00
0.000000000000000000e+00
0.000000000000000000e+00
1.157909999999999995e+00
0.000000000000000000e+00
4.993199999999999861e-01
0.000000000000000000e+00
0.000000000000000000e+00
0.000000000000000000e+00
0.000000000000000000e+00
0.000000000000000000e+00
5.950800000000000534e-01
0.000000000000000000e+00
0.000000000000000000e+00
0.000000000000000000e+00
6.350599999999999579e-01
0.000000000000000000e+00
6.742799999999999905e-01
0.000000000000000000e+00
0.000000000000000000e+00
7.339799999999999658e-01
0.000000000000000000e+00
6.370200000000000307e-01
0.000000000000000000e+00
6.296399999999999775e-01
0.000000000000000000e+00
0.000000000000000000e+00
5.958599999999999453e-01
0.000000000000000000e+00
0.000000000000000000e+00
0.000000000000000000e+00
0.000000000000000000e+00
6.331400000000000361e-01
0.000000000000000000e+00
1.050999999999999934e+00
0.000000000000000000e+00
0.000000000000000000e+00
0.000000000000000000e+00
5.839400000000000146e-01
0.000000000000000000e+00
0.000000000000000000e+00
0.000000000000000000e+00
0.000000000000000000e+00
9.008300000000000196e-01
0.000000000000000000e+00
0.000000000000000000e+00
5.720699999999999674e-01
0.000000000000000000e+00
0.000000000000000000e+00
7.569000000000000172e-01
0.000000000000000000e+00
0.000000000000000000e+00
0.000000000000000000e+00
0.000000000000000000e+00
6.527300000000000324e-01
0.000000000000000000e+00
0.000000000000000000e+00
0.000000000000000000e+00
8.844499999999999584e-01
0.000000000000000000e+00
0.000000000000000000e+00
0.000000000000000000e+00
0.000000000000000000e+00
5.736799999999999677e-01
0.000000000000000000e+00
0.000000000000000000e+00
0.000000000000000000e+00
0.000000000000000000e+00
5.989499999999999824e-01
0.000000000000000000e+00
5.059299999999999908e-01
0.000000000000000000e+00
0.000000000000000000e+00
0.000000000000000000e+00
6.601700000000000346e-01
0.000000000000000000e+00
0.000000000000000000e+00
0.000000000000000000e+00
5.297300000000000342e-01
0.000000000000000000e+00
0.000000000000000000e+00
0.000000000000000000e+00
0.000000000000000000e+00
5.194999999999999618e-01
0.000000000000000000e+00
5.710300000000000376e-01
0.000000000000000000e+00
0.000000000000000000e+00
6.209599999999999564e-01
0.000000000000000000e+00
0.000000000000000000e+00
0.000000000000000000e+00
5.495999999999999774e-01
0.000000000000000000e+00
0.000000000000000000e+00
0.000000000000000000e+00
0.000000000000000000e+00
0.000000000000000000e+00
8.935800000000000409e-01
0.000000000000000000e+00
0.000000000000000000e+00
0.000000000000000000e+00
0.000000000000000000e+00
5.765299999999999869e-01
0.000000000000000000e+00
0.000000000000000000e+00
1.066319999999999935e+00
0.000000000000000000e+00
0.000000000000000000e+00
0.000000000000000000e+00
6.535100000000000353e-01
0.000000000000000000e+00
7.265000000000000346e-01
0.000000000000000000e+00
4.740400000000000169e-01
0.000000000000000000e+00
0.000000000000000000e+00
0.000000000000000000e+00
7.070699999999999763e-01
0.000000000000000000e+00
0.000000000000000000e+00
8.054499999999999993e-01
0.000000000000000000e+00
0.000000000000000000e+00
0.000000000000000000e+00
5.226800000000000335e-01
0.000000000000000000e+00
0.000000000000000000e+00
0.000000000000000000e+00
6.286199999999999566e-01
0.000000000000000000e+00
7.251900000000000013e-01
0.000000000000000000e+00
5.525499999999999856e-01
0.000000000000000000e+00
5.764000000000000234e-01
0.000000000000000000e+00
0.000000000000000000e+00
6.124600000000000044e-01
0.000000000000000000e+00
0.000000000000000000e+00
5.673700000000000410e-01
0.000000000000000000e+00
0.000000000000000000e+00
0.000000000000000000e+00
0.000000000000000000e+00
5.316600000000000215e-01
0.000000000000000000e+00
0.000000000000000000e+00
0.000000000000000000e+00
6.067700000000000315e-01
0.000000000000000000e+00
0.000000000000000000e+00
5.835399999999999476e-01
0.000000000000000000e+00
5.541000000000000369e-01
0.000000000000000000e+00
0.000000000000000000e+00
0.000000000000000000e+00
0.000000000000000000e+00
5.689199999999999813e-01
0.000000000000000000e+00
0.000000000000000000e+00
7.144300000000000095e-01
0.000000000000000000e+00
0.000000000000000000e+00
0.000000000000000000e+00
5.089599999999999680e-01
0.000000000000000000e+00
0.000000000000000000e+00
5.706799999999999651e-01
0.000000000000000000e+00
0.000000000000000000e+00
9.619600000000000373e-01
0.000000000000000000e+00
0.000000000000000000e+00
0.000000000000000000e+00
6.845599999999999463e-01
0.000000000000000000e+00
0.000000000000000000e+00
6.304100000000000259e-01
0.000000000000000000e+00
0.000000000000000000e+00
0.000000000000000000e+00
6.020400000000000196e-01
0.000000000000000000e+00
0.000000000000000000e+00
0.000000000000000000e+00
0.000000000000000000e+00
0.000000000000000000e+00
0.000000000000000000e+00
0.000000000000000000e+00
0.000000000000000000e+00
0.000000000000000000e+00
0.000000000000000000e+00
0.000000000000000000e+00
0.000000000000000000e+00
0.000000000000000000e+00
0.000000000000000000e+00
0.000000000000000000e+00
0.000000000000000000e+00
0.000000000000000000e+00
0.000000000000000000e+00
0.000000000000000000e+00
0.000000000000000000e+00
0.000000000000000000e+00
9.203000000000000069e-01
0.000000000000000000e+00
0.000000000000000000e+00
0.000000000000000000e+00
5.185199999999999809e-01
0.000000000000000000e+00
9.555099999999999705e-01
0.000000000000000000e+00
0.000000000000000000e+00
4.718300000000000272e-01
0.000000000000000000e+00
0.000000000000000000e+00
0.000000000000000000e+00
5.788900000000000157e-01
0.000000000000000000e+00
0.000000000000000000e+00
4.583200000000000052e-01
0.000000000000000000e+00
0.000000000000000000e+00
9.232500000000000151e-01
0.000000000000000000e+00
0.000000000000000000e+00
4.629300000000000082e-01
0.000000000000000000e+00
0.000000000000000000e+00
0.000000000000000000e+00
5.820600000000000218e-01
0.000000000000000000e+00
0.000000000000000000e+00
4.377300000000000080e-01
0.000000000000000000e+00
6.423100000000000476e-01
0.000000000000000000e+00
0.000000000000000000e+00
0.000000000000000000e+00
5.953800000000000203e-01
0.000000000000000000e+00
0.000000000000000000e+00
5.503799999999999804e-01
0.000000000000000000e+00
0.000000000000000000e+00
0.000000000000000000e+00
8.609900000000000331e-01
0.000000000000000000e+00
5.698600000000000332e-01
0.000000000000000000e+00
0.000000000000000000e+00
0.000000000000000000e+00
1.117839999999999945e+00
0.000000000000000000e+00
0.000000000000000000e+00
0.000000000000000000e+00
0.000000000000000000e+00
6.507699999999999596e-01
0.000000000000000000e+00
0.000000000000000000e+00
4.770699999999999941e-01
0.000000000000000000e+00
0.000000000000000000e+00
0.000000000000000000e+00
1.068810000000000038e+00
0.000000000000000000e+00
0.000000000000000000e+00
0.000000000000000000e+00
1.175370000000000026e+00
0.000000000000000000e+00
9.383299999999999974e-01
0.000000000000000000e+00
5.533900000000000485e-01
0.000000000000000000e+00
7.254000000000000448e-01
0.000000000000000000e+00
0.000000000000000000e+00
0.000000000000000000e+00
6.100299999999999612e-01
0.000000000000000000e+00
0.000000000000000000e+00
0.000000000000000000e+00
7.207999999999999963e-01
0.000000000000000000e+00
0.000000000000000000e+00
0.000000000000000000e+00
8.366999999999999993e-01
0.000000000000000000e+00
6.057099999999999707e-01
0.000000000000000000e+00
0.000000000000000000e+00
0.000000000000000000e+00
5.488600000000000145e-01
0.000000000000000000e+00
0.000000000000000000e+00
0.000000000000000000e+00
0.000000000000000000e+00
0.000000000000000000e+00
0.000000000000000000e+00
5.762899999999999689e-01
0.000000000000000000e+00
5.263099999999999445e-01
0.000000000000000000e+00
4.968199999999999839e-01
0.000000000000000000e+00
5.888600000000000501e-01
0.000000000000000000e+00
0.000000000000000000e+00
0.000000000000000000e+00
0.000000000000000000e+00
6.023100000000000120e-01
0.000000000000000000e+00
0.000000000000000000e+00
1.121070000000000011e+00
0.000000000000000000e+00
6.082300000000000484e-01
0.000000000000000000e+00
8.742900000000000116e-01
0.000000000000000000e+00
0.000000000000000000e+00
0.000000000000000000e+00
6.642500000000000071e-01
0.000000000000000000e+00
0.000000000000000000e+00
1.360470000000000068e+00
0.000000000000000000e+00
0.000000000000000000e+00
1.087869999999999893e+00
0.000000000000000000e+00
0.000000000000000000e+00
7.241100000000000314e-01
0.000000000000000000e+00
5.743300000000000072e-01
0.000000000000000000e+00
0.000000000000000000e+00
9.295600000000000529e-01
0.000000000000000000e+00
0.000000000000000000e+00
0.000000000000000000e+00
7.052500000000000435e-01
0.000000000000000000e+00
7.816499999999999559e-01
0.000000000000000000e+00
0.000000000000000000e+00
5.554499999999999993e-01
0.000000000000000000e+00
0.000000000000000000e+00
5.698199999999999932e-01
0.000000000000000000e+00
0.000000000000000000e+00
6.167599999999999749e-01
0.000000000000000000e+00
5.543500000000000094e-01
0.000000000000000000e+00
0.000000000000000000e+00
0.000000000000000000e+00
0.000000000000000000e+00
6.144399999999999862e-01
0.000000000000000000e+00
0.000000000000000000e+00
0.000000000000000000e+00
0.000000000000000000e+00
0.000000000000000000e+00
6.895000000000000018e-01
0.000000000000000000e+00
0.000000000000000000e+00
0.000000000000000000e+00
6.362999999999999767e-01
0.000000000000000000e+00
0.000000000000000000e+00
0.000000000000000000e+00
0.000000000000000000e+00
0.000000000000000000e+00
6.074100000000000055e-01
0.000000000000000000e+00
0.000000000000000000e+00
5.077700000000000546e-01
0.000000000000000000e+00
6.905700000000000172e-01
0.000000000000000000e+00
0.000000000000000000e+00
0.000000000000000000e+00
0.000000000000000000e+00
7.460099999999999509e-01
0.000000000000000000e+00
0.000000000000000000e+00
6.627999999999999448e-01
0.000000000000000000e+00
5.772899999999999698e-01
0.000000000000000000e+00
6.593999999999999861e-01
0.000000000000000000e+00
0.000000000000000000e+00
6.181699999999999973e-01
0.000000000000000000e+00
0.000000000000000000e+00
8.259699999999999820e-01
0.000000000000000000e+00
0.000000000000000000e+00
0.000000000000000000e+00
5.615799999999999681e-01
0.000000000000000000e+00
5.545799999999999619e-01
0.000000000000000000e+00
0.000000000000000000e+00
5.721699999999999564e-01
0.000000000000000000e+00
0.000000000000000000e+00
0.000000000000000000e+00
6.325699999999999656e-01
0.000000000000000000e+00
0.000000000000000000e+00
0.000000000000000000e+00
0.000000000000000000e+00
6.164199999999999680e-01
0.000000000000000000e+00
5.719199999999999839e-01
0.000000000000000000e+00
0.000000000000000000e+00
0.000000000000000000e+00
5.937000000000000055e-01
0.000000000000000000e+00
0.000000000000000000e+00
1.621860000000000079e+00
0.000000000000000000e+00
0.000000000000000000e+00
0.000000000000000000e+00
7.876400000000000068e-01
0.000000000000000000e+00
0.000000000000000000e+00
0.000000000000000000e+00
6.316199999999999593e-01
0.000000000000000000e+00
9.936300000000000132e-01
0.000000000000000000e+00
0.000000000000000000e+00
5.518399999999999972e-01
0.000000000000000000e+00
0.000000000000000000e+00
0.000000000000000000e+00
9.115100000000000424e-01
0.000000000000000000e+00
0.000000000000000000e+00
0.000000000000000000e+00
0.000000000000000000e+00
5.383299999999999752e-01
0.000000000000000000e+00
4.949100000000000166e-01
0.000000000000000000e+00
5.865799999999999903e-01
0.000000000000000000e+00
5.749499999999999611e-01
0.000000000000000000e+00
0.000000000000000000e+00
6.023100000000000120e-01
0.000000000000000000e+00
0.000000000000000000e+00
0.000000000000000000e+00
1.102440000000000087e+00
0.000000000000000000e+00
0.000000000000000000e+00
1.424379999999999979e+00
0.000000000000000000e+00
0.000000000000000000e+00
0.000000000000000000e+00
0.000000000000000000e+00
0.000000000000000000e+00
0.000000000000000000e+00
0.000000000000000000e+00
0.000000000000000000e+00
0.000000000000000000e+00
0.000000000000000000e+00
0.000000000000000000e+00
0.000000000000000000e+00
0.000000000000000000e+00
0.000000000000000000e+00
0.000000000000000000e+00
0.000000000000000000e+00
0.000000000000000000e+00
0.000000000000000000e+00
0.000000000000000000e+00
0.000000000000000000e+00
0.000000000000000000e+00
7.049999999999999600e-01
0.000000000000000000e+00
0.000000000000000000e+00
0.000000000000000000e+00
0.000000000000000000e+00
5.616600000000000481e-01
0.000000000000000000e+00
1.618400000000000061e+00
0.000000000000000000e+00
0.000000000000000000e+00
0.000000000000000000e+00
0.000000000000000000e+00
4.034699999999999953e-01
0.000000000000000000e+00
9.487900000000000222e-01
0.000000000000000000e+00
0.000000000000000000e+00
0.000000000000000000e+00
4.518199999999999994e-01
0.000000000000000000e+00
0.000000000000000000e+00
0.000000000000000000e+00
6.448500000000000343e-01
0.000000000000000000e+00
0.000000000000000000e+00
0.000000000000000000e+00
0.000000000000000000e+00
0.000000000000000000e+00
5.432599999999999651e-01
0.000000000000000000e+00
0.000000000000000000e+00
6.540700000000000403e-01
0.000000000000000000e+00
0.000000000000000000e+00
0.000000000000000000e+00
0.000000000000000000e+00
9.246499999999999719e-01
0.000000000000000000e+00
0.000000000000000000e+00
0.000000000000000000e+00
8.646599999999999842e-01
0.000000000000000000e+00
0.000000000000000000e+00
7.600000000000000089e-01
0.000000000000000000e+00
1.298869999999999969e+00
0.000000000000000000e+00
0.000000000000000000e+00
0.000000000000000000e+00
0.000000000000000000e+00
5.151299999999999768e-01
0.000000000000000000e+00
0.000000000000000000e+00
0.000000000000000000e+00
0.000000000000000000e+00
0.000000000000000000e+00
0.000000000000000000e+00
6.394600000000000284e-01
0.000000000000000000e+00
0.000000000000000000e+00
0.000000000000000000e+00
5.818299999999999583e-01
0.000000000000000000e+00
0.000000000000000000e+00
5.257899999999999796e-01
0.000000000000000000e+00
0.000000000000000000e+00
1.160800000000000054e+00
0.000000000000000000e+00
0.000000000000000000e+00
0.000000000000000000e+00
0.000000000000000000e+00
0.000000000000000000e+00
5.911399999999999988e-01
0.000000000000000000e+00
0.000000000000000000e+00
5.053900000000000059e-01
0.000000000000000000e+00
0.000000000000000000e+00
8.126799999999999580e-01
0.000000000000000000e+00
0.000000000000000000e+00
0.000000000000000000e+00
7.443199999999999816e-01
0.000000000000000000e+00
6.157500000000000195e-01
0.000000000000000000e+00
7.686100000000000154e-01
0.000000000000000000e+00
5.500800000000000134e-01
0.000000000000000000e+00
0.000000000000000000e+00
0.000000000000000000e+00
0.000000000000000000e+00
7.159600000000000408e-01
0.000000000000000000e+00
6.307800000000000074e-01
0.000000000000000000e+00
0.000000000000000000e+00
0.000000000000000000e+00
5.719499999999999584e-01
0.000000000000000000e+00
0.000000000000000000e+00
5.472500000000000142e-01
0.000000000000000000e+00
0.000000000000000000e+00
6.866200000000000081e-01
0.000000000000000000e+00
0.000000000000000000e+00
0.000000000000000000e+00
8.972900000000000320e-01
0.000000000000000000e+00
0.000000000000000000e+00
0.000000000000000000e+00
0.000000000000000000e+00
0.000000000000000000e+00
6.514199999999999990e-01
0.000000000000000000e+00
0.000000000000000000e+00
0.000000000000000000e+00
7.417500000000000204e-01
0.000000000000000000e+00
1.696110000000000007e+00
0.000000000000000000e+00
0.000000000000000000e+00
6.306899999999999729e-01
0.000000000000000000e+00
0.000000000000000000e+00
0.000000000000000000e+00
0.000000000000000000e+00
0.000000000000000000e+00
6.213899999999999979e-01
0.000000000000000000e+00
0.000000000000000000e+00
5.580800000000000205e-01
0.000000000000000000e+00
0.000000000000000000e+00
0.000000000000000000e+00
6.697400000000000020e-01
0.000000000000000000e+00
0.000000000000000000e+00
0.000000000000000000e+00
0.000000000000000000e+00
8.151399999999999757e-01
0.000000000000000000e+00
6.114000000000000545e-01
0.000000000000000000e+00
0.000000000000000000e+00
4.520100000000000229e-01
0.000000000000000000e+00
0.000000000000000000e+00
0.000000000000000000e+00
0.000000000000000000e+00
8.208400000000000141e-01
0.000000000000000000e+00
0.000000000000000000e+00
0.000000000000000000e+00
0.000000000000000000e+00
0.000000000000000000e+00
0.000000000000000000e+00
0.000000000000000000e+00
5.679899999999999949e-01
0.000000000000000000e+00
5.200900000000000523e-01
0.000000000000000000e+00
6.051100000000000367e-01
0.000000000000000000e+00
7.085799999999999876e-01
0.000000000000000000e+00
7.216599999999999682e-01
0.000000000000000000e+00
0.000000000000000000e+00
1.163480000000000070e+00
0.000000000000000000e+00
0.000000000000000000e+00
0.000000000000000000e+00
0.000000000000000000e+00
0.000000000000000000e+00
6.754400000000000404e-01
0.000000000000000000e+00
6.108599999999999586e-01
0.000000000000000000e+00
6.158099999999999685e-01
0.000000000000000000e+00
0.000000000000000000e+00
0.000000000000000000e+00
5.997900000000000453e-01
0.000000000000000000e+00
1.005309999999999926e+00
0.000000000000000000e+00
0.000000000000000000e+00
0.000000000000000000e+00
5.344799999999999551e-01
0.000000000000000000e+00
5.656299999999999661e-01
0.000000000000000000e+00
0.000000000000000000e+00
0.000000000000000000e+00
0.000000000000000000e+00
7.879899999999999682e-01
0.000000000000000000e+00
0.000000000000000000e+00
0.000000000000000000e+00
0.000000000000000000e+00
0.000000000000000000e+00
0.000000000000000000e+00
1.171370000000000022e+00
0.000000000000000000e+00
0.000000000000000000e+00
0.000000000000000000e+00
6.037000000000000144e-01
0.000000000000000000e+00
0.000000000000000000e+00
6.732700000000000351e-01
0.000000000000000000e+00
0.000000000000000000e+00
0.000000000000000000e+00
6.188000000000000167e-01
0.000000000000000000e+00
0.000000000000000000e+00
5.534099999999999575e-01
0.000000000000000000e+00
0.000000000000000000e+00
0.000000000000000000e+00
0.000000000000000000e+00
0.000000000000000000e+00
1.299960000000000004e+00
0.000000000000000000e+00
6.099700000000000122e-01
0.000000000000000000e+00
0.000000000000000000e+00
5.606700000000000017e-01
0.000000000000000000e+00
0.000000000000000000e+00
0.000000000000000000e+00
0.000000000000000000e+00
6.625799999999999468e-01
0.000000000000000000e+00
0.000000000000000000e+00
0.000000000000000000e+00
0.000000000000000000e+00
1.206550000000000011e+00
0.000000000000000000e+00
0.000000000000000000e+00
6.560399999999999565e-01
0.000000000000000000e+00
8.255700000000000260e-01
0.000000000000000000e+00
1.526699999999999946e+00
0.000000000000000000e+00
8.166099999999999470e-01
0.000000000000000000e+00
6.486899999999999888e-01
0.000000000000000000e+00
0.000000000000000000e+00
1.684970000000000079e+00
0.000000000000000000e+00
0.000000000000000000e+00
6.312999999999999723e-01
0.000000000000000000e+00
0.000000000000000000e+00
7.021399999999999864e-01
0.000000000000000000e+00
0.000000000000000000e+00
6.809500000000000552e-01
0.000000000000000000e+00
0.000000000000000000e+00
0.000000000000000000e+00
5.824500000000000233e-01
0.000000000000000000e+00
6.456699999999999662e-01
0.000000000000000000e+00
0.000000000000000000e+00
9.710499999999999687e-01
0.000000000000000000e+00
0.000000000000000000e+00
7.067299999999999693e-01
0.000000000000000000e+00
0.000000000000000000e+00
0.000000000000000000e+00
0.000000000000000000e+00
1.941999999999999948e+00
0.000000000000000000e+00
0.000000000000000000e+00
0.000000000000000000e+00
0.000000000000000000e+00
0.000000000000000000e+00
0.000000000000000000e+00
0.000000000000000000e+00
0.000000000000000000e+00
0.000000000000000000e+00
0.000000000000000000e+00
0.000000000000000000e+00
0.000000000000000000e+00
0.000000000000000000e+00
0.000000000000000000e+00
0.000000000000000000e+00
0.000000000000000000e+00
0.000000000000000000e+00
0.000000000000000000e+00
0.000000000000000000e+00
0.000000000000000000e+00
0.000000000000000000e+00
0.000000000000000000e+00
0.000000000000000000e+00
6.306800000000000184e-01
0.000000000000000000e+00
0.000000000000000000e+00
8.328900000000000192e-01
0.000000000000000000e+00
0.000000000000000000e+00
5.893599999999999950e-01
0.000000000000000000e+00
0.000000000000000000e+00
0.000000000000000000e+00
9.240399999999999725e-01
0.000000000000000000e+00
0.000000000000000000e+00
0.000000000000000000e+00
0.000000000000000000e+00
4.408199999999999896e-01
0.000000000000000000e+00
0.000000000000000000e+00
6.421799999999999731e-01
0.000000000000000000e+00
0.000000000000000000e+00
0.000000000000000000e+00
6.332200000000000051e-01
0.000000000000000000e+00
0.000000000000000000e+00
0.000000000000000000e+00
7.943500000000000005e-01
0.000000000000000000e+00
0.000000000000000000e+00
6.970600000000000129e-01
0.000000000000000000e+00
5.716200000000000170e-01
0.000000000000000000e+00
6.812200000000000477e-01
0.000000000000000000e+00
0.000000000000000000e+00
0.000000000000000000e+00
5.522899999999999476e-01
0.000000000000000000e+00
6.901500000000000412e-01
0.000000000000000000e+00
0.000000000000000000e+00
0.000000000000000000e+00
0.000000000000000000e+00
6.112400000000000055e-01
0.000000000000000000e+00
0.000000000000000000e+00
0.000000000000000000e+00
0.000000000000000000e+00
5.100400000000000489e-01
0.000000000000000000e+00
0.000000000000000000e+00
5.882699999999999596e-01
0.000000000000000000e+00
8.108699999999999797e-01
0.000000000000000000e+00
6.429000000000000270e-01
0.000000000000000000e+00
0.000000000000000000e+00
0.000000000000000000e+00
0.000000000000000000e+00
5.706099999999999506e-01
0.000000000000000000e+00
0.000000000000000000e+00
9.052499999999999991e-01
0.000000000000000000e+00
0.000000000000000000e+00
6.649300000000000210e-01
0.000000000000000000e+00
0.000000000000000000e+00
7.088400000000000256e-01
0.000000000000000000e+00
0.000000000000000000e+00
6.210799999999999654e-01
0.000000000000000000e+00
0.000000000000000000e+00
5.853500000000000369e-01
0.000000000000000000e+00
0.000000000000000000e+00
0.000000000000000000e+00
0.000000000000000000e+00
0.000000000000000000e+00
0.000000000000000000e+00
6.262900000000000134e-01
0.000000000000000000e+00
0.000000000000000000e+00
0.000000000000000000e+00
0.000000000000000000e+00
6.086500000000000243e-01
0.000000000000000000e+00
0.000000000000000000e+00
0.000000000000000000e+00
5.370599999999999818e-01
0.000000000000000000e+00
0.000000000000000000e+00
6.374600000000000266e-01
0.000000000000000000e+00
1.092070000000000096e+00
0.000000000000000000e+00
0.000000000000000000e+00
5.413499999999999979e-01
0.000000000000000000e+00
0.000000000000000000e+00
1.033290000000000042e+00
0.000000000000000000e+00
0.000000000000000000e+00
0.000000000000000000e+00
0.000000000000000000e+00
0.000000000000000000e+00
5.394299999999999651e-01
0.000000000000000000e+00
8.550400000000000222e-01
0.000000000000000000e+00
6.818499999999999561e-01
0.000000000000000000e+00
6.892099999999999893e-01
0.000000000000000000e+00
0.000000000000000000e+00
6.356899999999999773e-01
0.000000000000000000e+00
0.000000000000000000e+00
6.114899999999999780e-01
0.000000000000000000e+00
0.000000000000000000e+00
6.094100000000000072e-01
0.000000000000000000e+00
0.000000000000000000e+00
0.000000000000000000e+00
0.000000000000000000e+00
1.149610000000000021e+00
0.000000000000000000e+00
0.000000000000000000e+00
0.000000000000000000e+00
7.563699999999999868e-01
0.000000000000000000e+00
6.630200000000000538e-01
0.000000000000000000e+00
0.000000000000000000e+00
0.000000000000000000e+00
6.539099999999999913e-01
0.000000000000000000e+00
9.196199999999999930e-01
0.000000000000000000e+00
0.000000000000000000e+00
0.000000000000000000e+00
5.775599999999999623e-01
0.000000000000000000e+00
7.500099999999999545e-01
0.000000000000000000e+00
0.000000000000000000e+00
0.000000000000000000e+00
0.000000000000000000e+00
0.000000000000000000e+00
7.124099999999999877e-01
0.000000000000000000e+00
5.689400000000000013e-01
0.000000000000000000e+00
0.000000000000000000e+00
0.000000000000000000e+00
5.738900000000000112e-01
0.000000000000000000e+00
6.003500000000000503e-01
0.000000000000000000e+00
0.000000000000000000e+00
0.000000000000000000e+00
0.000000000000000000e+00
0.000000000000000000e+00
0.000000000000000000e+00
6.367599999999999927e-01
0.000000000000000000e+00
0.000000000000000000e+00
0.000000000000000000e+00
6.378300000000000081e-01
0.000000000000000000e+00
0.000000000000000000e+00
0.000000000000000000e+00
8.314599999999999769e-01
0.000000000000000000e+00
0.000000000000000000e+00
8.967800000000000216e-01
0.000000000000000000e+00
0.000000000000000000e+00
6.771300000000000097e-01
0.000000000000000000e+00
6.255699999999999594e-01
0.000000000000000000e+00
0.000000000000000000e+00
5.975099999999999856e-01
0.000000000000000000e+00
0.000000000000000000e+00
0.000000000000000000e+00
0.000000000000000000e+00
5.673599999999999755e-01
0.000000000000000000e+00
5.938299999999999690e-01
0.000000000000000000e+00
0.000000000000000000e+00
0.000000000000000000e+00
0.000000000000000000e+00
6.617100000000000204e-01
0.000000000000000000e+00
0.000000000000000000e+00
0.000000000000000000e+00
6.747900000000000009e-01
0.000000000000000000e+00
9.089399999999999702e-01
0.000000000000000000e+00
0.000000000000000000e+00
0.000000000000000000e+00
0.000000000000000000e+00
7.203500000000000458e-01
0.000000000000000000e+00
0.000000000000000000e+00
0.000000000000000000e+00
0.000000000000000000e+00
0.000000000000000000e+00
1.398460000000000036e+00
0.000000000000000000e+00
0.000000000000000000e+00
0.000000000000000000e+00
0.000000000000000000e+00
5.922399999999999887e-01
0.000000000000000000e+00
0.000000000000000000e+00
7.235800000000000010e-01
0.000000000000000000e+00
8.157499999999999751e-01
0.000000000000000000e+00
0.000000000000000000e+00
5.809100000000000374e-01
0.000000000000000000e+00
0.000000000000000000e+00
7.382600000000000273e-01
0.000000000000000000e+00
0.000000000000000000e+00
0.000000000000000000e+00
0.000000000000000000e+00
7.899599999999999955e-01
0.000000000000000000e+00
5.526100000000000456e-01
0.000000000000000000e+00
0.000000000000000000e+00
5.995200000000000529e-01
0.000000000000000000e+00
0.000000000000000000e+00
8.517000000000000126e-01
0.000000000000000000e+00
0.000000000000000000e+00
0.000000000000000000e+00
5.724599999999999689e-01
0.000000000000000000e+00
5.026800000000000157e-01
0.000000000000000000e+00
0.000000000000000000e+00
7.176599999999999646e-01
0.000000000000000000e+00
8.292100000000000026e-01
0.000000000000000000e+00
5.786099999999999577e-01
0.000000000000000000e+00
4.828700000000000214e-01
0.000000000000000000e+00
0.000000000000000000e+00
0.000000000000000000e+00
0.000000000000000000e+00
6.163300000000000445e-01
0.000000000000000000e+00
0.000000000000000000e+00
8.658900000000000485e-01
0.000000000000000000e+00
0.000000000000000000e+00
0.000000000000000000e+00
0.000000000000000000e+00
0.000000000000000000e+00
0.000000000000000000e+00
0.000000000000000000e+00
0.000000000000000000e+00
0.000000000000000000e+00
0.000000000000000000e+00
0.000000000000000000e+00
0.000000000000000000e+00
0.000000000000000000e+00
