0.000000000000000000e+00
0.000000000000000000e+00
0.000000000000000000e+00
0.000000000000000000e+00
0.000000000000000000e+00
0.000000000000000000e+00
0.000000000000000000e+00
0.000000000000000000e+00
0.000000000000000000e+00
0.000000000000000000e+00
1.233770000000000033e+00
0.000000000000000000e+00
0.000000000000000000e+00
6.936499999999999888e-01
0.000000000000000000e+00
0.000000000000000000e+00
0.000000000000000000e+00
8.306499999999999995e-01
0.000000000000000000e+00
6.473200000000000065e-01
0.000000000000000000e+00
0.000000000000000000e+00
0.000000000000000000e+00
4.957300000000000040e-01
0.000000000000000000e+00
6.663299999999999779e-01
0.000000000000000000e+00
0.000000000000000000e+00
7.862900000000000444e-01
0.000000000000000000e+00
6.942700000000000538e-01
0.000000000000000000e+00
0.000000000000000000e+00
0.000000000000000000e+00
1.554599999999999982e+00
0.000000000000000000e+00
0.000000000000000000e+00
0.000000000000000000e+00
6.443400000000000238e-01
0.000000000000000000e+00
0.000000000000000000e+00
0.000000000000000000e+00
6.019999999999999796e-01
0.000000000000000000e+00
0.000000000000000000e+00
9.279500000000000526e-01
0.000000000000000000e+00
5.526999999999999691e-01
0.000000000000000000e+00
0.000000000000000000e+00
5.112700000000000022e-01
0.000000000000000000e+00
0.000000000000000000e+00
7.820899999999999519e-01
0.000000000000000000e+00
0.000000000000000000e+00
0.000000000000000000e+00
0.000000000000000000e+00
0.000000000000000000e+00
6.640000000000000346e-01
0.000000000000000000e+00
0.000000000000000000e+00
6.366699999999999582e-01
0.000000000000000000e+00
0.000000000000000000e+00
0.000000000000000000e+00
0.000000000000000000e+00
0.000000000000000000e+00
0.000000000000000000e+00
8.058600000000000207e-01
0.000000000000000000e+00
0.000000000000000000e+00
1.113459999999999894e+00
0.000000000000000000e+00
0.000000000000000000e+00
6.171799999999999509e-01
0.000000000000000000e+00
0.000000000000000000e+00
0.000000000000000000e+00
6.166099999999999914e-01
0.000000000000000000e+00
1.120929999999999982e+00
0.000000000000000000e+00
0.000000000000000000e+00
7.749800000000000022e-01
0.000000000000000000e+00
0.000000000000000000e+00
0.000000000000000000e+00
8.496799999999999908e-01
0.000000000000000000e+00
0.000000000000000000e+00
0.000000000000000000e+00
8.849799999999999889e-01
0.000000000000000000e+00
0.000000000000000000e+00
6.139999999999999902e-01
0.000000000000000000e+00
0.000000000000000000e+00
6.392400000000000304e-01
0.000000000000000000e+00
0.000000000000000000e+00
0.000000000000000000e+00
4.874600000000000044e-01
0.000000000000000000e+00
0.000000000000000000e+00
0.000000000000000000e+00
0.000000000000000000e+00
0.000000000000000000e+00
0.000000000000000000e+00
0.000000000000000000e+00
5.976399999999999491e-01
0.000000000000000000e+00
7.954599999999999449e-01
0.000000000000000000e+00
8.317099999999999493e-01
0.000000000000000000e+00
8.061099999999999932e-01
0.000000000000000000e+00
0.000000000000000000e+00
5.890800000000000480e-01
0.000000000000000000e+00
0.000000000000000000e+00
6.564600000000000435e-01
0.000000000000000000e+00
0.000000000000000000e+00
0.000000000000000000e+00
0.000000000000000000e+00
0.000000000000000000e+00
9.080799999999999983e-01
0.000000000000000000e+00
0.000000000000000000e+00
5.641000000000000458e-01
0.000000000000000000e+00
1.158169999999999922e+00
0.000000000000000000e+00
5.427400000000000002e-01
0.000000000000000000e+00
0.000000000000000000e+00
0.000000000000000000e+00
0.000000000000000000e+00
5.455900000000000194e-01
0.000000000000000000e+00
0.000000000000000000e+00
5.296999999999999487e-01
0.000000000000000000e+00
0.000000000000000000e+00
0.000000000000000000e+00
0.000000000000000000e+00
7.490400000000000391e-01
0.000000000000000000e+00
0.000000000000000000e+00
6.148700000000000276e-01
0.000000000000000000e+00
0.000000000000000000e+00
1.229600000000000026e+00
0.000000000000000000e+00
1.071879999999999944e+00
0.000000000000000000e+00
0.000000000000000000e+00
0.000000000000000000e+00
5.205199999999999827e-01
0.000000000000000000e+00
0.000000000000000000e+00
0.000000000000000000e+00
7.992000000000000215e-01
0.000000000000000000e+00
0.000000000000000000e+00
5.209000000000000297e-01
0.000000000000000000e+00
8.204099999999999726e-01
0.000000000000000000e+00
0.000000000000000000e+00
0.000000000000000000e+00
1.037989999999999968e+00
0.000000000000000000e+00
0.000000000000000000e+00
0.000000000000000000e+00
5.755099999999999660e-01
0.000000000000000000e+00
0.000000000000000000e+00
1.273460000000000036e+00
0.000000000000000000e+00
0.000000000000000000e+00
0.000000000000000000e+00
1.335960000000000036e+00
0.000000000000000000e+00
7.789899999999999602e-01
0.000000000000000000e+00
0.000000000000000000e+00
5.042600000000000415e-01
0.000000000000000000e+00
6.214600000000000124e-01
0.000000000000000000e+00
0.000000000000000000e+00
5.885200000000000431e-01
0.000000000000000000e+00
0.000000000000000000e+00
5.907299999999999773e-01
0.000000000000000000e+00
1.029609999999999914e+00
0.000000000000000000e+00
8.046299999999999564e-01
0.000000000000000000e+00
0.000000000000000000e+00
6.488399999999999723e-01
0.000000000000000000e+00
0.000000000000000000e+00
0.000000000000000000e+00
7.694999999999999618e-01
0.000000000000000000e+00
0.000000000000000000e+00
1.529269999999999907e+00
0.000000000000000000e+00
0.000000000000000000e+00
6.113100000000000200e-01
0.000000000000000000e+00
0.000000000000000000e+00
0.000000000000000000e+00
0.000000000000000000e+00
1.050410000000000066e+00
0.000000000000000000e+00
0.000000000000000000e+00
1.060559999999999947e+00
0.000000000000000000e+00
0.000000000000000000e+00
0.000000000000000000e+00
0.000000000000000000e+00
5.708600000000000341e-01
0.000000000000000000e+00
1.923170000000000046e+00
0.000000000000000000e+00
0.000000000000000000e+00
6.235600000000000032e-01
0.000000000000000000e+00
0.000000000000000000e+00
6.764000000000000012e-01
0.000000000000000000e+00
1.423489999999999922e+00
0.000000000000000000e+00
6.250499999999999945e-01
0.000000000000000000e+00
0.000000000000000000e+00
8.093500000000000139e-01
0.000000000000000000e+00
0.000000000000000000e+00
0.000000000000000000e+00
5.319599999999999884e-01
0.000000000000000000e+00
0.000000000000000000e+00
0.000000000000000000e+00
0.000000000000000000e+00
5.630199999999999649e-01
0.000000000000000000e+00
0.000000000000000000e+00
5.169099999999999806e-01
0.000000000000000000e+00
0.000000000000000000e+00
0.000000000000000000e+00
7.382199999999999873e-01
0.000000000000000000e+00
1.917720000000000091e+00
0.000000000000000000e+00
0.000000000000000000e+00
5.224999999999999645e-01
0.000000000000000000e+00
0.000000000000000000e+00
0.000000000000000000e+00
0.000000000000000000e+00
0.000000000000000000e+00
1.187810000000000032e+00
0.000000000000000000e+00
5.303600000000000536e-01
0.000000000000000000e+00
0.000000000000000000e+00
0.000000000000000000e+00
0.000000000000000000e+00
0.000000000000000000e+00
0.000000000000000000e+00
0.000000000000000000e+00
0.000000000000000000e+00
0.000000000000000000e+00
0.000000000000000000e+00
0.000000000000000000e+00
0.000000000000000000e+00
0.000000000000000000e+00
0.000000000000000000e+00
0.000000000000000000e+00
0.000000000000000000e+00
0.000000000000000000e+00
0.000000000000000000e+00
0.000000000000000000e+00
0.000000000000000000e+00
0.000000000000000000e+00
0.000000000000000000e+00
0.000000000000000000e+00
4.699699999999999989e-01
0.000000000000000000e+00
0.000000000000000000e+00
0.000000000000000000e+00
0.000000000000000000e+00
7.492999999999999661e-01
0.000000000000000000e+00
0.000000000000000000e+00
0.000000000000000000e+00
0.000000000000000000e+00
5.997700000000000253e-01
0.000000000000000000e+00
0.000000000000000000e+00
0.000000000000000000e+00
1.922989999999999977e+00
0.000000000000000000e+00
5.736200000000000188e-01
0.000000000000000000e+00
7.327599999999999669e-01
0.000000000000000000e+00
4.993299999999999961e-01
0.000000000000000000e+00
5.603599999999999692e-01
0.000000000000000000e+00
0.000000000000000000e+00
0.000000000000000000e+00
0.000000000000000000e+00
0.000000000000000000e+00
1.170439999999999925e+00
0.000000000000000000e+00
1.920299999999999896e+00
0.000000000000000000e+00
4.951200000000000045e-01
0.000000000000000000e+00
0.000000000000000000e+00
0.000000000000000000e+00
7.262600000000000167e-01
0.000000000000000000e+00
0.000000000000000000e+00
9.107699999999999685e-01
0.000000000000000000e+00
0.000000000000000000e+00
0.000000000000000000e+00
1.708229999999999915e+00
0.000000000000000000e+00
0.000000000000000000e+00
1.018159999999999954e+00
0.000000000000000000e+00
6.182900000000000063e-01
0.000000000000000000e+00
5.806099999999999595e-01
0.000000000000000000e+00
0.000000000000000000e+00
0.000000000000000000e+00
5.018000000000000238e-01
0.000000000000000000e+00
0.000000000000000000e+00
0.000000000000000000e+00
0.000000000000000000e+00
0.000000000000000000e+00
0.000000000000000000e+00
1.867199999999999971e+00
0.000000000000000000e+00
0.000000000000000000e+00
0.000000000000000000e+00
0.000000000000000000e+00
9.928099999999999703e-01
0.000000000000000000e+00
0.000000000000000000e+00
0.000000000000000000e+00
0.000000000000000000e+00
6.242600000000000371e-01
0.000000000000000000e+00
0.000000000000000000e+00
0.000000000000000000e+00
1.831890000000000018e+00
0.000000000000000000e+00
0.000000000000000000e+00
0.000000000000000000e+00
5.389800000000000146e-01
0.000000000000000000e+00
0.000000000000000000e+00
1.233899999999999997e+00
0.000000000000000000e+00
0.000000000000000000e+00
0.000000000000000000e+00
5.685599999999999543e-01
0.000000000000000000e+00
5.394200000000000106e-01
0.000000000000000000e+00
0.000000000000000000e+00
1.024960000000000093e+00
0.000000000000000000e+00
0.000000000000000000e+00
8.310899999999999954e-01
0.000000000000000000e+00
0.000000000000000000e+00
6.039299999999999669e-01
0.000000000000000000e+00
5.401500000000000190e-01
0.000000000000000000e+00
5.037000000000000366e-01
0.000000000000000000e+00
0.000000000000000000e+00
0.000000000000000000e+00
0.000000000000000000e+00
7.155099999999999794e-01
0.000000000000000000e+00
0.000000000000000000e+00
0.000000000000000000e+00
0.000000000000000000e+00
0.000000000000000000e+00
6.660700000000000509e-01
0.000000000000000000e+00
0.000000000000000000e+00
0.000000000000000000e+00
1.922449999999999992e+00
0.000000000000000000e+00
0.000000000000000000e+00
1.345660000000000078e+00
0.000000000000000000e+00
0.000000000000000000e+00
1.028759999999999897e+00
0.000000000000000000e+00
0.000000000000000000e+00
5.795900000000000496e-01
0.000000000000000000e+00
1.036399999999999988e+00
0.000000000000000000e+00
6.883200000000000429e-01
0.000000000000000000e+00
0.000000000000000000e+00
0.000000000000000000e+00
0.000000000000000000e+00
0.000000000000000000e+00
7.487899999999999556e-01
0.000000000000000000e+00
0.000000000000000000e+00
7.060600000000000209e-01
0.000000000000000000e+00
0.000000000000000000e+00
0.000000000000000000e+00
1.927370000000000028e+00
0.000000000000000000e+00
0.000000000000000000e+00
0.000000000000000000e+00
0.000000000000000000e+00
5.419500000000000428e-01
0.000000000000000000e+00
0.000000000000000000e+00
0.000000000000000000e+00
0.000000000000000000e+00
0.000000000000000000e+00
8.798500000000000210e-01
0.000000000000000000e+00
0.000000000000000000e+00
0.000000000000000000e+00
5.278100000000000014e-01
0.000000000000000000e+00
0.000000000000000000e+00
4.475100000000000189e-01
0.000000000000000000e+00
0.000000000000000000e+00
6.117000000000000215e-01
0.000000000000000000e+00
1.187510000000000066e+00
0.000000000000000000e+00
0.000000000000000000e+00
1.335309999999999997e+00
0.000000000000000000e+00
0.000000000000000000e+00
0.000000000000000000e+00
0.000000000000000000e+00
1.826580000000000092e+00
0.000000000000000000e+00
0.000000000000000000e+00
0.000000000000000000e+00
8.538299999999999779e-01
0.000000000000000000e+00
0.000000000000000000e+00
0.000000000000000000e+00
1.084610000000000074e+00
0.000000000000000000e+00
0.000000000000000000e+00
0.000000000000000000e+00
6.326300000000000257e-01
0.000000000000000000e+00
0.000000000000000000e+00
0.000000000000000000e+00
0.000000000000000000e+00
1.919219999999999926e+00
0.000000000000000000e+00
0.000000000000000000e+00
5.440800000000000081e-01
0.000000000000000000e+00
0.000000000000000000e+00
0.000000000000000000e+00
0.000000000000000000e+00
0.000000000000000000e+00
0.000000000000000000e+00
1.925669999999999993e+00
0.000000000000000000e+00
0.000000000000000000e+00
8.305299999999999905e-01
0.000000000000000000e+00
0.000000000000000000e+00
0.000000000000000000e+00
5.897400000000000420e-01
0.000000000000000000e+00
0.000000000000000000e+00
0.000000000000000000e+00
1.124710000000000099e+00
0.000000000000000000e+00
1.921059999999999990e+00
0.000000000000000000e+00
0.000000000000000000e+00
5.490500000000000380e-01
0.000000000000000000e+00
0.000000000000000000e+00
0.000000000000000000e+00
8.542600000000000193e-01
0.000000000000000000e+00
0.000000000000000000e+00
0.000000000000000000e+00
8.506200000000000427e-01
0.000000000000000000e+00
6.585999999999999632e-01
0.000000000000000000e+00
0.000000000000000000e+00
0.000000000000000000e+00
9.708099999999999508e-01
0.000000000000000000e+00
0.000000000000000000e+00
0.000000000000000000e+00
0.000000000000000000e+00
0.000000000000000000e+00
0.000000000000000000e+00
7.200999999999999623e-01
0.000000000000000000e+00
0.000000000000000000e+00
0.000000000000000000e+00
0.000000000000000000e+00
8.419600000000000417e-01
0.000000000000000000e+00
0.000000000000000000e+00
1.734059999999999935e+00
0.000000000000000000e+00
0.000000000000000000e+00
0.000000000000000000e+00
1.918179999999999996e+00
0.000000000000000000e+00
0.000000000000000000e+00
0.000000000000000000e+00
5.918499999999999872e-01
0.000000000000000000e+00
5.462399999999999478e-01
0.000000000000000000e+00
7.352800000000000447e-01
0.000000000000000000e+00
0.000000000000000000e+00
0.000000000000000000e+00
0.000000000000000000e+00
0.000000000000000000e+00
9.208100000000000174e-01
0.000000000000000000e+00
0.000000000000000000e+00
0.000000000000000000e+00
1.916700000000000070e+00
0.000000000000000000e+00
1.328079999999999927e+00
0.000000000000000000e+00
5.562200000000000477e-01
0.000000000000000000e+00
0.000000000000000000e+00
0.000000000000000000e+00
0.000000000000000000e+00
1.112530000000000019e+00
0.000000000000000000e+00
0.000000000000000000e+00
0.000000000000000000e+00
5.888999999999999790e-01
0.000000000000000000e+00
0.000000000000000000e+00
8.667099999999999804e-01
0.000000000000000000e+00
0.000000000000000000e+00
0.000000000000000000e+00
5.400199999999999445e-01
0.000000000000000000e+00
0.000000000000000000e+00
0.000000000000000000e+00
0.000000000000000000e+00
0.000000000000000000e+00
0.000000000000000000e+00
0.000000000000000000e+00
0.000000000000000000e+00
0.000000000000000000e+00
0.000000000000000000e+00
0.000000000000000000e+00
0.000000000000000000e+00
0.000000000000000000e+00
0.000000000000000000e+00
0.000000000000000000e+00
0.000000000000000000e+00
0.000000000000000000e+00
0.000000000000000000e+00
0.000000000000000000e+00
0.000000000000000000e+00
0.000000000000000000e+00
0.000000000000000000e+00
0.000000000000000000e+00
0.000000000000000000e+00
6.477800000000000225e-01
0.000000000000000000e+00
0.000000000000000000e+00
0.000000000000000000e+00
0.000000000000000000e+00
0.000000000000000000e+00
5.987000000000000099e-01
0.000000000000000000e+00
0.000000000000000000e+00
4.985999999999999877e-01
0.000000000000000000e+00
0.000000000000000000e+00
0.000000000000000000e+00
0.000000000000000000e+00
0.000000000000000000e+00
9.765200000000000546e-01
0.000000000000000000e+00
1.229589999999999961e+00
0.000000000000000000e+00
1.115050000000000097e+00
0.000000000000000000e+00
0.000000000000000000e+00
6.611500000000000155e-01
0.000000000000000000e+00
0.000000000000000000e+00
0.000000000000000000e+00
5.276600000000000179e-01
0.000000000000000000e+00
0.000000000000000000e+00
7.977699999999999791e-01
0.000000000000000000e+00
1.393690000000000095e+00
0.000000000000000000e+00
0.000000000000000000e+00
0.000000000000000000e+00
6.039099999999999469e-01
0.000000000000000000e+00
0.000000000000000000e+00
6.130499999999999838e-01
0.000000000000000000e+00
0.000000000000000000e+00
6.199799999999999756e-01
0.000000000000000000e+00
1.919329999999999981e+00
0.000000000000000000e+00
0.000000000000000000e+00
0.000000000000000000e+00
0.000000000000000000e+00
0.000000000000000000e+00
5.045300000000000340e-01
0.000000000000000000e+00
0.000000000000000000e+00
0.000000000000000000e+00
1.147000000000000020e+00
0.000000000000000000e+00
0.000000000000000000e+00
1.539949999999999930e+00
0.000000000000000000e+00
1.137100000000000000e+00
0.000000000000000000e+00
0.000000000000000000e+00
0.000000000000000000e+00
7.735300000000000509e-01
0.000000000000000000e+00
0.000000000000000000e+00
8.795300000000000340e-01
0.000000000000000000e+00
7.848500000000000476e-01
0.000000000000000000e+00
0.000000000000000000e+00
0.000000000000000000e+00
1.176409999999999956e+00
0.000000000000000000e+00
0.000000000000000000e+00
1.927559999999999940e+00
0.000000000000000000e+00
0.000000000000000000e+00
6.529599999999999849e-01
0.000000000000000000e+00
1.003360000000000030e+00
0.000000000000000000e+00
0.000000000000000000e+00
7.776699999999999724e-01
0.000000000000000000e+00
0.000000000000000000e+00
0.000000000000000000e+00
1.922029999999999905e+00
0.000000000000000000e+00
0.000000000000000000e+00
5.794700000000000406e-01
0.000000000000000000e+00
0.000000000000000000e+00
6.538000000000000478e-01
0.000000000000000000e+00
8.758000000000000229e-01
0.000000000000000000e+00
0.000000000000000000e+00
0.000000000000000000e+00
1.170900000000000052e+00
0.000000000000000000e+00
0.000000000000000000e+00
0.000000000000000000e+00
5.554400000000000448e-01
0.000000000000000000e+00
0.000000000000000000e+00
0.000000000000000000e+00
0.000000000000000000e+00
0.000000000000000000e+00
7.203899999999999748e-01
0.000000000000000000e+00
0.000000000000000000e+00
1.010129999999999972e+00
0.000000000000000000e+00
0.000000000000000000e+00
0.000000000000000000e+00
0.000000000000000000e+00
1.630479999999999929e+00
0.000000000000000000e+00
0.000000000000000000e+00
0.000000000000000000e+00
1.916690000000000005e+00
0.000000000000000000e+00
0.000000000000000000e+00
1.919610000000000039e+00
0.000000000000000000e+00
0.000000000000000000e+00
8.207100000000000506e-01
0.000000000000000000e+00
0.000000000000000000e+00
0.000000000000000000e+00
0.000000000000000000e+00
0.000000000000000000e+00
5.977799999999999780e-01
0.000000000000000000e+00
0.000000000000000000e+00
1.180539999999999923e+00
0.000000000000000000e+00
0.000000000000000000e+00
0.000000000000000000e+00
0.000000000000000000e+00
9.310399999999999787e-01
0.000000000000000000e+00
0.000000000000000000e+00
0.000000000000000000e+00
6.240400000000000391e-01
0.000000000000000000e+00
1.921450000000000102e+00
0.000000000000000000e+00
0.000000000000000000e+00
0.000000000000000000e+00
1.923610000000000042e+00
0.000000000000000000e+00
0.000000000000000000e+00
0.000000000000000000e+00
0.000000000000000000e+00
1.925850000000000062e+00
0.000000000000000000e+00
1.928809999999999913e+00
0.000000000000000000e+00
1.915659999999999918e+00
0.000000000000000000e+00
5.751300000000000301e-01
0.000000000000000000e+00
6.815200000000000147e-01
0.000000000000000000e+00
0.000000000000000000e+00
1.920199999999999907e+00
0.000000000000000000e+00
0.000000000000000000e+00
0.000000000000000000e+00
0.000000000000000000e+00
0.000000000000000000e+00
5.153900000000000148e-01
0.000000000000000000e+00
1.926860000000000017e+00
0.000000000000000000e+00
0.000000000000000000e+00
0.000000000000000000e+00
4.761600000000000277e-01
0.000000000000000000e+00
0.000000000000000000e+00
1.916730000000000045e+00
0.000000000000000000e+00
0.000000000000000000e+00
0.000000000000000000e+00
1.920369999999999910e+00
0.000000000000000000e+00
0.000000000000000000e+00
0.000000000000000000e+00
4.743700000000000139e-01
0.000000000000000000e+00
0.000000000000000000e+00
1.925130000000000008e+00
0.000000000000000000e+00
0.000000000000000000e+00
0.000000000000000000e+00
0.000000000000000000e+00
4.344299999999999828e-01
0.000000000000000000e+00
0.000000000000000000e+00
0.000000000000000000e+00
0.000000000000000000e+00
0.000000000000000000e+00
0.000000000000000000e+00
1.285879999999999912e+00
0.000000000000000000e+00
0.000000000000000000e+00
0.000000000000000000e+00
1.922220000000000040e+00
0.000000000000000000e+00
0.000000000000000000e+00
0.000000000000000000e+00
7.660200000000000342e-01
0.000000000000000000e+00
0.000000000000000000e+00
0.000000000000000000e+00
0.000000000000000000e+00
0.000000000000000000e+00
1.929170000000000051e+00
0.000000000000000000e+00
0.000000000000000000e+00
0.000000000000000000e+00
0.000000000000000000e+00
1.897929999999999895e+00
0.000000000000000000e+00
0.000000000000000000e+00
0.000000000000000000e+00
1.920279999999999987e+00
0.000000000000000000e+00
0.000000000000000000e+00
0.000000000000000000e+00
0.000000000000000000e+00
0.000000000000000000e+00
0.000000000000000000e+00
1.926180000000000003e+00
0.000000000000000000e+00
0.000000000000000000e+00
0.000000000000000000e+00
8.238699999999999912e-01
0.000000000000000000e+00
0.000000000000000000e+00
0.000000000000000000e+00
0.000000000000000000e+00
1.917960000000000109e+00
0.000000000000000000e+00
0.000000000000000000e+00
1.920849999999999946e+00
0.000000000000000000e+00
0.000000000000000000e+00
0.000000000000000000e+00
0.000000000000000000e+00
0.000000000000000000e+00
1.924670000000000103e+00
0.000000000000000000e+00
0.000000000000000000e+00
1.925580000000000069e+00
0.000000000000000000e+00
0.000000000000000000e+00
1.716679999999999984e+00
0.000000000000000000e+00
1.929019999999999957e+00
0.000000000000000000e+00
1.917839999999999989e+00
0.000000000000000000e+00
0.000000000000000000e+00
0.000000000000000000e+00
1.919669999999999987e+00
0.000000000000000000e+00
0.000000000000000000e+00
0.000000000000000000e+00
0.000000000000000000e+00
0.000000000000000000e+00
0.000000000000000000e+00
0.000000000000000000e+00
7.907999999999999474e-01
0.000000000000000000e+00
0.000000000000000000e+00
5.836500000000000021e-01
0.000000000000000000e+00
5.637799999999999478e-01
0.000000000000000000e+00
6.576499999999999568e-01
0.000000000000000000e+00
0.000000000000000000e+00
4.070500000000000229e-01
0.000000000000000000e+00
6.105199999999999516e-01
0.000000000000000000e+00
0.000000000000000000e+00
0.000000000000000000e+00
0.000000000000000000e+00
0.000000000000000000e+00
0.000000000000000000e+00
0.000000000000000000e+00
0.000000000000000000e+00
0.000000000000000000e+00
0.000000000000000000e+00
0.000000000000000000e+00
0.000000000000000000e+00
0.000000000000000000e+00
0.000000000000000000e+00
0.000000000000000000e+00
0.000000000000000000e+00
0.000000000000000000e+00
0.000000000000000000e+00
0.000000000000000000e+00
0.000000000000000000e+00
0.000000000000000000e+00
0.000000000000000000e+00
0.000000000000000000e+00
0.000000000000000000e+00
9.733500000000000485e-01
0.000000000000000000e+00
5.212400000000000366e-01
0.000000000000000000e+00
0.000000000000000000e+00
0.000000000000000000e+00
4.968400000000000039e-01
0.000000000000000000e+00
0.000000000000000000e+00
0.000000000000000000e+00
0.000000000000000000e+00
6.271700000000000053e-01
0.000000000000000000e+00
0.000000000000000000e+00
8.422199999999999687e-01
0.000000000000000000e+00
0.000000000000000000e+00
0.000000000000000000e+00
0.000000000000000000e+00
1.200560000000000072e+00
0.000000000000000000e+00
5.944599999999999884e-01
0.000000000000000000e+00
5.017800000000000038e-01
0.000000000000000000e+00
0.000000000000000000e+00
5.426800000000000512e-01
0.000000000000000000e+00
5.703000000000000291e-01
0.000000000000000000e+00
0.000000000000000000e+00
6.042499999999999538e-01
0.000000000000000000e+00
7.466500000000000359e-01
0.000000000000000000e+00
0.000000000000000000e+00
9.914600000000000080e-01
0.000000000000000000e+00
0.000000000000000000e+00
5.052100000000000479e-01
0.000000000000000000e+00
0.000000000000000000e+00
0.000000000000000000e+00
0.000000000000000000e+00
6.073399999999999910e-01
0.000000000000000000e+00
0.000000000000000000e+00
5.603900000000000547e-01
0.000000000000000000e+00
0.000000000000000000e+00
0.000000000000000000e+00
1.183119999999999949e+00
0.000000000000000000e+00
0.000000000000000000e+00
5.821300000000000363e-01
0.000000000000000000e+00
5.560399999999999787e-01
0.000000000000000000e+00
0.000000000000000000e+00
0.000000000000000000e+00
6.902500000000000302e-01
0.000000000000000000e+00
0.000000000000000000e+00
0.000000000000000000e+00
1.171159999999999979e+00
0.000000000000000000e+00
1.298559999999999937e+00
0.000000000000000000e+00
0.000000000000000000e+00
1.746490000000000098e+00
0.000000000000000000e+00
0.000000000000000000e+00
0.000000000000000000e+00
5.279199999999999449e-01
0.000000000000000000e+00
0.000000000000000000e+00
7.979000000000000536e-01
0.000000000000000000e+00
1.324789999999999912e+00
0.000000000000000000e+00
0.000000000000000000e+00
0.000000000000000000e+00
0.000000000000000000e+00
0.000000000000000000e+00
4.370700000000000141e-01
0.000000000000000000e+00
0.000000000000000000e+00
0.000000000000000000e+00
0.000000000000000000e+00
1.920390000000000041e+00
0.000000000000000000e+00
0.000000000000000000e+00
5.478300000000000392e-01
0.000000000000000000e+00
0.000000000000000000e+00
5.391500000000000181e-01
0.000000000000000000e+00
0.000000000000000000e+00
0.000000000000000000e+00
5.514299999999999757e-01
0.000000000000000000e+00
5.342900000000000427e-01
0.000000000000000000e+00
0.000000000000000000e+00
6.643200000000000216e-01
0.000000000000000000e+00
0.000000000000000000e+00
0.000000000000000000e+00
5.913500000000000423e-01
0.000000000000000000e+00
6.037299999999999889e-01
0.000000000000000000e+00
5.318199999999999594e-01
0.000000000000000000e+00
8.861499999999999932e-01
0.000000000000000000e+00
0.000000000000000000e+00
0.000000000000000000e+00
0.000000000000000000e+00
0.000000000000000000e+00
4.501499999999999946e-01
0.000000000000000000e+00
0.000000000000000000e+00
0.000000000000000000e+00
1.237659999999999982e+00
0.000000000000000000e+00
0.000000000000000000e+00
0.000000000000000000e+00
0.000000000000000000e+00
1.275840000000000085e+00
0.000000000000000000e+00
0.000000000000000000e+00
0.000000000000000000e+00
4.846900000000000097e-01
0.000000000000000000e+00
0.000000000000000000e+00
4.924899999999999833e-01
0.000000000000000000e+00
5.425900000000000167e-01
0.000000000000000000e+00
0.000000000000000000e+00
5.232999999999999874e-01
0.000000000000000000e+00
1.708650000000000002e+00
0.000000000000000000e+00
0.000000000000000000e+00
0.000000000000000000e+00
1.211300000000000043e+00
0.000000000000000000e+00
0.000000000000000000e+00
0.000000000000000000e+00
0.000000000000000000e+00
5.438600000000000101e-01
0.000000000000000000e+00
0.000000000000000000e+00
0.000000000000000000e+00
0.000000000000000000e+00
1.703850000000000087e+00
0.000000000000000000e+00
0.000000000000000000e+00
0.000000000000000000e+00
0.000000000000000000e+00
0.000000000000000000e+00
4.990200000000000191e-01
0.000000000000000000e+00
1.916400000000000103e+00
0.000000000000000000e+00
6.072199999999999820e-01
0.000000000000000000e+00
0.000000000000000000e+00
5.479000000000000536e-01
0.000000000000000000e+00
0.000000000000000000e+00
0.000000000000000000e+00
7.238400000000000389e-01
0.000000000000000000e+00
4.382699999999999929e-01
0.000000000000000000e+00
0.000000000000000000e+00
0.000000000000000000e+00
1.568650000000000100e+00
0.000000000000000000e+00
0.000000000000000000e+00
1.622689999999999966e+00
0.000000000000000000e+00
0.000000000000000000e+00
0.000000000000000000e+00
6.069600000000000550e-01
0.000000000000000000e+00
1.120370000000000088e+00
0.000000000000000000e+00
4.774700000000000055e-01
0.000000000000000000e+00
1.340430000000000010e+00
0.000000000000000000e+00
0.000000000000000000e+00
0.000000000000000000e+00
0.000000000000000000e+00
7.843200000000000172e-01
0.000000000000000000e+00
1.064179999999999904e+00
0.000000000000000000e+00
6.874400000000000510e-01
0.000000000000000000e+00
0.000000000000000000e+00
0.000000000000000000e+00
9.461600000000000010e-01
0.000000000000000000e+00
0.000000000000000000e+00
0.000000000000000000e+00
0.000000000000000000e+00
0.000000000000000000e+00
8.413300000000000223e-01
0.000000000000000000e+00
0.000000000000000000e+00
0.000000000000000000e+00
0.000000000000000000e+00
8.305700000000000305e-01
0.000000000000000000e+00
0.000000000000000000e+00
7.994499999999999940e-01
0.000000000000000000e+00
1.913180000000000103e+00
0.000000000000000000e+00
0.000000000000000000e+00
0.000000000000000000e+00
6.312299999999999578e-01
0.000000000000000000e+00
5.662500000000000311e-01
0.000000000000000000e+00
0.000000000000000000e+00
7.284699999999999509e-01
0.000000000000000000e+00
0.000000000000000000e+00
0.000000000000000000e+00
0.000000000000000000e+00
0.000000000000000000e+00
0.000000000000000000e+00
4.988699999999999801e-01
0.000000000000000000e+00
0.000000000000000000e+00
6.433600000000000430e-01
0.000000000000000000e+00
1.927669999999999995e+00
0.000000000000000000e+00
0.000000000000000000e+00
0.000000000000000000e+00
6.014000000000000457e-01
0.000000000000000000e+00
1.917759999999999909e+00
0.000000000000000000e+00
7.602200000000000069e-01
0.000000000000000000e+00
0.000000000000000000e+00
0.000000000000000000e+00
1.009779999999999900e+00
0.000000000000000000e+00
0.000000000000000000e+00
0.000000000000000000e+00
0.000000000000000000e+00
8.569099999999999495e-01
0.000000000000000000e+00
7.272399999999999975e-01
0.000000000000000000e+00
0.000000000000000000e+00
0.000000000000000000e+00
0.000000000000000000e+00
0.000000000000000000e+00
0.000000000000000000e+00
0.000000000000000000e+00
0.000000000000000000e+00
0.000000000000000000e+00
0.000000000000000000e+00
0.000000000000000000e+00
0.000000000000000000e+00
0.000000000000000000e+00
0.000000000000000000e+00
0.000000000000000000e+00
0.000000000000000000e+00
0.000000000000000000e+00
0.000000000000000000e+00
0.000000000000000000e+00
0.000000000000000000e+00
0.000000000000000000e+00
0.000000000000000000e+00
5.550599999999999978e-01
0.000000000000000000e+00
0.000000000000000000e+00
0.000000000000000000e+00
6.923200000000000465e-01
0.000000000000000000e+00
0.000000000000000000e+00
0.000000000000000000e+00
7.910599999999999854e-01
0.000000000000000000e+00
0.000000000000000000e+00
0.000000000000000000e+00
0.000000000000000000e+00
1.390130000000000088e+00
0.000000000000000000e+00
0.000000000000000000e+00
0.000000000000000000e+00
6.019400000000000306e-01
0.000000000000000000e+00
5.878499999999999837e-01
0.000000000000000000e+00
0.000000000000000000e+00
0.000000000000000000e+00
6.059999999999999831e-01
0.000000000000000000e+00
0.000000000000000000e+00
1.454879999999999951e+00
0.000000000000000000e+00
1.824799999999999978e+00
0.000000000000000000e+00
0.000000000000000000e+00
1.240799999999999903e+00
0.000000000000000000e+00
0.000000000000000000e+00
0.000000000000000000e+00
9.719499999999999806e-01
0.000000000000000000e+00
1.649529999999999941e+00
0.000000000000000000e+00
5.007500000000000284e-01
0.000000000000000000e+00
4.698499999999999899e-01
0.000000000000000000e+00
0.000000000000000000e+00
1.438379999999999992e+00
0.000000000000000000e+00
0.000000000000000000e+00
5.861699999999999688e-01
0.000000000000000000e+00
0.000000000000000000e+00
6.313699999999999868e-01
0.000000000000000000e+00
0.000000000000000000e+00
0.000000000000000000e+00
1.282610000000000028e+00
0.000000000000000000e+00
6.240999999999999881e-01
0.000000000000000000e+00
0.000000000000000000e+00
0.000000000000000000e+00
5.553900000000000503e-01
0.000000000000000000e+00
0.000000000000000000e+00
0.000000000000000000e+00
0.000000000000000000e+00
1.294030000000000014e+00
0.000000000000000000e+00
1.916840000000000099e+00
0.000000000000000000e+00
0.000000000000000000e+00
0.000000000000000000e+00
1.035479999999999956e+00
0.000000000000000000e+00
0.000000000000000000e+00
5.084400000000000031e-01
0.000000000000000000e+00
0.000000000000000000e+00
0.000000000000000000e+00
0.000000000000000000e+00
0.000000000000000000e+00
6.674499999999999877e-01
0.000000000000000000e+00
1.101830000000000087e+00
0.000000000000000000e+00
0.000000000000000000e+00
0.000000000000000000e+00
6.118599999999999595e-01
0.000000000000000000e+00
0.000000000000000000e+00
0.000000000000000000e+00
0.000000000000000000e+00
5.471899999999999542e-01
0.000000000000000000e+00
0.000000000000000000e+00
1.556040000000000090e+00
0.000000000000000000e+00
0.000000000000000000e+00
5.524200000000000221e-01
0.000000000000000000e+00
0.000000000000000000e+00
0.000000000000000000e+00
7.750700000000000367e-01
0.000000000000000000e+00
0.000000000000000000e+00
9.759900000000000242e-01
0.000000000000000000e+00
0.000000000000000000e+00
7.365399999999999725e-01
0.000000000000000000e+00
0.000000000000000000e+00
0.000000000000000000e+00
6.850100000000000078e-01
0.000000000000000000e+00
8.893499999999999739e-01
0.000000000000000000e+00
1.062670000000000003e+00
0.000000000000000000e+00
0.000000000000000000e+00
0.000000000000000000e+00
0.000000000000000000e+00
5.140200000000000324e-01
0.000000000000000000e+00
0.000000000000000000e+00
1.927119999999999944e+00
0.000000000000000000e+00
0.000000000000000000e+00
0.000000000000000000e+00
5.782100000000000017e-01
0.000000000000000000e+00
0.000000000000000000e+00
0.000000000000000000e+00
6.069499999999999895e-01
0.000000000000000000e+00
8.463199999999999612e-01
0.000000000000000000e+00
0.000000000000000000e+00
0.000000000000000000e+00
0.000000000000000000e+00
1.923519999999999897e+00
0.000000000000000000e+00
0.000000000000000000e+00
4.506499999999999950e-01
0.000000000000000000e+00
0.000000000000000000e+00
5.784599999999999742e-01
0.000000000000000000e+00
0.000000000000000000e+00
0.000000000000000000e+00
8.598099999999999632e-01
0.000000000000000000e+00
0.000000000000000000e+00
6.508000000000000451e-01
0.000000000000000000e+00
1.049900000000000055e+00
0.000000000000000000e+00
0.000000000000000000e+00
0.000000000000000000e+00
5.307199999999999696e-01
0.000000000000000000e+00
0.000000000000000000e+00
9.275700000000000056e-01
0.000000000000000000e+00
0.000000000000000000e+00
0.000000000000000000e+00
1.867189999999999905e+00
0.000000000000000000e+00
0.000000000000000000e+00
0.000000000000000000e+00
5.576999999999999735e-01
0.000000000000000000e+00
0.000000000000000000e+00
5.436299999999999466e-01
0.000000000000000000e+00
0.000000000000000000e+00
0.000000000000000000e+00
0.000000000000000000e+00
0.000000000000000000e+00
0.000000000000000000e+00
0.000000000000000000e+00
5.798299999999999566e-01
0.000000000000000000e+00
0.000000000000000000e+00
0.000000000000000000e+00
5.846900000000000430e-01
0.000000000000000000e+00
0.000000000000000000e+00
0.000000000000000000e+00
0.000000000000000000e+00
0.000000000000000000e+00
4.770699999999999941e-01
0.000000000000000000e+00
0.000000000000000000e+00
8.101099999999999968e-01
0.000000000000000000e+00
5.354600000000000470e-01
0.000000000000000000e+00
0.000000000000000000e+00
1.402490000000000014e+00
0.000000000000000000e+00
0.000000000000000000e+00
0.000000000000000000e+00
0.000000000000000000e+00
0.000000000000000000e+00
7.193500000000000449e-01
0.000000000000000000e+00
0.000000000000000000e+00
0.000000000000000000e+00
0.000000000000000000e+00
1.915410000000000057e+00
0.000000000000000000e+00
6.885900000000000354e-01
0.000000000000000000e+00
0.000000000000000000e+00
0.000000000000000000e+00
0.000000000000000000e+00
6.509899999999999576e-01
0.000000000000000000e+00
0.000000000000000000e+00
0.000000000000000000e+00
0.000000000000000000e+00
0.000000000000000000e+00
5.817499999999999893e-01
0.000000000000000000e+00
0.000000000000000000e+00
1.925890000000000102e+00
0.000000000000000000e+00
0.000000000000000000e+00
1.117180000000000062e+00
0.000000000000000000e+00
0.000000000000000000e+00
6.384499999999999620e-01
0.000000000000000000e+00
0.000000000000000000e+00
5.023999999999999577e-01
0.000000000000000000e+00
0.000000000000000000e+00
0.000000000000000000e+00
5.669999999999999485e-01
0.000000000000000000e+00
0.000000000000000000e+00
6.309799999999999853e-01
0.000000000000000000e+00
6.130400000000000293e-01
0.000000000000000000e+00
0.000000000000000000e+00
1.118719999999999937e+00
0.000000000000000000e+00
0.000000000000000000e+00
5.668800000000000505e-01
0.000000000000000000e+00
0.000000000000000000e+00
1.918139999999999956e+00
0.000000000000000000e+00
0.000000000000000000e+00
0.000000000000000000e+00
4.806400000000000117e-01
0.000000000000000000e+00
0.000000000000000000e+00
0.000000000000000000e+00
8.380400000000000071e-01
0.000000000000000000e+00
5.744500000000000162e-01
0.000000000000000000e+00
0.000000000000000000e+00
9.719100000000000517e-01
0.000000000000000000e+00
0.000000000000000000e+00
6.756799999999999473e-01
0.000000000000000000e+00
0.000000000000000000e+00
0.000000000000000000e+00
0.000000000000000000e+00
0.000000000000000000e+00
8.412899999999999823e-01
0.000000000000000000e+00
0.000000000000000000e+00
1.838049999999999962e+00
0.000000000000000000e+00
0.000000000000000000e+00
0.000000000000000000e+00
0.000000000000000000e+00
0.000000000000000000e+00
0.000000000000000000e+00
0.000000000000000000e+00
0.000000000000000000e+00
0.000000000000000000e+00
0.000000000000000000e+00
0.000000000000000000e+00
0.000000000000000000e+00
0.000000000000000000e+00
0.000000000000000000e+00
0.000000000000000000e+00
0.000000000000000000e+00
0.000000000000000000e+00
0.000000000000000000e+00
0.000000000000000000e+00
0.000000000000000000e+00
0.000000000000000000e+00
0.000000000000000000e+00
6.209099999999999620e-01
0.000000000000000000e+00
0.000000000000000000e+00
1.127869999999999928e+00
0.000000000000000000e+00
0.000000000000000000e+00
8.338400000000000256e-01
0.000000000000000000e+00
0.000000000000000000e+00
1.545900000000000052e+00
0.000000000000000000e+00
9.950200000000000156e-01
0.000000000000000000e+00
1.075930000000000053e+00
0.000000000000000000e+00
0.000000000000000000e+00
6.088599999999999568e-01
0.000000000000000000e+00
6.062800000000000411e-01
0.000000000000000000e+00
0.000000000000000000e+00
6.642400000000000526e-01
0.000000000000000000e+00
0.000000000000000000e+00
1.509249999999999980e+00
0.000000000000000000e+00
0.000000000000000000e+00
1.145129999999999981e+00
0.000000000000000000e+00
0.000000000000000000e+00
0.000000000000000000e+00
0.000000000000000000e+00
1.475530000000000008e+00
0.000000000000000000e+00
0.000000000000000000e+00
0.000000000000000000e+00
1.178109999999999991e+00
0.000000000000000000e+00
6.791000000000000369e-01
0.000000000000000000e+00
0.000000000000000000e+00
9.097600000000000131e-01
0.000000000000000000e+00
1.431510000000000060e+00
0.000000000000000000e+00
0.000000000000000000e+00
7.014599999999999724e-01
0.000000000000000000e+00
0.000000000000000000e+00
0.000000000000000000e+00
5.141099999999999559e-01
0.000000000000000000e+00
0.000000000000000000e+00
1.923519999999999897e+00
0.000000000000000000e+00
9.234400000000000386e-01
0.000000000000000000e+00
5.836799999999999766e-01
0.000000000000000000e+00
0.000000000000000000e+00
0.000000000000000000e+00
5.882100000000000106e-01
0.000000000000000000e+00
0.000000000000000000e+00
0.000000000000000000e+00
1.918789999999999996e+00
0.000000000000000000e+00
6.059999999999999831e-01
0.000000000000000000e+00
0.000000000000000000e+00
0.000000000000000000e+00
0.000000000000000000e+00
0.000000000000000000e+00
1.019930000000000003e+00
0.000000000000000000e+00
0.000000000000000000e+00
1.086789999999999923e+00
0.000000000000000000e+00
0.000000000000000000e+00
0.000000000000000000e+00
0.000000000000000000e+00
0.000000000000000000e+00
8.610400000000000276e-01
0.000000000000000000e+00
0.000000000000000000e+00
6.796799999999999509e-01
0.000000000000000000e+00
0.000000000000000000e+00
6.204699999999999660e-01
0.000000000000000000e+00
0.000000000000000000e+00
0.000000000000000000e+00
0.000000000000000000e+00
0.000000000000000000e+00
7.204000000000000403e-01
0.000000000000000000e+00
0.000000000000000000e+00
1.886169999999999902e+00
0.000000000000000000e+00
0.000000000000000000e+00
5.597900000000000098e-01
0.000000000000000000e+00
0.000000000000000000e+00
0.000000000000000000e+00
0.000000000000000000e+00
5.800800000000000400e-01
0.000000000000000000e+00
0.000000000000000000e+00
1.198239999999999972e+00
0.000000000000000000e+00
0.000000000000000000e+00
6.361900000000000333e-01
0.000000000000000000e+00
0.000000000000000000e+00
5.911899999999999933e-01
0.000000000000000000e+00
0.000000000000000000e+00
0.000000000000000000e+00
0.000000000000000000e+00
0.000000000000000000e+00
0.000000000000000000e+00
0.000000000000000000e+00
1.136090000000000044e+00
0.000000000000000000e+00
0.000000000000000000e+00
8.165999999999999925e-01
0.000000000000000000e+00
5.655000000000000027e-01
0.000000000000000000e+00
0.000000000000000000e+00
1.920600000000000085e+00
0.000000000000000000e+00
0.000000000000000000e+00
0.000000000000000000e+00
0.000000000000000000e+00
1.924230000000000107e+00
0.000000000000000000e+00
0.000000000000000000e+00
0.000000000000000000e+00
5.101999999999999869e-01
0.000000000000000000e+00
6.104000000000000536e-01
0.000000000000000000e+00
0.000000000000000000e+00
4.713700000000000112e-01
0.000000000000000000e+00
0.000000000000000000e+00
6.892599999999999838e-01
0.000000000000000000e+00
0.000000000000000000e+00
0.000000000000000000e+00
5.029500000000000082e-01
0.000000000000000000e+00
5.081799999999999651e-01
0.000000000000000000e+00
7.082699999999999552e-01
0.000000000000000000e+00
0.000000000000000000e+00
0.000000000000000000e+00
5.885700000000000376e-01
0.000000000000000000e+00
5.860499999999999599e-01
0.000000000000000000e+00
1.377459999999999907e+00
0.000000000000000000e+00
0.000000000000000000e+00
6.554799999999999516e-01
0.000000000000000000e+00
0.000000000000000000e+00
0.000000000000000000e+00
1.921300000000000008e+00
0.000000000000000000e+00
0.000000000000000000e+00
0.000000000000000000e+00
8.288299999999999557e-01
0.000000000000000000e+00
0.000000000000000000e+00
1.066640000000000033e+00
0.000000000000000000e+00
0.000000000000000000e+00
1.926469999999999905e+00
0.000000000000000000e+00
0.000000000000000000e+00
6.722000000000000197e-01
0.000000000000000000e+00
1.917699999999999960e+00
0.000000000000000000e+00
0.000000000000000000e+00
8.473800000000000221e-01
0.000000000000000000e+00
0.000000000000000000e+00
0.000000000000000000e+00
5.771300000000000319e-01
0.000000000000000000e+00
0.000000000000000000e+00
7.043099999999999916e-01
0.000000000000000000e+00
0.000000000000000000e+00
0.000000000000000000e+00
1.033590000000000009e+00
0.000000000000000000e+00
5.377899999999999903e-01
0.000000000000000000e+00
0.000000000000000000e+00
0.000000000000000000e+00
0.000000000000000000e+00
0.000000000000000000e+00
1.917920000000000069e+00
0.000000000000000000e+00
0.000000000000000000e+00
0.000000000000000000e+00
9.764899999999999691e-01
0.000000000000000000e+00
0.000000000000000000e+00
5.605900000000000327e-01
0.000000000000000000e+00
0.000000000000000000e+00
0.000000000000000000e+00
0.000000000000000000e+00
7.577700000000000546e-01
0.000000000000000000e+00
5.421599999999999753e-01
0.000000000000000000e+00
0.000000000000000000e+00
0.000000000000000000e+00
0.000000000000000000e+00
7.614400000000000057e-01
0.000000000000000000e+00
0.000000000000000000e+00
0.000000000000000000e+00
1.379429999999999934e+00
0.000000000000000000e+00
1.720809999999999951e+00
0.000000000000000000e+00
0.000000000000000000e+00
0.000000000000000000e+00
5.726299999999999724e-01
0.000000000000000000e+00
0.000000000000000000e+00
0.000000000000000000e+00
0.000000000000000000e+00
0.000000000000000000e+00
0.000000000000000000e+00
7.990599999999999925e-01
0.000000000000000000e+00
0.000000000000000000e+00
0.000000000000000000e+00
6.623999999999999888e-01
0.000000000000000000e+00
0.000000000000000000e+00
0.000000000000000000e+00
6.630000000000000338e-01
0.000000000000000000e+00
0.000000000000000000e+00
1.044750000000000068e+00
0.000000000000000000e+00
1.580449999999999910e+00
0.000000000000000000e+00
0.000000000000000000e+00
0.000000000000000000e+00
0.000000000000000000e+00
0.000000000000000000e+00
0.000000000000000000e+00
5.499100000000000099e-01
0.000000000000000000e+00
0.000000000000000000e+00
0.000000000000000000e+00
0.000000000000000000e+00
0.000000000000000000e+00
7.553499999999999659e-01
0.000000000000000000e+00
0.000000000000000000e+00
0.000000000000000000e+00
0.000000000000000000e+00
0.000000000000000000e+00
8.862900000000000222e-01
0.000000000000000000e+00
0.000000000000000000e+00
0.000000000000000000e+00
0.000000000000000000e+00
0.000000000000000000e+00
0.000000000000000000e+00
0.000000000000000000e+00
0.000000000000000000e+00
0.000000000000000000e+00
0.000000000000000000e+00
0.000000000000000000e+00
