0.000000000000000000e+00
0.000000000000000000e+00
0.000000000000000000e+00
0.000000000000000000e+00
0.000000000000000000e+00
0.000000000000000000e+00
0.000000000000000000e+00
0.000000000000000000e+00
0.000000000000000000e+00
0.000000000000000000e+00
8.435500000000000220e-01
0.000000000000000000e+00
6.270900000000000363e-01
0.000000000000000000e+00
0.000000000000000000e+00
5.739199999999999857e-01
0.000000000000000000e+00
0.000000000000000000e+00
1.700000000000000122e-04
0.000000000000000000e+00
7.661499999999999977e-01
0.000000000000000000e+00
0.000000000000000000e+00
0.000000000000000000e+00
5.258300000000000196e-01
0.000000000000000000e+00
0.000000000000000000e+00
0.000000000000000000e+00
6.253300000000000525e-01
0.000000000000000000e+00
0.000000000000000000e+00
7.497399999999999620e-01
0.000000000000000000e+00
0.000000000000000000e+00
0.000000000000000000e+00
9.906500000000000306e-01
0.000000000000000000e+00
6.161100000000000465e-01
0.000000000000000000e+00
0.000000000000000000e+00
1.080410000000000093e+00
0.000000000000000000e+00
8.476000000000000201e-01
0.000000000000000000e+00
6.289200000000000346e-01
0.000000000000000000e+00
0.000000000000000000e+00
0.000000000000000000e+00
0.000000000000000000e+00
5.927499999999999991e-01
0.000000000000000000e+00
0.000000000000000000e+00
0.000000000000000000e+00
7.422400000000000109e-01
0.000000000000000000e+00
1.095599999999999907e+00
0.000000000000000000e+00
0.000000000000000000e+00
6.983700000000000463e-01
0.000000000000000000e+00
0.000000000000000000e+00
0.000000000000000000e+00
1.923280000000000101e+00
0.000000000000000000e+00
0.000000000000000000e+00
0.000000000000000000e+00
6.727699999999999791e-01
0.000000000000000000e+00
0.000000000000000000e+00
0.000000000000000000e+00
0.000000000000000000e+00
0.000000000000000000e+00
0.000000000000000000e+00
9.539499999999999647e-01
0.000000000000000000e+00
0.000000000000000000e+00
0.000000000000000000e+00
9.618499999999999828e-01
0.000000000000000000e+00
0.000000000000000000e+00
0.000000000000000000e+00
6.613400000000000389e-01
0.000000000000000000e+00
0.000000000000000000e+00
1.312840000000000007e+00
0.000000000000000000e+00
6.716800000000000548e-01
0.000000000000000000e+00
0.000000000000000000e+00
0.000000000000000000e+00
6.724299999999999722e-01
0.000000000000000000e+00
0.000000000000000000e+00
0.000000000000000000e+00
0.000000000000000000e+00
7.493999999999999551e-01
0.000000000000000000e+00
0.000000000000000000e+00
0.000000000000000000e+00
0.000000000000000000e+00
0.000000000000000000e+00
9.202200000000000379e-01
0.000000000000000000e+00
0.000000000000000000e+00
0.000000000000000000e+00
0.000000000000000000e+00
6.734299999999999731e-01
0.000000000000000000e+00
0.000000000000000000e+00
0.000000000000000000e+00
0.000000000000000000e+00
9.718400000000000372e-01
0.000000000000000000e+00
1.105799999999999894e+00
0.000000000000000000e+00
1.118880000000000097e+00
0.000000000000000000e+00
0.000000000000000000e+00
0.000000000000000000e+00
8.818799999999999972e-01
0.000000000000000000e+00
0.000000000000000000e+00
6.178200000000000358e-01
0.000000000000000000e+00
0.000000000000000000e+00
0.000000000000000000e+00
7.175099999999999811e-01
0.000000000000000000e+00
0.000000000000000000e+00
1.096850000000000103e+00
0.000000000000000000e+00
0.000000000000000000e+00
0.000000000000000000e+00
9.840400000000000258e-01
0.000000000000000000e+00
0.000000000000000000e+00
5.615299999999999736e-01
0.000000000000000000e+00
0.000000000000000000e+00
0.000000000000000000e+00
5.607999999999999652e-01
0.000000000000000000e+00
0.000000000000000000e+00
0.000000000000000000e+00
0.000000000000000000e+00
5.412700000000000289e-01
0.000000000000000000e+00
0.000000000000000000e+00
0.000000000000000000e+00
7.505800000000000249e-01
0.000000000000000000e+00
0.000000000000000000e+00
0.000000000000000000e+00
7.072800000000000198e-01
0.000000000000000000e+00
0.000000000000000000e+00
0.000000000000000000e+00
0.000000000000000000e+00
5.811600000000000099e-01
0.000000000000000000e+00
0.000000000000000000e+00
9.637400000000000411e-01
0.000000000000000000e+00
0.000000000000000000e+00
0.000000000000000000e+00
0.000000000000000000e+00
5.616600000000000481e-01
0.000000000000000000e+00
0.000000000000000000e+00
0.000000000000000000e+00
7.345000000000000417e-01
0.000000000000000000e+00
6.555400000000000116e-01
0.000000000000000000e+00
0.000000000000000000e+00
0.000000000000000000e+00
9.352300000000000058e-01
0.000000000000000000e+00
0.000000000000000000e+00
8.023400000000000531e-01
0.000000000000000000e+00
0.000000000000000000e+00
1.227260000000000018e+00
0.000000000000000000e+00
0.000000000000000000e+00
5.301099999999999701e-01
0.000000000000000000e+00
0.000000000000000000e+00
0.000000000000000000e+00
7.174700000000000522e-01
0.000000000000000000e+00
0.000000000000000000e+00
0.000000000000000000e+00
6.372700000000000031e-01
0.000000000000000000e+00
0.000000000000000000e+00
0.000000000000000000e+00
0.000000000000000000e+00
5.019000000000000128e-01
0.000000000000000000e+00
8.968899999999999650e-01
0.000000000000000000e+00
0.000000000000000000e+00
5.938700000000000090e-01
0.000000000000000000e+00
9.151099999999999790e-01
0.000000000000000000e+00
0.000000000000000000e+00
0.000000000000000000e+00
0.000000000000000000e+00
0.000000000000000000e+00
0.000000000000000000e+00
7.606199999999999628e-01
0.000000000000000000e+00
0.000000000000000000e+00
0.000000000000000000e+00
0.000000000000000000e+00
6.015500000000000291e-01
0.000000000000000000e+00
0.000000000000000000e+00
0.000000000000000000e+00
0.000000000000000000e+00
7.656199999999999672e-01
0.000000000000000000e+00
0.000000000000000000e+00
0.000000000000000000e+00
1.058310000000000084e+00
0.000000000000000000e+00
0.000000000000000000e+00
6.839199999999999724e-01
0.000000000000000000e+00
5.803099999999999925e-01
0.000000000000000000e+00
0.000000000000000000e+00
0.000000000000000000e+00
0.000000000000000000e+00
0.000000000000000000e+00
0.000000000000000000e+00
0.000000000000000000e+00
5.606100000000000527e-01
0.000000000000000000e+00
0.000000000000000000e+00
7.907399999999999984e-01
0.000000000000000000e+00
0.000000000000000000e+00
7.257299999999999862e-01
0.000000000000000000e+00
0.000000000000000000e+00
6.560799999999999965e-01
0.000000000000000000e+00
5.645400000000000418e-01
0.000000000000000000e+00
0.000000000000000000e+00
0.000000000000000000e+00
6.321799999999999642e-01
0.000000000000000000e+00
0.000000000000000000e+00
0.000000000000000000e+00
0.000000000000000000e+00
5.334100000000000508e-01
0.000000000000000000e+00
0.000000000000000000e+00
0.000000000000000000e+00
7.707199999999999607e-01
0.000000000000000000e+00
0.000000000000000000e+00
5.621899999999999675e-01
0.000000000000000000e+00
0.000000000000000000e+00
6.626400000000000068e-01
0.000000000000000000e+00
0.000000000000000000e+00
9.401800000000000157e-01
0.000000000000000000e+00
0.000000000000000000e+00
0.000000000000000000e+00
0.000000000000000000e+00
7.220100000000000406e-01
0.000000000000000000e+00
0.000000000000000000e+00
6.125599999999999934e-01
0.000000000000000000e+00
0.000000000000000000e+00
0.000000000000000000e+00
7.237799999999999789e-01
0.000000000000000000e+00
0.000000000000000000e+00
9.875500000000000389e-01
0.000000000000000000e+00
0.000000000000000000e+00
0.000000000000000000e+00
0.000000000000000000e+00
6.550399999999999556e-01
0.000000000000000000e+00
0.000000000000000000e+00
0.000000000000000000e+00
0.000000000000000000e+00
0.000000000000000000e+00
6.185399999999999787e-01
0.000000000000000000e+00
8.060500000000000442e-01
0.000000000000000000e+00
0.000000000000000000e+00
0.000000000000000000e+00
0.000000000000000000e+00
0.000000000000000000e+00
0.000000000000000000e+00
0.000000000000000000e+00
0.000000000000000000e+00
0.000000000000000000e+00
0.000000000000000000e+00
0.000000000000000000e+00
0.000000000000000000e+00
0.000000000000000000e+00
0.000000000000000000e+00
0.000000000000000000e+00
0.000000000000000000e+00
0.000000000000000000e+00
0.000000000000000000e+00
0.000000000000000000e+00
0.000000000000000000e+00
0.000000000000000000e+00
0.000000000000000000e+00
0.000000000000000000e+00
0.000000000000000000e+00
0.000000000000000000e+00
0.000000000000000000e+00
8.867000000000000437e-01
0.000000000000000000e+00
0.000000000000000000e+00
9.752600000000000158e-01
0.000000000000000000e+00
8.375700000000000367e-01
0.000000000000000000e+00
0.000000000000000000e+00
0.000000000000000000e+00
0.000000000000000000e+00
9.480199999999999738e-01
0.000000000000000000e+00
5.875599999999999712e-01
0.000000000000000000e+00
0.000000000000000000e+00
1.060410000000000075e+00
0.000000000000000000e+00
0.000000000000000000e+00
0.000000000000000000e+00
7.928399999999999892e-01
0.000000000000000000e+00
0.000000000000000000e+00
8.958599999999999897e-01
0.000000000000000000e+00
0.000000000000000000e+00
0.000000000000000000e+00
5.766499999999999959e-01
0.000000000000000000e+00
1.236629999999999896e+00
0.000000000000000000e+00
0.000000000000000000e+00
0.000000000000000000e+00
7.491499999999999826e-01
0.000000000000000000e+00
1.153589999999999893e+00
0.000000000000000000e+00
5.256399999999999961e-01
0.000000000000000000e+00
0.000000000000000000e+00
0.000000000000000000e+00
0.000000000000000000e+00
5.416499999999999648e-01
0.000000000000000000e+00
0.000000000000000000e+00
0.000000000000000000e+00
0.000000000000000000e+00
5.965799999999999992e-01
0.000000000000000000e+00
1.439270000000000049e+00
0.000000000000000000e+00
5.527600000000000291e-01
0.000000000000000000e+00
5.769400000000000084e-01
0.000000000000000000e+00
0.000000000000000000e+00
0.000000000000000000e+00
5.936099999999999710e-01
0.000000000000000000e+00
5.528100000000000236e-01
0.000000000000000000e+00
0.000000000000000000e+00
0.000000000000000000e+00
5.051799999999999624e-01
0.000000000000000000e+00
0.000000000000000000e+00
8.105200000000000182e-01
0.000000000000000000e+00
5.965500000000000247e-01
0.000000000000000000e+00
0.000000000000000000e+00
5.704799999999999871e-01
0.000000000000000000e+00
0.000000000000000000e+00
8.563600000000000101e-01
0.000000000000000000e+00
0.000000000000000000e+00
1.147969999999999935e+00
0.000000000000000000e+00
0.000000000000000000e+00
0.000000000000000000e+00
0.000000000000000000e+00
0.000000000000000000e+00
0.000000000000000000e+00
5.609800000000000342e-01
0.000000000000000000e+00
0.000000000000000000e+00
4.995299999999999740e-01
0.000000000000000000e+00
5.749100000000000321e-01
0.000000000000000000e+00
6.082199999999999829e-01
0.000000000000000000e+00
6.518599999999999950e-01
0.000000000000000000e+00
0.000000000000000000e+00
0.000000000000000000e+00
0.000000000000000000e+00
5.070700000000000207e-01
0.000000000000000000e+00
0.000000000000000000e+00
9.387699999999999934e-01
0.000000000000000000e+00
0.000000000000000000e+00
5.011499999999999844e-01
0.000000000000000000e+00
0.000000000000000000e+00
0.000000000000000000e+00
0.000000000000000000e+00
0.000000000000000000e+00
7.648200000000000554e-01
0.000000000000000000e+00
8.558799999999999741e-01
0.000000000000000000e+00
5.023800000000000487e-01
0.000000000000000000e+00
5.662399999999999656e-01
0.000000000000000000e+00
5.869600000000000373e-01
0.000000000000000000e+00
0.000000000000000000e+00
6.248299999999999965e-01
0.000000000000000000e+00
0.000000000000000000e+00
0.000000000000000000e+00
6.369000000000000217e-01
0.000000000000000000e+00
0.000000000000000000e+00
0.000000000000000000e+00
0.000000000000000000e+00
5.151900000000000368e-01
0.000000000000000000e+00
0.000000000000000000e+00
7.428200000000000358e-01
0.000000000000000000e+00
0.000000000000000000e+00
0.000000000000000000e+00
7.169600000000000417e-01
0.000000000000000000e+00
0.000000000000000000e+00
0.000000000000000000e+00
0.000000000000000000e+00
0.000000000000000000e+00
7.538799999999999946e-01
0.000000000000000000e+00
6.682500000000000107e-01
0.000000000000000000e+00
0.000000000000000000e+00
0.000000000000000000e+00
5.232599999999999474e-01
0.000000000000000000e+00
0.000000000000000000e+00
8.216599999999999460e-01
0.000000000000000000e+00
1.294859999999999900e+00
0.000000000000000000e+00
0.000000000000000000e+00
5.610300000000000287e-01
0.000000000000000000e+00
0.000000000000000000e+00
7.288299999999999779e-01
0.000000000000000000e+00
7.041399999999999881e-01
0.000000000000000000e+00
0.000000000000000000e+00
0.000000000000000000e+00
5.507499999999999618e-01
0.000000000000000000e+00
0.000000000000000000e+00
0.000000000000000000e+00
7.320900000000000185e-01
0.000000000000000000e+00
0.000000000000000000e+00
0.000000000000000000e+00
1.067849999999999966e+00
0.000000000000000000e+00
0.000000000000000000e+00
0.000000000000000000e+00
0.000000000000000000e+00
0.000000000000000000e+00
9.595700000000000340e-01
0.000000000000000000e+00
1.021810000000000107e+00
0.000000000000000000e+00
9.652800000000000269e-01
0.000000000000000000e+00
5.359099999999999975e-01
0.000000000000000000e+00
0.000000000000000000e+00
0.000000000000000000e+00
0.000000000000000000e+00
0.000000000000000000e+00
0.000000000000000000e+00
6.387000000000000455e-01
0.000000000000000000e+00
0.000000000000000000e+00
0.000000000000000000e+00
6.490899999999999448e-01
0.000000000000000000e+00
0.000000000000000000e+00
5.829100000000000392e-01
0.000000000000000000e+00
4.995299999999999740e-01
0.000000000000000000e+00
0.000000000000000000e+00
0.000000000000000000e+00
0.000000000000000000e+00
9.599600000000000355e-01
0.000000000000000000e+00
0.000000000000000000e+00
0.000000000000000000e+00
1.510280000000000067e+00
0.000000000000000000e+00
1.090629999999999988e+00
0.000000000000000000e+00
0.000000000000000000e+00
1.117499999999999938e+00
0.000000000000000000e+00
0.000000000000000000e+00
6.254899999999999904e-01
0.000000000000000000e+00
1.112710000000000088e+00
0.000000000000000000e+00
0.000000000000000000e+00
0.000000000000000000e+00
0.000000000000000000e+00
6.862399999999999611e-01
0.000000000000000000e+00
0.000000000000000000e+00
0.000000000000000000e+00
0.000000000000000000e+00
5.290599999999999747e-01
0.000000000000000000e+00
1.637629999999999919e+00
0.000000000000000000e+00
0.000000000000000000e+00
0.000000000000000000e+00
0.000000000000000000e+00
1.197629999999999972e+00
0.000000000000000000e+00
0.000000000000000000e+00
5.807999999999999829e-01
0.000000000000000000e+00
0.000000000000000000e+00
0.000000000000000000e+00
7.702799999999999647e-01
0.000000000000000000e+00
0.000000000000000000e+00
1.038389999999999924e+00
0.000000000000000000e+00
0.000000000000000000e+00
6.585699999999999887e-01
0.000000000000000000e+00
0.000000000000000000e+00
1.211000000000000076e+00
0.000000000000000000e+00
0.000000000000000000e+00
0.000000000000000000e+00
1.218469999999999942e+00
0.000000000000000000e+00
0.000000000000000000e+00
0.000000000000000000e+00
0.000000000000000000e+00
1.087900000000000089e+00
0.000000000000000000e+00
0.000000000000000000e+00
0.000000000000000000e+00
0.000000000000000000e+00
0.000000000000000000e+00
0.000000000000000000e+00
0.000000000000000000e+00
0.000000000000000000e+00
0.000000000000000000e+00
0.000000000000000000e+00
0.000000000000000000e+00
0.000000000000000000e+00
0.000000000000000000e+00
0.000000000000000000e+00
0.000000000000000000e+00
0.000000000000000000e+00
0.000000000000000000e+00
0.000000000000000000e+00
0.000000000000000000e+00
0.000000000000000000e+00
0.000000000000000000e+00
0.000000000000000000e+00
0.000000000000000000e+00
0.000000000000000000e+00
6.329299999999999926e-01
0.000000000000000000e+00
0.000000000000000000e+00
0.000000000000000000e+00
5.495799999999999574e-01
0.000000000000000000e+00
0.000000000000000000e+00
0.000000000000000000e+00
1.253360000000000030e+00
0.000000000000000000e+00
0.000000000000000000e+00
0.000000000000000000e+00
0.000000000000000000e+00
5.208199999999999497e-01
0.000000000000000000e+00
0.000000000000000000e+00
0.000000000000000000e+00
0.000000000000000000e+00
5.142499999999999849e-01
0.000000000000000000e+00
0.000000000000000000e+00
1.320170000000000066e+00
0.000000000000000000e+00
0.000000000000000000e+00
6.545600000000000307e-01
0.000000000000000000e+00
0.000000000000000000e+00
0.000000000000000000e+00
0.000000000000000000e+00
0.000000000000000000e+00
0.000000000000000000e+00
5.417100000000000248e-01
0.000000000000000000e+00
1.098270000000000080e+00
0.000000000000000000e+00
0.000000000000000000e+00
6.284399999999999986e-01
0.000000000000000000e+00
0.000000000000000000e+00
1.556000000000000050e+00
0.000000000000000000e+00
0.000000000000000000e+00
4.854999999999999871e-01
0.000000000000000000e+00
0.000000000000000000e+00
0.000000000000000000e+00
1.233500000000000041e+00
0.000000000000000000e+00
0.000000000000000000e+00
0.000000000000000000e+00
0.000000000000000000e+00
1.174840000000000106e+00
0.000000000000000000e+00
0.000000000000000000e+00
7.854100000000000525e-01
0.000000000000000000e+00
1.927820000000000089e+00
0.000000000000000000e+00
0.000000000000000000e+00
0.000000000000000000e+00
6.128500000000000059e-01
0.000000000000000000e+00
0.000000000000000000e+00
1.918449999999999989e+00
0.000000000000000000e+00
9.508299999999999530e-01
0.000000000000000000e+00
1.011050000000000004e+00
0.000000000000000000e+00
0.000000000000000000e+00
6.139700000000000157e-01
0.000000000000000000e+00
0.000000000000000000e+00
0.000000000000000000e+00
0.000000000000000000e+00
1.191300000000000026e+00
0.000000000000000000e+00
0.000000000000000000e+00
1.720299999999999940e+00
0.000000000000000000e+00
0.000000000000000000e+00
0.000000000000000000e+00
0.000000000000000000e+00
8.159199999999999786e-01
0.000000000000000000e+00
0.000000000000000000e+00
0.000000000000000000e+00
8.460100000000000398e-01
0.000000000000000000e+00
0.000000000000000000e+00
0.000000000000000000e+00
5.815500000000000114e-01
0.000000000000000000e+00
1.475780000000000092e+00
0.000000000000000000e+00
0.000000000000000000e+00
0.000000000000000000e+00
0.000000000000000000e+00
8.061599999999999877e-01
0.000000000000000000e+00
6.441299999999999804e-01
0.000000000000000000e+00
0.000000000000000000e+00
0.000000000000000000e+00
0.000000000000000000e+00
0.000000000000000000e+00
5.093600000000000350e-01
0.000000000000000000e+00
0.000000000000000000e+00
0.000000000000000000e+00
5.166600000000000081e-01
0.000000000000000000e+00
1.584070000000000089e+00
0.000000000000000000e+00
0.000000000000000000e+00
7.450799999999999645e-01
0.000000000000000000e+00
9.290399999999999769e-01
0.000000000000000000e+00
5.741800000000000237e-01
0.000000000000000000e+00
0.000000000000000000e+00
1.917550000000000088e+00
0.000000000000000000e+00
0.000000000000000000e+00
0.000000000000000000e+00
0.000000000000000000e+00
9.657599999999999518e-01
0.000000000000000000e+00
9.761900000000000022e-01
0.000000000000000000e+00
0.000000000000000000e+00
0.000000000000000000e+00
6.243999999999999551e-01
0.000000000000000000e+00
0.000000000000000000e+00
0.000000000000000000e+00
0.000000000000000000e+00
9.346900000000000208e-01
0.000000000000000000e+00
0.000000000000000000e+00
7.247099999999999653e-01
0.000000000000000000e+00
0.000000000000000000e+00
1.183310000000000084e+00
0.000000000000000000e+00
0.000000000000000000e+00
0.000000000000000000e+00
0.000000000000000000e+00
5.927999999999999936e-01
0.000000000000000000e+00
0.000000000000000000e+00
0.000000000000000000e+00
8.454800000000000093e-01
0.000000000000000000e+00
0.000000000000000000e+00
0.000000000000000000e+00
0.000000000000000000e+00
5.207699999999999552e-01
0.000000000000000000e+00
0.000000000000000000e+00
0.000000000000000000e+00
0.000000000000000000e+00
5.416900000000000048e-01
0.000000000000000000e+00
1.480930000000000080e+00
0.000000000000000000e+00
0.000000000000000000e+00
0.000000000000000000e+00
8.678200000000000358e-01
0.000000000000000000e+00
0.000000000000000000e+00
0.000000000000000000e+00
1.924169999999999936e+00
0.000000000000000000e+00
0.000000000000000000e+00
0.000000000000000000e+00
0.000000000000000000e+00
5.730800000000000338e-01
0.000000000000000000e+00
1.399729999999999919e+00
0.000000000000000000e+00
0.000000000000000000e+00
6.815200000000000147e-01
0.000000000000000000e+00
0.000000000000000000e+00
0.000000000000000000e+00
8.001399999999999624e-01
0.000000000000000000e+00
0.000000000000000000e+00
0.000000000000000000e+00
0.000000000000000000e+00
0.000000000000000000e+00
7.239600000000000479e-01
0.000000000000000000e+00
0.000000000000000000e+00
0.000000000000000000e+00
0.000000000000000000e+00
1.403559999999999919e+00
0.000000000000000000e+00
0.000000000000000000e+00
1.916099999999999914e+00
0.000000000000000000e+00
0.000000000000000000e+00
0.000000000000000000e+00
9.768400000000000416e-01
0.000000000000000000e+00
7.810300000000000020e-01
0.000000000000000000e+00
5.821699999999999653e-01
0.000000000000000000e+00
0.000000000000000000e+00
0.000000000000000000e+00
8.020399999999999752e-01
0.000000000000000000e+00
0.000000000000000000e+00
6.934000000000000163e-01
0.000000000000000000e+00
0.000000000000000000e+00
0.000000000000000000e+00
1.126579999999999915e+00
0.000000000000000000e+00
0.000000000000000000e+00
0.000000000000000000e+00
1.311839999999999895e+00
0.000000000000000000e+00
7.891700000000000381e-01
0.000000000000000000e+00
9.330399999999999805e-01
0.000000000000000000e+00
1.163569999999999993e+00
0.000000000000000000e+00
0.000000000000000000e+00
7.382499999999999618e-01
0.000000000000000000e+00
0.000000000000000000e+00
9.835500000000000353e-01
0.000000000000000000e+00
0.000000000000000000e+00
0.000000000000000000e+00
0.000000000000000000e+00
8.420800000000000507e-01
0.000000000000000000e+00
0.000000000000000000e+00
0.000000000000000000e+00
1.225330000000000030e+00
0.000000000000000000e+00
0.000000000000000000e+00
9.263799999999999812e-01
0.000000000000000000e+00
6.758100000000000218e-01
0.000000000000000000e+00
0.000000000000000000e+00
0.000000000000000000e+00
0.000000000000000000e+00
8.436500000000000110e-01
0.000000000000000000e+00
0.000000000000000000e+00
1.442460000000000075e+00
0.000000000000000000e+00
0.000000000000000000e+00
0.000000000000000000e+00
6.360500000000000043e-01
0.000000000000000000e+00
0.000000000000000000e+00
6.133199999999999763e-01
0.000000000000000000e+00
0.000000000000000000e+00
1.374069999999999903e+00
0.000000000000000000e+00
0.000000000000000000e+00
0.000000000000000000e+00
6.664999999999999813e-01
0.000000000000000000e+00
0.000000000000000000e+00
9.284900000000000375e-01
0.000000000000000000e+00
0.000000000000000000e+00
0.000000000000000000e+00
7.325800000000000090e-01
0.000000000000000000e+00
0.000000000000000000e+00
0.000000000000000000e+00
0.000000000000000000e+00
0.000000000000000000e+00
0.000000000000000000e+00
0.000000000000000000e+00
0.000000000000000000e+00
0.000000000000000000e+00
0.000000000000000000e+00
0.000000000000000000e+00
0.000000000000000000e+00
0.000000000000000000e+00
0.000000000000000000e+00
0.000000000000000000e+00
0.000000000000000000e+00
0.000000000000000000e+00
0.000000000000000000e+00
0.000000000000000000e+00
0.000000000000000000e+00
0.000000000000000000e+00
1.128300000000000081e+00
0.000000000000000000e+00
0.000000000000000000e+00
0.000000000000000000e+00
7.409099999999999575e-01
0.000000000000000000e+00
1.275079999999999991e+00
0.000000000000000000e+00
0.000000000000000000e+00
9.052200000000000246e-01
0.000000000000000000e+00
0.000000000000000000e+00
0.000000000000000000e+00
5.874099999999999877e-01
0.000000000000000000e+00
0.000000000000000000e+00
6.207000000000000295e-01
0.000000000000000000e+00
0.000000000000000000e+00
1.184360000000000079e+00
0.000000000000000000e+00
0.000000000000000000e+00
5.713000000000000300e-01
0.000000000000000000e+00
0.000000000000000000e+00
0.000000000000000000e+00
1.307039999999999980e+00
0.000000000000000000e+00
0.000000000000000000e+00
7.129100000000000437e-01
0.000000000000000000e+00
7.405899999999999705e-01
0.000000000000000000e+00
0.000000000000000000e+00
0.000000000000000000e+00
5.835900000000000531e-01
0.000000000000000000e+00
0.000000000000000000e+00
7.265399999999999636e-01
0.000000000000000000e+00
0.000000000000000000e+00
0.000000000000000000e+00
1.086389999999999967e+00
0.000000000000000000e+00
1.186490000000000045e+00
0.000000000000000000e+00
0.000000000000000000e+00
0.000000000000000000e+00
8.331199999999999717e-01
0.000000000000000000e+00
0.000000000000000000e+00
0.000000000000000000e+00
0.000000000000000000e+00
5.726700000000000124e-01
0.000000000000000000e+00
0.000000000000000000e+00
1.017149999999999999e+00
0.000000000000000000e+00
0.000000000000000000e+00
0.000000000000000000e+00
1.385990000000000055e+00
0.000000000000000000e+00
0.000000000000000000e+00
0.000000000000000000e+00
6.156300000000000106e-01
0.000000000000000000e+00
8.968199999999999505e-01
0.000000000000000000e+00
1.071860000000000035e+00
0.000000000000000000e+00
5.208000000000000407e-01
0.000000000000000000e+00
0.000000000000000000e+00
0.000000000000000000e+00
7.152399999999999869e-01
0.000000000000000000e+00
0.000000000000000000e+00
0.000000000000000000e+00
6.061800000000000521e-01
0.000000000000000000e+00
0.000000000000000000e+00
0.000000000000000000e+00
8.938500000000000334e-01
0.000000000000000000e+00
8.503399999999999848e-01
0.000000000000000000e+00
0.000000000000000000e+00
0.000000000000000000e+00
5.423099999999999588e-01
0.000000000000000000e+00
0.000000000000000000e+00
0.000000000000000000e+00
0.000000000000000000e+00
0.000000000000000000e+00
0.000000000000000000e+00
6.841800000000000104e-01
0.000000000000000000e+00
1.883599999999999941e+00
0.000000000000000000e+00
5.946900000000000519e-01
0.000000000000000000e+00
6.421400000000000441e-01
0.000000000000000000e+00
0.000000000000000000e+00
0.000000000000000000e+00
0.000000000000000000e+00
8.243899999999999562e-01
0.000000000000000000e+00
0.000000000000000000e+00
1.926320000000000032e+00
0.000000000000000000e+00
5.646799999999999597e-01
0.000000000000000000e+00
1.149399999999999977e+00
0.000000000000000000e+00
0.000000000000000000e+00
0.000000000000000000e+00
9.372599999999999820e-01
0.000000000000000000e+00
0.000000000000000000e+00
1.026219999999999910e+00
0.000000000000000000e+00
0.000000000000000000e+00
1.364279999999999937e+00
0.000000000000000000e+00
0.000000000000000000e+00
1.021269999999999900e+00
0.000000000000000000e+00
1.571180000000000021e+00
0.000000000000000000e+00
0.000000000000000000e+00
6.489300000000000068e-01
0.000000000000000000e+00
0.000000000000000000e+00
0.000000000000000000e+00
1.076869999999999994e+00
0.000000000000000000e+00
6.969899999999999984e-01
0.000000000000000000e+00
0.000000000000000000e+00
9.309899999999999842e-01
0.000000000000000000e+00
0.000000000000000000e+00
6.329099999999999726e-01
0.000000000000000000e+00
0.000000000000000000e+00
7.450999999999999845e-01
0.000000000000000000e+00
5.405799999999999494e-01
0.000000000000000000e+00
0.000000000000000000e+00
0.000000000000000000e+00
0.000000000000000000e+00
5.848700000000000010e-01
0.000000000000000000e+00
0.000000000000000000e+00
0.000000000000000000e+00
0.000000000000000000e+00
0.000000000000000000e+00
5.644900000000000473e-01
0.000000000000000000e+00
0.000000000000000000e+00
0.000000000000000000e+00
6.297899999999999610e-01
0.000000000000000000e+00
0.000000000000000000e+00
0.000000000000000000e+00
0.000000000000000000e+00
0.000000000000000000e+00
7.123500000000000387e-01
0.000000000000000000e+00
0.000000000000000000e+00
6.750000000000000444e-01
0.000000000000000000e+00
7.363800000000000345e-01
0.000000000000000000e+00
0.000000000000000000e+00
0.000000000000000000e+00
0.000000000000000000e+00
1.920160000000000089e+00
0.000000000000000000e+00
0.000000000000000000e+00
8.110600000000000032e-01
0.000000000000000000e+00
6.232900000000000107e-01
0.000000000000000000e+00
6.882500000000000284e-01
0.000000000000000000e+00
0.000000000000000000e+00
1.495219999999999994e+00
0.000000000000000000e+00
0.000000000000000000e+00
1.927699999999999969e+00
0.000000000000000000e+00
0.000000000000000000e+00
0.000000000000000000e+00
5.121900000000000341e-01
0.000000000000000000e+00
9.001799999999999802e-01
0.000000000000000000e+00
0.000000000000000000e+00
5.332400000000000473e-01
0.000000000000000000e+00
0.000000000000000000e+00
0.000000000000000000e+00
1.922339999999999938e+00
0.000000000000000000e+00
0.000000000000000000e+00
0.000000000000000000e+00
0.000000000000000000e+00
1.926160000000000094e+00
0.000000000000000000e+00
6.789500000000000535e-01
0.000000000000000000e+00
0.000000000000000000e+00
0.000000000000000000e+00
5.277800000000000269e-01
0.000000000000000000e+00
0.000000000000000000e+00
9.495900000000000452e-01
0.000000000000000000e+00
0.000000000000000000e+00
0.000000000000000000e+00
1.537539999999999907e+00
0.000000000000000000e+00
0.000000000000000000e+00
0.000000000000000000e+00
8.637000000000000233e-01
0.000000000000000000e+00
9.276499999999999746e-01
0.000000000000000000e+00
0.000000000000000000e+00
5.503599999999999604e-01
0.000000000000000000e+00
0.000000000000000000e+00
0.000000000000000000e+00
6.530299999999999994e-01
0.000000000000000000e+00
0.000000000000000000e+00
0.000000000000000000e+00
0.000000000000000000e+00
8.820400000000000462e-01
0.000000000000000000e+00
6.421999999999999931e-01
0.000000000000000000e+00
8.273899999999999588e-01
0.000000000000000000e+00
1.364330000000000043e+00
0.000000000000000000e+00
0.000000000000000000e+00
5.418699999999999628e-01
0.000000000000000000e+00
0.000000000000000000e+00
0.000000000000000000e+00
9.899499999999999966e-01
0.000000000000000000e+00
0.000000000000000000e+00
1.917130000000000001e+00
0.000000000000000000e+00
0.000000000000000000e+00
0.000000000000000000e+00
0.000000000000000000e+00
0.000000000000000000e+00
0.000000000000000000e+00
0.000000000000000000e+00
0.000000000000000000e+00
0.000000000000000000e+00
0.000000000000000000e+00
0.000000000000000000e+00
0.000000000000000000e+00
0.000000000000000000e+00
0.000000000000000000e+00
0.000000000000000000e+00
0.000000000000000000e+00
0.000000000000000000e+00
0.000000000000000000e+00
0.000000000000000000e+00
0.000000000000000000e+00
0.000000000000000000e+00
9.841199999999999948e-01
0.000000000000000000e+00
0.000000000000000000e+00
0.000000000000000000e+00
0.000000000000000000e+00
1.927349999999999897e+00
0.000000000000000000e+00
8.972999999999999865e-01
0.000000000000000000e+00
0.000000000000000000e+00
0.000000000000000000e+00
0.000000000000000000e+00
6.278200000000000447e-01
0.000000000000000000e+00
8.078699999999999770e-01
0.000000000000000000e+00
0.000000000000000000e+00
0.000000000000000000e+00
6.150200000000000111e-01
0.000000000000000000e+00
0.000000000000000000e+00
0.000000000000000000e+00
1.197219999999999951e+00
0.000000000000000000e+00
0.000000000000000000e+00
0.000000000000000000e+00
0.000000000000000000e+00
0.000000000000000000e+00
1.032999999999999918e+00
0.000000000000000000e+00
0.000000000000000000e+00
1.094039999999999901e+00
0.000000000000000000e+00
0.000000000000000000e+00
0.000000000000000000e+00
0.000000000000000000e+00
1.169100000000000028e+00
0.000000000000000000e+00
0.000000000000000000e+00
0.000000000000000000e+00
1.738809999999999967e+00
0.000000000000000000e+00
0.000000000000000000e+00
7.337799999999999878e-01
0.000000000000000000e+00
7.020300000000000429e-01
0.000000000000000000e+00
0.000000000000000000e+00
0.000000000000000000e+00
0.000000000000000000e+00
1.917119999999999935e+00
0.000000000000000000e+00
0.000000000000000000e+00
0.000000000000000000e+00
0.000000000000000000e+00
0.000000000000000000e+00
0.000000000000000000e+00
1.050480000000000080e+00
0.000000000000000000e+00
0.000000000000000000e+00
0.000000000000000000e+00
1.207070000000000087e+00
0.000000000000000000e+00
0.000000000000000000e+00
7.660700000000000287e-01
0.000000000000000000e+00
0.000000000000000000e+00
3.271499999999999964e-01
0.000000000000000000e+00
0.000000000000000000e+00
0.000000000000000000e+00
0.000000000000000000e+00
0.000000000000000000e+00
5.777999999999999803e-01
0.000000000000000000e+00
0.000000000000000000e+00
6.296599999999999975e-01
0.000000000000000000e+00
0.000000000000000000e+00
1.129129999999999967e+00
0.000000000000000000e+00
0.000000000000000000e+00
0.000000000000000000e+00
7.502299999999999525e-01
0.000000000000000000e+00
5.821800000000000308e-01
0.000000000000000000e+00
7.619299999999999962e-01
0.000000000000000000e+00
8.691799999999999526e-01
0.000000000000000000e+00
0.000000000000000000e+00
0.000000000000000000e+00
0.000000000000000000e+00
7.752700000000000147e-01
0.000000000000000000e+00
8.244700000000000362e-01
0.000000000000000000e+00
0.000000000000000000e+00
0.000000000000000000e+00
8.549200000000000133e-01
0.000000000000000000e+00
0.000000000000000000e+00
6.281200000000000117e-01
0.000000000000000000e+00
0.000000000000000000e+00
1.003009999999999957e+00
0.000000000000000000e+00
0.000000000000000000e+00
0.000000000000000000e+00
1.916339999999999932e+00
0.000000000000000000e+00
0.000000000000000000e+00
0.000000000000000000e+00
0.000000000000000000e+00
0.000000000000000000e+00
9.003600000000000492e-01
0.000000000000000000e+00
0.000000000000000000e+00
0.000000000000000000e+00
1.279260000000000064e+00
0.000000000000000000e+00
1.341790000000000038e+00
0.000000000000000000e+00
0.000000000000000000e+00
5.644200000000000328e-01
0.000000000000000000e+00
0.000000000000000000e+00
0.000000000000000000e+00
0.000000000000000000e+00
0.000000000000000000e+00
1.916989999999999972e+00
0.000000000000000000e+00
0.000000000000000000e+00
6.641500000000000181e-01
0.000000000000000000e+00
0.000000000000000000e+00
0.000000000000000000e+00
5.580600000000000005e-01
0.000000000000000000e+00
0.000000000000000000e+00
0.000000000000000000e+00
0.000000000000000000e+00
5.470399999999999707e-01
0.000000000000000000e+00
5.796099999999999586e-01
0.000000000000000000e+00
0.000000000000000000e+00
5.931199999999999806e-01
0.000000000000000000e+00
0.000000000000000000e+00
0.000000000000000000e+00
0.000000000000000000e+00
8.771099999999999453e-01
0.000000000000000000e+00
0.000000000000000000e+00
0.000000000000000000e+00
0.000000000000000000e+00
0.000000000000000000e+00
0.000000000000000000e+00
0.000000000000000000e+00
6.609399999999999720e-01
0.000000000000000000e+00
6.952300000000000146e-01
0.000000000000000000e+00
5.967900000000000427e-01
0.000000000000000000e+00
6.194600000000000106e-01
0.000000000000000000e+00
8.769000000000000128e-01
0.000000000000000000e+00
0.000000000000000000e+00
1.045290000000000052e+00
0.000000000000000000e+00
0.000000000000000000e+00
0.000000000000000000e+00
0.000000000000000000e+00
0.000000000000000000e+00
1.921270000000000033e+00
0.000000000000000000e+00
1.921370000000000022e+00
0.000000000000000000e+00
1.227300000000000058e+00
0.000000000000000000e+00
0.000000000000000000e+00
0.000000000000000000e+00
6.984200000000000408e-01
0.000000000000000000e+00
1.245379999999999932e+00
0.000000000000000000e+00
0.000000000000000000e+00
0.000000000000000000e+00
6.500700000000000367e-01
0.000000000000000000e+00
5.723700000000000454e-01
0.000000000000000000e+00
0.000000000000000000e+00
0.000000000000000000e+00
0.000000000000000000e+00
5.238399999999999723e-01
0.000000000000000000e+00
0.000000000000000000e+00
0.000000000000000000e+00
0.000000000000000000e+00
0.000000000000000000e+00
0.000000000000000000e+00
1.925159999999999982e+00
0.000000000000000000e+00
0.000000000000000000e+00
0.000000000000000000e+00
7.254699999999999482e-01
0.000000000000000000e+00
0.000000000000000000e+00
7.987499999999999600e-01
0.000000000000000000e+00
0.000000000000000000e+00
0.000000000000000000e+00
1.417289999999999939e+00
0.000000000000000000e+00
0.000000000000000000e+00
1.922139999999999960e+00
0.000000000000000000e+00
0.000000000000000000e+00
0.000000000000000000e+00
0.000000000000000000e+00
0.000000000000000000e+00
6.893099999999999783e-01
0.000000000000000000e+00
1.549230000000000107e+00
0.000000000000000000e+00
0.000000000000000000e+00
1.915100000000000025e+00
0.000000000000000000e+00
0.000000000000000000e+00
0.000000000000000000e+00
0.000000000000000000e+00
8.083399999999999475e-01
0.000000000000000000e+00
0.000000000000000000e+00
0.000000000000000000e+00
0.000000000000000000e+00
1.922690000000000010e+00
0.000000000000000000e+00
0.000000000000000000e+00
1.313250000000000028e+00
0.000000000000000000e+00
1.069849999999999968e+00
0.000000000000000000e+00
1.185270000000000046e+00
0.000000000000000000e+00
6.920899999999999830e-01
0.000000000000000000e+00
6.127099999999999769e-01
0.000000000000000000e+00
0.000000000000000000e+00
1.017430000000000057e+00
0.000000000000000000e+00
0.000000000000000000e+00
6.083699999999999664e-01
0.000000000000000000e+00
0.000000000000000000e+00
1.921329999999999982e+00
0.000000000000000000e+00
0.000000000000000000e+00
6.334400000000000031e-01
0.000000000000000000e+00
0.000000000000000000e+00
0.000000000000000000e+00
5.441000000000000281e-01
0.000000000000000000e+00
7.618899999999999562e-01
0.000000000000000000e+00
0.000000000000000000e+00
1.916090000000000071e+00
0.000000000000000000e+00
0.000000000000000000e+00
1.183729999999999949e+00
0.000000000000000000e+00
0.000000000000000000e+00
0.000000000000000000e+00
0.000000000000000000e+00
1.087299999999999933e+00
0.000000000000000000e+00
0.000000000000000000e+00
0.000000000000000000e+00
0.000000000000000000e+00
0.000000000000000000e+00
0.000000000000000000e+00
0.000000000000000000e+00
0.000000000000000000e+00
0.000000000000000000e+00
0.000000000000000000e+00
0.000000000000000000e+00
0.000000000000000000e+00
0.000000000000000000e+00
0.000000000000000000e+00
0.000000000000000000e+00
0.000000000000000000e+00
0.000000000000000000e+00
0.000000000000000000e+00
0.000000000000000000e+00
0.000000000000000000e+00
0.000000000000000000e+00
0.000000000000000000e+00
0.000000000000000000e+00
1.919999999999999929e+00
0.000000000000000000e+00
0.000000000000000000e+00
8.038999999999999480e-01
0.000000000000000000e+00
0.000000000000000000e+00
8.488999999999999879e-01
0.000000000000000000e+00
0.000000000000000000e+00
0.000000000000000000e+00
6.145800000000000152e-01
0.000000000000000000e+00
0.000000000000000000e+00
0.000000000000000000e+00
0.000000000000000000e+00
1.114729999999999999e+00
0.000000000000000000e+00
0.000000000000000000e+00
7.578399999999999581e-01
0.000000000000000000e+00
0.000000000000000000e+00
0.000000000000000000e+00
7.140199999999999880e-01
0.000000000000000000e+00
0.000000000000000000e+00
0.000000000000000000e+00
9.617999999999999883e-01
0.000000000000000000e+00
0.000000000000000000e+00
1.472779999999999978e+00
0.000000000000000000e+00
4.948199999999999821e-01
0.000000000000000000e+00
7.189699999999999980e-01
0.000000000000000000e+00
0.000000000000000000e+00
0.000000000000000000e+00
6.369500000000000162e-01
0.000000000000000000e+00
1.016189999999999927e+00
0.000000000000000000e+00
0.000000000000000000e+00
0.000000000000000000e+00
0.000000000000000000e+00
4.713499999999999912e-01
0.000000000000000000e+00
0.000000000000000000e+00
0.000000000000000000e+00
0.000000000000000000e+00
5.669699999999999740e-01
0.000000000000000000e+00
0.000000000000000000e+00
9.382899999999999574e-01
0.000000000000000000e+00
1.260559999999999903e+00
0.000000000000000000e+00
1.037460000000000049e+00
0.000000000000000000e+00
0.000000000000000000e+00
0.000000000000000000e+00
0.000000000000000000e+00
1.920309999999999961e+00
0.000000000000000000e+00
0.000000000000000000e+00
1.363050000000000095e+00
0.000000000000000000e+00
0.000000000000000000e+00
5.892500000000000515e-01
0.000000000000000000e+00
0.000000000000000000e+00
7.881899999999999462e-01
0.000000000000000000e+00
0.000000000000000000e+00
6.989300000000000512e-01
0.000000000000000000e+00
0.000000000000000000e+00
6.738499999999999490e-01
0.000000000000000000e+00
0.000000000000000000e+00
0.000000000000000000e+00
0.000000000000000000e+00
0.000000000000000000e+00
0.000000000000000000e+00
1.920479999999999965e+00
0.000000000000000000e+00
0.000000000000000000e+00
0.000000000000000000e+00
0.000000000000000000e+00
5.794200000000000461e-01
0.000000000000000000e+00
0.000000000000000000e+00
0.000000000000000000e+00
5.463700000000000223e-01
0.000000000000000000e+00
0.000000000000000000e+00
7.141100000000000225e-01
0.000000000000000000e+00
9.753399999999999848e-01
0.000000000000000000e+00
0.000000000000000000e+00
5.861800000000000344e-01
0.000000000000000000e+00
0.000000000000000000e+00
1.092149999999999954e+00
0.000000000000000000e+00
0.000000000000000000e+00
0.000000000000000000e+00
0.000000000000000000e+00
0.000000000000000000e+00
6.042399999999999993e-01
0.000000000000000000e+00
1.650360000000000049e+00
0.000000000000000000e+00
6.953799999999999981e-01
0.000000000000000000e+00
1.042769999999999975e+00
0.000000000000000000e+00
0.000000000000000000e+00
1.192779999999999951e+00
0.000000000000000000e+00
0.000000000000000000e+00
6.036299999999999999e-01
0.000000000000000000e+00
0.000000000000000000e+00
5.908700000000000063e-01
0.000000000000000000e+00
0.000000000000000000e+00
0.000000000000000000e+00
0.000000000000000000e+00
8.077100000000000390e-01
0.000000000000000000e+00
0.000000000000000000e+00
0.000000000000000000e+00
1.120160000000000045e+00
0.000000000000000000e+00
6.394100000000000339e-01
0.000000000000000000e+00
0.000000000000000000e+00
0.000000000000000000e+00
9.863600000000000145e-01
0.000000000000000000e+00
1.919529999999999959e+00
0.000000000000000000e+00
0.000000000000000000e+00
0.000000000000000000e+00
8.073799999999999866e-01
0.000000000000000000e+00
1.922600000000000087e+00
0.000000000000000000e+00
0.000000000000000000e+00
0.000000000000000000e+00
0.000000000000000000e+00
0.000000000000000000e+00
1.927340000000000053e+00
0.000000000000000000e+00
6.248299999999999965e-01
0.000000000000000000e+00
0.000000000000000000e+00
0.000000000000000000e+00
6.699399999999999800e-01
0.000000000000000000e+00
1.689570000000000016e+00
0.000000000000000000e+00
0.000000000000000000e+00
0.000000000000000000e+00
0.000000000000000000e+00
0.000000000000000000e+00
0.000000000000000000e+00
6.879800000000000360e-01
0.000000000000000000e+00
0.000000000000000000e+00
0.000000000000000000e+00
6.052400000000000002e-01
0.000000000000000000e+00
0.000000000000000000e+00
0.000000000000000000e+00
7.474600000000000133e-01
0.000000000000000000e+00
0.000000000000000000e+00
1.917939999999999978e+00
0.000000000000000000e+00
0.000000000000000000e+00
1.918930000000000025e+00
0.000000000000000000e+00
1.920269999999999921e+00
0.000000000000000000e+00
0.000000000000000000e+00
1.923159999999999981e+00
0.000000000000000000e+00
0.000000000000000000e+00
0.000000000000000000e+00
0.000000000000000000e+00
8.346200000000000285e-01
0.000000000000000000e+00
5.349399999999999711e-01
0.000000000000000000e+00
0.000000000000000000e+00
0.000000000000000000e+00
0.000000000000000000e+00
5.356600000000000250e-01
0.000000000000000000e+00
0.000000000000000000e+00
0.000000000000000000e+00
5.336199999999999832e-01
0.000000000000000000e+00
1.174409999999999954e+00
0.000000000000000000e+00
0.000000000000000000e+00
0.000000000000000000e+00
0.000000000000000000e+00
4.799399999999999777e-01
0.000000000000000000e+00
0.000000000000000000e+00
0.000000000000000000e+00
0.000000000000000000e+00
0.000000000000000000e+00
9.908900000000000485e-01
0.000000000000000000e+00
0.000000000000000000e+00
0.000000000000000000e+00
0.000000000000000000e+00
1.117539999999999978e+00
0.000000000000000000e+00
0.000000000000000000e+00
1.701680000000000081e+00
0.000000000000000000e+00
1.086119999999999974e+00
0.000000000000000000e+00
0.000000000000000000e+00
6.380900000000000460e-01
0.000000000000000000e+00
0.000000000000000000e+00
5.701199999999999601e-01
0.000000000000000000e+00
0.000000000000000000e+00
0.000000000000000000e+00
0.000000000000000000e+00
5.573299999999999921e-01
0.000000000000000000e+00
5.792599999999999971e-01
0.000000000000000000e+00
0.000000000000000000e+00
6.784099999999999575e-01
0.000000000000000000e+00
0.000000000000000000e+00
1.920369999999999910e+00
0.000000000000000000e+00
0.000000000000000000e+00
0.000000000000000000e+00
1.047970000000000068e+00
0.000000000000000000e+00
7.467399999999999594e-01
0.000000000000000000e+00
0.000000000000000000e+00
7.643699999999999939e-01
0.000000000000000000e+00
7.883999999999999897e-01
0.000000000000000000e+00
1.915599999999999969e+00
0.000000000000000000e+00
7.923400000000000443e-01
0.000000000000000000e+00
0.000000000000000000e+00
0.000000000000000000e+00
0.000000000000000000e+00
1.921210000000000084e+00
0.000000000000000000e+00
0.000000000000000000e+00
1.636169999999999902e+00
0.000000000000000000e+00
0.000000000000000000e+00
0.000000000000000000e+00
0.000000000000000000e+00
0.000000000000000000e+00
0.000000000000000000e+00
0.000000000000000000e+00
0.000000000000000000e+00
0.000000000000000000e+00
0.000000000000000000e+00
0.000000000000000000e+00
0.000000000000000000e+00
0.000000000000000000e+00
