0.000000000000000000e+00
0.000000000000000000e+00
0.000000000000000000e+00
0.000000000000000000e+00
0.000000000000000000e+00
0.000000000000000000e+00
0.000000000000000000e+00
0.000000000000000000e+00
0.000000000000000000e+00
0.000000000000000000e+00
1.247440000000000104e+00
0.000000000000000000e+00
1.227020000000000000e+00
0.000000000000000000e+00
0.000000000000000000e+00
1.222679999999999989e+00
0.000000000000000000e+00
0.000000000000000000e+00
1.291009999999999991e+00
0.000000000000000000e+00
9.695500000000000229e-01
0.000000000000000000e+00
0.000000000000000000e+00
0.000000000000000000e+00
7.170199999999999907e-01
0.000000000000000000e+00
0.000000000000000000e+00
0.000000000000000000e+00
7.878100000000000103e-01
0.000000000000000000e+00
0.000000000000000000e+00
1.031819999999999959e+00
0.000000000000000000e+00
0.000000000000000000e+00
0.000000000000000000e+00
1.028110000000000079e+00
0.000000000000000000e+00
6.752599999999999714e-01
0.000000000000000000e+00
0.000000000000000000e+00
6.844599999999999573e-01
0.000000000000000000e+00
7.953299999999999814e-01
0.000000000000000000e+00
8.382500000000000506e-01
0.000000000000000000e+00
0.000000000000000000e+00
0.000000000000000000e+00
0.000000000000000000e+00
6.984000000000000208e-01
0.000000000000000000e+00
0.000000000000000000e+00
0.000000000000000000e+00
7.896499999999999631e-01
0.000000000000000000e+00
8.679999999999999938e-01
0.000000000000000000e+00
0.000000000000000000e+00
7.264300000000000201e-01
0.000000000000000000e+00
0.000000000000000000e+00
0.000000000000000000e+00
6.645400000000000196e-01
0.000000000000000000e+00
0.000000000000000000e+00
0.000000000000000000e+00
6.340799999999999770e-01
0.000000000000000000e+00
0.000000000000000000e+00
0.000000000000000000e+00
0.000000000000000000e+00
0.000000000000000000e+00
0.000000000000000000e+00
6.723999999999999977e-01
0.000000000000000000e+00
0.000000000000000000e+00
0.000000000000000000e+00
7.459799999999999764e-01
0.000000000000000000e+00
0.000000000000000000e+00
0.000000000000000000e+00
6.401099999999999568e-01
0.000000000000000000e+00
0.000000000000000000e+00
6.939899999999999958e-01
0.000000000000000000e+00
8.086100000000000509e-01
0.000000000000000000e+00
0.000000000000000000e+00
0.000000000000000000e+00
6.145800000000000152e-01
0.000000000000000000e+00
0.000000000000000000e+00
0.000000000000000000e+00
0.000000000000000000e+00
6.233699999999999797e-01
0.000000000000000000e+00
0.000000000000000000e+00
0.000000000000000000e+00
0.000000000000000000e+00
0.000000000000000000e+00
5.806299999999999795e-01
0.000000000000000000e+00
0.000000000000000000e+00
0.000000000000000000e+00
0.000000000000000000e+00
6.778300000000000436e-01
0.000000000000000000e+00
0.000000000000000000e+00
0.000000000000000000e+00
0.000000000000000000e+00
9.841499999999999693e-01
0.000000000000000000e+00
1.064449999999999896e+00
0.000000000000000000e+00
1.104100000000000081e+00
0.000000000000000000e+00
0.000000000000000000e+00
0.000000000000000000e+00
8.270399999999999974e-01
0.000000000000000000e+00
0.000000000000000000e+00
8.512699999999999712e-01
0.000000000000000000e+00
0.000000000000000000e+00
0.000000000000000000e+00
6.523999999999999799e-01
0.000000000000000000e+00
0.000000000000000000e+00
6.506999999999999451e-01
0.000000000000000000e+00
0.000000000000000000e+00
0.000000000000000000e+00
9.618499999999999828e-01
0.000000000000000000e+00
0.000000000000000000e+00
5.311299999999999910e-01
0.000000000000000000e+00
0.000000000000000000e+00
0.000000000000000000e+00
7.297000000000000153e-01
0.000000000000000000e+00
0.000000000000000000e+00
0.000000000000000000e+00
0.000000000000000000e+00
7.110300000000000509e-01
0.000000000000000000e+00
0.000000000000000000e+00
0.000000000000000000e+00
9.301899999999999613e-01
0.000000000000000000e+00
0.000000000000000000e+00
0.000000000000000000e+00
6.633099999999999552e-01
0.000000000000000000e+00
0.000000000000000000e+00
0.000000000000000000e+00
0.000000000000000000e+00
5.606299999999999617e-01
0.000000000000000000e+00
0.000000000000000000e+00
1.036559999999999926e+00
0.000000000000000000e+00
0.000000000000000000e+00
0.000000000000000000e+00
0.000000000000000000e+00
5.707499999999999796e-01
0.000000000000000000e+00
0.000000000000000000e+00
0.000000000000000000e+00
5.338600000000000012e-01
0.000000000000000000e+00
6.335600000000000120e-01
0.000000000000000000e+00
0.000000000000000000e+00
0.000000000000000000e+00
7.740200000000000413e-01
0.000000000000000000e+00
0.000000000000000000e+00
9.101399999999999491e-01
0.000000000000000000e+00
0.000000000000000000e+00
1.380179999999999962e+00
0.000000000000000000e+00
0.000000000000000000e+00
5.258300000000000196e-01
0.000000000000000000e+00
0.000000000000000000e+00
0.000000000000000000e+00
6.799600000000000088e-01
0.000000000000000000e+00
0.000000000000000000e+00
0.000000000000000000e+00
5.861600000000000144e-01
0.000000000000000000e+00
0.000000000000000000e+00
0.000000000000000000e+00
0.000000000000000000e+00
5.064499999999999558e-01
0.000000000000000000e+00
8.373300000000000187e-01
0.000000000000000000e+00
0.000000000000000000e+00
5.605200000000000182e-01
0.000000000000000000e+00
1.081020000000000092e+00
0.000000000000000000e+00
0.000000000000000000e+00
0.000000000000000000e+00
0.000000000000000000e+00
0.000000000000000000e+00
0.000000000000000000e+00
7.519000000000000128e-01
0.000000000000000000e+00
0.000000000000000000e+00
0.000000000000000000e+00
0.000000000000000000e+00
7.835800000000000542e-01
0.000000000000000000e+00
0.000000000000000000e+00
0.000000000000000000e+00
0.000000000000000000e+00
9.820999999999999730e-01
0.000000000000000000e+00
0.000000000000000000e+00
0.000000000000000000e+00
6.162300000000000555e-01
0.000000000000000000e+00
0.000000000000000000e+00
1.313830000000000053e+00
0.000000000000000000e+00
5.953800000000000203e-01
0.000000000000000000e+00
0.000000000000000000e+00
0.000000000000000000e+00
0.000000000000000000e+00
0.000000000000000000e+00
0.000000000000000000e+00
0.000000000000000000e+00
5.170400000000000551e-01
0.000000000000000000e+00
0.000000000000000000e+00
7.198900000000000299e-01
0.000000000000000000e+00
0.000000000000000000e+00
4.987699999999999911e-01
0.000000000000000000e+00
0.000000000000000000e+00
5.735400000000000498e-01
0.000000000000000000e+00
4.966400000000000259e-01
0.000000000000000000e+00
0.000000000000000000e+00
0.000000000000000000e+00
8.706300000000000150e-01
0.000000000000000000e+00
0.000000000000000000e+00
0.000000000000000000e+00
0.000000000000000000e+00
5.975500000000000256e-01
0.000000000000000000e+00
0.000000000000000000e+00
0.000000000000000000e+00
7.931799999999999962e-01
0.000000000000000000e+00
0.000000000000000000e+00
5.493700000000000250e-01
0.000000000000000000e+00
0.000000000000000000e+00
6.322499999999999787e-01
0.000000000000000000e+00
0.000000000000000000e+00
5.785200000000000342e-01
0.000000000000000000e+00
0.000000000000000000e+00
0.000000000000000000e+00
0.000000000000000000e+00
5.614500000000000046e-01
0.000000000000000000e+00
0.000000000000000000e+00
6.192600000000000326e-01
0.000000000000000000e+00
0.000000000000000000e+00
0.000000000000000000e+00
7.348299999999999832e-01
0.000000000000000000e+00
0.000000000000000000e+00
6.005500000000000282e-01
0.000000000000000000e+00
0.000000000000000000e+00
0.000000000000000000e+00
0.000000000000000000e+00
7.119999999999999662e-01
0.000000000000000000e+00
0.000000000000000000e+00
0.000000000000000000e+00
0.000000000000000000e+00
0.000000000000000000e+00
6.065099999999999936e-01
0.000000000000000000e+00
4.925899999999999723e-01
0.000000000000000000e+00
0.000000000000000000e+00
0.000000000000000000e+00
0.000000000000000000e+00
0.000000000000000000e+00
0.000000000000000000e+00
0.000000000000000000e+00
0.000000000000000000e+00
0.000000000000000000e+00
0.000000000000000000e+00
0.000000000000000000e+00
0.000000000000000000e+00
0.000000000000000000e+00
0.000000000000000000e+00
0.000000000000000000e+00
0.000000000000000000e+00
0.000000000000000000e+00
0.000000000000000000e+00
0.000000000000000000e+00
0.000000000000000000e+00
0.000000000000000000e+00
0.000000000000000000e+00
0.000000000000000000e+00
0.000000000000000000e+00
0.000000000000000000e+00
0.000000000000000000e+00
8.293599999999999861e-01
0.000000000000000000e+00
0.000000000000000000e+00
6.651500000000000190e-01
0.000000000000000000e+00
7.225200000000000511e-01
0.000000000000000000e+00
0.000000000000000000e+00
0.000000000000000000e+00
0.000000000000000000e+00
5.873300000000000187e-01
0.000000000000000000e+00
7.389400000000000412e-01
0.000000000000000000e+00
0.000000000000000000e+00
5.912199999999999678e-01
0.000000000000000000e+00
0.000000000000000000e+00
0.000000000000000000e+00
1.214339999999999975e+00
0.000000000000000000e+00
0.000000000000000000e+00
6.757600000000000273e-01
0.000000000000000000e+00
0.000000000000000000e+00
0.000000000000000000e+00
7.417700000000000404e-01
0.000000000000000000e+00
7.856999999999999540e-01
0.000000000000000000e+00
0.000000000000000000e+00
0.000000000000000000e+00
6.813900000000000512e-01
0.000000000000000000e+00
6.990499999999999492e-01
0.000000000000000000e+00
7.040499999999999536e-01
0.000000000000000000e+00
0.000000000000000000e+00
0.000000000000000000e+00
0.000000000000000000e+00
7.902799999999999825e-01
0.000000000000000000e+00
0.000000000000000000e+00
0.000000000000000000e+00
0.000000000000000000e+00
6.817299999999999471e-01
0.000000000000000000e+00
8.995900000000000007e-01
0.000000000000000000e+00
5.532099999999999795e-01
0.000000000000000000e+00
9.354099999999999637e-01
0.000000000000000000e+00
0.000000000000000000e+00
0.000000000000000000e+00
5.283799999999999608e-01
0.000000000000000000e+00
6.310299999999999798e-01
0.000000000000000000e+00
0.000000000000000000e+00
0.000000000000000000e+00
5.801399999999999890e-01
0.000000000000000000e+00
0.000000000000000000e+00
4.999399999999999955e-01
0.000000000000000000e+00
6.874599999999999600e-01
0.000000000000000000e+00
0.000000000000000000e+00
6.177799999999999958e-01
0.000000000000000000e+00
0.000000000000000000e+00
6.819899999999999851e-01
0.000000000000000000e+00
0.000000000000000000e+00
8.472899999999999876e-01
0.000000000000000000e+00
0.000000000000000000e+00
0.000000000000000000e+00
0.000000000000000000e+00
0.000000000000000000e+00
0.000000000000000000e+00
5.941499999999999559e-01
0.000000000000000000e+00
0.000000000000000000e+00
6.590300000000000047e-01
0.000000000000000000e+00
5.713300000000000045e-01
0.000000000000000000e+00
5.516699999999999937e-01
0.000000000000000000e+00
6.622900000000000453e-01
0.000000000000000000e+00
0.000000000000000000e+00
0.000000000000000000e+00
0.000000000000000000e+00
5.940400000000000125e-01
0.000000000000000000e+00
0.000000000000000000e+00
8.466799999999999882e-01
0.000000000000000000e+00
0.000000000000000000e+00
8.285599999999999632e-01
0.000000000000000000e+00
0.000000000000000000e+00
0.000000000000000000e+00
0.000000000000000000e+00
0.000000000000000000e+00
6.023899999999999810e-01
0.000000000000000000e+00
6.018700000000000161e-01
0.000000000000000000e+00
5.438600000000000101e-01
0.000000000000000000e+00
6.103899999999999881e-01
0.000000000000000000e+00
7.058699999999999974e-01
0.000000000000000000e+00
0.000000000000000000e+00
6.512099999999999556e-01
0.000000000000000000e+00
0.000000000000000000e+00
0.000000000000000000e+00
1.547970000000000068e+00
0.000000000000000000e+00
0.000000000000000000e+00
0.000000000000000000e+00
0.000000000000000000e+00
5.644099999999999673e-01
0.000000000000000000e+00
0.000000000000000000e+00
9.154900000000000260e-01
0.000000000000000000e+00
0.000000000000000000e+00
0.000000000000000000e+00
5.482099999999999751e-01
0.000000000000000000e+00
0.000000000000000000e+00
0.000000000000000000e+00
0.000000000000000000e+00
0.000000000000000000e+00
6.272799999999999487e-01
0.000000000000000000e+00
5.528699999999999726e-01
0.000000000000000000e+00
0.000000000000000000e+00
0.000000000000000000e+00
5.498899999999999899e-01
0.000000000000000000e+00
0.000000000000000000e+00
6.432099999999999485e-01
0.000000000000000000e+00
5.946200000000000374e-01
0.000000000000000000e+00
0.000000000000000000e+00
5.078200000000000491e-01
0.000000000000000000e+00
0.000000000000000000e+00
5.849999999999999645e-01
0.000000000000000000e+00
8.783699999999999841e-01
0.000000000000000000e+00
0.000000000000000000e+00
0.000000000000000000e+00
1.048489999999999922e+00
0.000000000000000000e+00
0.000000000000000000e+00
0.000000000000000000e+00
7.844499999999999806e-01
0.000000000000000000e+00
0.000000000000000000e+00
0.000000000000000000e+00
1.044620000000000104e+00
0.000000000000000000e+00
0.000000000000000000e+00
0.000000000000000000e+00
0.000000000000000000e+00
0.000000000000000000e+00
5.960400000000000142e-01
0.000000000000000000e+00
8.345099999999999740e-01
0.000000000000000000e+00
6.918800000000000505e-01
0.000000000000000000e+00
6.843900000000000539e-01
0.000000000000000000e+00
0.000000000000000000e+00
0.000000000000000000e+00
0.000000000000000000e+00
0.000000000000000000e+00
0.000000000000000000e+00
7.696899999999999853e-01
0.000000000000000000e+00
0.000000000000000000e+00
0.000000000000000000e+00
8.914400000000000102e-01
0.000000000000000000e+00
0.000000000000000000e+00
5.516499999999999737e-01
0.000000000000000000e+00
6.282999999999999696e-01
0.000000000000000000e+00
0.000000000000000000e+00
0.000000000000000000e+00
0.000000000000000000e+00
8.246599999999999486e-01
0.000000000000000000e+00
0.000000000000000000e+00
0.000000000000000000e+00
1.125520000000000076e+00
0.000000000000000000e+00
5.391599999999999726e-01
0.000000000000000000e+00
0.000000000000000000e+00
7.361999999999999655e-01
0.000000000000000000e+00
0.000000000000000000e+00
6.318700000000000427e-01
0.000000000000000000e+00
6.113499999999999490e-01
0.000000000000000000e+00
0.000000000000000000e+00
0.000000000000000000e+00
0.000000000000000000e+00
8.222300000000000164e-01
0.000000000000000000e+00
0.000000000000000000e+00
0.000000000000000000e+00
0.000000000000000000e+00
6.864900000000000446e-01
0.000000000000000000e+00
8.651600000000000401e-01
0.000000000000000000e+00
0.000000000000000000e+00
0.000000000000000000e+00
0.000000000000000000e+00
9.084699999999999998e-01
0.000000000000000000e+00
0.000000000000000000e+00
8.112599999999999811e-01
0.000000000000000000e+00
0.000000000000000000e+00
0.000000000000000000e+00
5.999999999999999778e-01
0.000000000000000000e+00
0.000000000000000000e+00
9.666099999999999692e-01
0.000000000000000000e+00
0.000000000000000000e+00
5.907200000000000228e-01
0.000000000000000000e+00
0.000000000000000000e+00
9.525299999999999878e-01
0.000000000000000000e+00
0.000000000000000000e+00
0.000000000000000000e+00
1.352899999999999991e+00
0.000000000000000000e+00
0.000000000000000000e+00
0.000000000000000000e+00
0.000000000000000000e+00
1.939300000000000024e+00
0.000000000000000000e+00
0.000000000000000000e+00
0.000000000000000000e+00
0.000000000000000000e+00
0.000000000000000000e+00
0.000000000000000000e+00
0.000000000000000000e+00
0.000000000000000000e+00
0.000000000000000000e+00
0.000000000000000000e+00
0.000000000000000000e+00
0.000000000000000000e+00
0.000000000000000000e+00
0.000000000000000000e+00
0.000000000000000000e+00
0.000000000000000000e+00
0.000000000000000000e+00
0.000000000000000000e+00
0.000000000000000000e+00
0.000000000000000000e+00
0.000000000000000000e+00
0.000000000000000000e+00
0.000000000000000000e+00
0.000000000000000000e+00
7.468399999999999483e-01
0.000000000000000000e+00
0.000000000000000000e+00
0.000000000000000000e+00
5.827900000000000302e-01
0.000000000000000000e+00
0.000000000000000000e+00
0.000000000000000000e+00
1.325239999999999974e+00
0.000000000000000000e+00
0.000000000000000000e+00
0.000000000000000000e+00
0.000000000000000000e+00
5.992600000000000149e-01
0.000000000000000000e+00
0.000000000000000000e+00
0.000000000000000000e+00
0.000000000000000000e+00
5.926599999999999646e-01
0.000000000000000000e+00
0.000000000000000000e+00
1.145850000000000035e+00
0.000000000000000000e+00
0.000000000000000000e+00
6.202699999999999880e-01
0.000000000000000000e+00
0.000000000000000000e+00
0.000000000000000000e+00
0.000000000000000000e+00
0.000000000000000000e+00
0.000000000000000000e+00
5.416999999999999593e-01
0.000000000000000000e+00
1.266659999999999897e+00
0.000000000000000000e+00
0.000000000000000000e+00
6.464299999999999491e-01
0.000000000000000000e+00
0.000000000000000000e+00
6.912800000000000056e-01
0.000000000000000000e+00
0.000000000000000000e+00
6.225699999999999568e-01
0.000000000000000000e+00
0.000000000000000000e+00
0.000000000000000000e+00
9.769600000000000506e-01
0.000000000000000000e+00
0.000000000000000000e+00
0.000000000000000000e+00
0.000000000000000000e+00
6.019700000000000051e-01
0.000000000000000000e+00
0.000000000000000000e+00
8.358299999999999619e-01
0.000000000000000000e+00
5.507800000000000473e-01
0.000000000000000000e+00
0.000000000000000000e+00
0.000000000000000000e+00
4.623399999999999732e-01
0.000000000000000000e+00
0.000000000000000000e+00
8.108400000000000052e-01
0.000000000000000000e+00
5.484799999999999676e-01
0.000000000000000000e+00
8.882100000000000550e-01
0.000000000000000000e+00
0.000000000000000000e+00
6.156399999999999650e-01
0.000000000000000000e+00
0.000000000000000000e+00
0.000000000000000000e+00
0.000000000000000000e+00
5.819999999999999618e-01
0.000000000000000000e+00
0.000000000000000000e+00
1.358340000000000103e+00
0.000000000000000000e+00
0.000000000000000000e+00
0.000000000000000000e+00
0.000000000000000000e+00
6.554699999999999971e-01
0.000000000000000000e+00
0.000000000000000000e+00
0.000000000000000000e+00
6.784099999999999575e-01
0.000000000000000000e+00
0.000000000000000000e+00
0.000000000000000000e+00
4.487900000000000222e-01
0.000000000000000000e+00
5.858600000000000474e-01
0.000000000000000000e+00
0.000000000000000000e+00
0.000000000000000000e+00
0.000000000000000000e+00
5.197000000000000508e-01
0.000000000000000000e+00
7.923700000000000188e-01
0.000000000000000000e+00
0.000000000000000000e+00
0.000000000000000000e+00
0.000000000000000000e+00
0.000000000000000000e+00
8.520799999999999486e-01
0.000000000000000000e+00
0.000000000000000000e+00
0.000000000000000000e+00
5.759600000000000275e-01
0.000000000000000000e+00
6.105399999999999716e-01
0.000000000000000000e+00
0.000000000000000000e+00
5.678499999999999659e-01
0.000000000000000000e+00
7.141100000000000225e-01
0.000000000000000000e+00
5.566600000000000437e-01
0.000000000000000000e+00
0.000000000000000000e+00
5.433400000000000452e-01
0.000000000000000000e+00
0.000000000000000000e+00
0.000000000000000000e+00
0.000000000000000000e+00
5.862600000000000033e-01
0.000000000000000000e+00
5.507900000000000018e-01
0.000000000000000000e+00
0.000000000000000000e+00
0.000000000000000000e+00
5.661599999999999966e-01
0.000000000000000000e+00
0.000000000000000000e+00
0.000000000000000000e+00
0.000000000000000000e+00
5.381000000000000227e-01
0.000000000000000000e+00
0.000000000000000000e+00
5.689800000000000413e-01
0.000000000000000000e+00
0.000000000000000000e+00
6.002300000000000413e-01
0.000000000000000000e+00
0.000000000000000000e+00
0.000000000000000000e+00
0.000000000000000000e+00
5.534700000000000175e-01
0.000000000000000000e+00
0.000000000000000000e+00
0.000000000000000000e+00
4.966599999999999904e-01
0.000000000000000000e+00
0.000000000000000000e+00
0.000000000000000000e+00
0.000000000000000000e+00
7.826100000000000279e-01
0.000000000000000000e+00
0.000000000000000000e+00
0.000000000000000000e+00
0.000000000000000000e+00
6.359000000000000208e-01
0.000000000000000000e+00
5.099700000000000344e-01
0.000000000000000000e+00
0.000000000000000000e+00
0.000000000000000000e+00
4.921400000000000219e-01
0.000000000000000000e+00
0.000000000000000000e+00
0.000000000000000000e+00
4.557100000000000040e-01
0.000000000000000000e+00
0.000000000000000000e+00
0.000000000000000000e+00
0.000000000000000000e+00
6.410099999999999687e-01
0.000000000000000000e+00
7.799500000000000322e-01
0.000000000000000000e+00
0.000000000000000000e+00
5.888999999999999790e-01
0.000000000000000000e+00
0.000000000000000000e+00
0.000000000000000000e+00
9.353599999999999692e-01
0.000000000000000000e+00
0.000000000000000000e+00
0.000000000000000000e+00
0.000000000000000000e+00
0.000000000000000000e+00
1.084540000000000060e+00
0.000000000000000000e+00
0.000000000000000000e+00
0.000000000000000000e+00
0.000000000000000000e+00
5.959900000000000198e-01
0.000000000000000000e+00
0.000000000000000000e+00
7.967999999999999527e-01
0.000000000000000000e+00
0.000000000000000000e+00
0.000000000000000000e+00
6.318700000000000427e-01
0.000000000000000000e+00
6.252600000000000380e-01
0.000000000000000000e+00
7.071800000000000308e-01
0.000000000000000000e+00
0.000000000000000000e+00
0.000000000000000000e+00
7.024500000000000188e-01
0.000000000000000000e+00
0.000000000000000000e+00
6.278099999999999792e-01
0.000000000000000000e+00
0.000000000000000000e+00
0.000000000000000000e+00
8.179300000000000459e-01
0.000000000000000000e+00
0.000000000000000000e+00
0.000000000000000000e+00
6.021499999999999631e-01
0.000000000000000000e+00
6.025700000000000500e-01
0.000000000000000000e+00
5.846099999999999630e-01
0.000000000000000000e+00
5.565999999999999837e-01
0.000000000000000000e+00
0.000000000000000000e+00
6.980399999999999938e-01
0.000000000000000000e+00
0.000000000000000000e+00
5.388100000000000112e-01
0.000000000000000000e+00
0.000000000000000000e+00
0.000000000000000000e+00
0.000000000000000000e+00
4.885999999999999788e-01
0.000000000000000000e+00
0.000000000000000000e+00
0.000000000000000000e+00
6.071999999999999620e-01
0.000000000000000000e+00
0.000000000000000000e+00
5.645999999999999908e-01
0.000000000000000000e+00
5.776599999999999513e-01
0.000000000000000000e+00
0.000000000000000000e+00
0.000000000000000000e+00
0.000000000000000000e+00
5.633500000000000174e-01
0.000000000000000000e+00
0.000000000000000000e+00
4.882699999999999818e-01
0.000000000000000000e+00
0.000000000000000000e+00
0.000000000000000000e+00
6.759800000000000253e-01
0.000000000000000000e+00
0.000000000000000000e+00
5.376199999999999868e-01
0.000000000000000000e+00
0.000000000000000000e+00
1.047509999999999941e+00
0.000000000000000000e+00
0.000000000000000000e+00
0.000000000000000000e+00
4.964799999999999769e-01
0.000000000000000000e+00
0.000000000000000000e+00
6.352600000000000469e-01
0.000000000000000000e+00
0.000000000000000000e+00
0.000000000000000000e+00
4.285599999999999965e-01
0.000000000000000000e+00
0.000000000000000000e+00
0.000000000000000000e+00
0.000000000000000000e+00
0.000000000000000000e+00
0.000000000000000000e+00
0.000000000000000000e+00
0.000000000000000000e+00
0.000000000000000000e+00
0.000000000000000000e+00
0.000000000000000000e+00
0.000000000000000000e+00
0.000000000000000000e+00
0.000000000000000000e+00
0.000000000000000000e+00
0.000000000000000000e+00
0.000000000000000000e+00
0.000000000000000000e+00
0.000000000000000000e+00
0.000000000000000000e+00
0.000000000000000000e+00
1.043670000000000098e+00
0.000000000000000000e+00
0.000000000000000000e+00
0.000000000000000000e+00
7.782299999999999773e-01
0.000000000000000000e+00
8.857199999999999518e-01
0.000000000000000000e+00
0.000000000000000000e+00
5.155100000000000238e-01
0.000000000000000000e+00
0.000000000000000000e+00
0.000000000000000000e+00
6.427000000000000490e-01
0.000000000000000000e+00
0.000000000000000000e+00
6.172199999999999909e-01
0.000000000000000000e+00
0.000000000000000000e+00
5.653099999999999792e-01
0.000000000000000000e+00
0.000000000000000000e+00
4.645699999999999830e-01
0.000000000000000000e+00
0.000000000000000000e+00
0.000000000000000000e+00
6.397399999999999753e-01
0.000000000000000000e+00
0.000000000000000000e+00
5.641500000000000403e-01
0.000000000000000000e+00
8.197600000000000442e-01
0.000000000000000000e+00
0.000000000000000000e+00
0.000000000000000000e+00
6.035800000000000054e-01
0.000000000000000000e+00
0.000000000000000000e+00
9.171399999999999553e-01
0.000000000000000000e+00
0.000000000000000000e+00
0.000000000000000000e+00
7.590200000000000280e-01
0.000000000000000000e+00
1.078619999999999912e+00
0.000000000000000000e+00
0.000000000000000000e+00
0.000000000000000000e+00
6.308799999999999963e-01
0.000000000000000000e+00
0.000000000000000000e+00
0.000000000000000000e+00
0.000000000000000000e+00
6.866100000000000536e-01
0.000000000000000000e+00
0.000000000000000000e+00
5.128700000000000481e-01
0.000000000000000000e+00
0.000000000000000000e+00
0.000000000000000000e+00
9.108800000000000230e-01
0.000000000000000000e+00
0.000000000000000000e+00
0.000000000000000000e+00
6.374499999999999611e-01
0.000000000000000000e+00
9.156499999999999639e-01
0.000000000000000000e+00
1.226250000000000062e+00
0.000000000000000000e+00
7.093099999999999961e-01
0.000000000000000000e+00
0.000000000000000000e+00
0.000000000000000000e+00
5.702300000000000146e-01
0.000000000000000000e+00
0.000000000000000000e+00
0.000000000000000000e+00
6.728300000000000392e-01
0.000000000000000000e+00
0.000000000000000000e+00
0.000000000000000000e+00
7.313499999999999446e-01
0.000000000000000000e+00
6.426600000000000090e-01
0.000000000000000000e+00
0.000000000000000000e+00
0.000000000000000000e+00
6.057299999999999907e-01
0.000000000000000000e+00
0.000000000000000000e+00
0.000000000000000000e+00
0.000000000000000000e+00
0.000000000000000000e+00
0.000000000000000000e+00
6.114500000000000490e-01
0.000000000000000000e+00
5.914199999999999458e-01
0.000000000000000000e+00
5.809999999999999609e-01
0.000000000000000000e+00
7.239799999999999569e-01
0.000000000000000000e+00
0.000000000000000000e+00
0.000000000000000000e+00
0.000000000000000000e+00
5.780499999999999527e-01
0.000000000000000000e+00
0.000000000000000000e+00
1.173219999999999930e+00
0.000000000000000000e+00
6.608199999999999630e-01
0.000000000000000000e+00
1.539309999999999956e+00
0.000000000000000000e+00
0.000000000000000000e+00
0.000000000000000000e+00
1.089439999999999964e+00
0.000000000000000000e+00
0.000000000000000000e+00
1.344340000000000090e+00
0.000000000000000000e+00
0.000000000000000000e+00
1.198609999999999953e+00
0.000000000000000000e+00
0.000000000000000000e+00
7.149400000000000199e-01
0.000000000000000000e+00
7.800099999999999811e-01
0.000000000000000000e+00
0.000000000000000000e+00
5.337399999999999922e-01
0.000000000000000000e+00
0.000000000000000000e+00
0.000000000000000000e+00
6.768199999999999772e-01
0.000000000000000000e+00
4.915900000000000269e-01
0.000000000000000000e+00
0.000000000000000000e+00
5.567600000000000326e-01
0.000000000000000000e+00
0.000000000000000000e+00
7.174800000000000066e-01
0.000000000000000000e+00
0.000000000000000000e+00
6.463200000000000056e-01
0.000000000000000000e+00
7.351999999999999647e-01
0.000000000000000000e+00
0.000000000000000000e+00
0.000000000000000000e+00
0.000000000000000000e+00
6.707199999999999829e-01
0.000000000000000000e+00
0.000000000000000000e+00
0.000000000000000000e+00
0.000000000000000000e+00
0.000000000000000000e+00
6.029799999999999605e-01
0.000000000000000000e+00
0.000000000000000000e+00
0.000000000000000000e+00
8.454500000000000348e-01
0.000000000000000000e+00
0.000000000000000000e+00
0.000000000000000000e+00
0.000000000000000000e+00
0.000000000000000000e+00
7.559799999999999853e-01
0.000000000000000000e+00
0.000000000000000000e+00
5.177699999999999525e-01
0.000000000000000000e+00
6.675900000000000167e-01
0.000000000000000000e+00
0.000000000000000000e+00
0.000000000000000000e+00
0.000000000000000000e+00
5.892500000000000515e-01
0.000000000000000000e+00
0.000000000000000000e+00
7.551999999999999824e-01
0.000000000000000000e+00
6.046000000000000263e-01
0.000000000000000000e+00
6.945500000000000007e-01
0.000000000000000000e+00
0.000000000000000000e+00
5.229099999999999859e-01
0.000000000000000000e+00
0.000000000000000000e+00
6.627999999999999448e-01
0.000000000000000000e+00
0.000000000000000000e+00
0.000000000000000000e+00
5.939100000000000490e-01
0.000000000000000000e+00
6.584100000000000508e-01
0.000000000000000000e+00
0.000000000000000000e+00
7.547099999999999920e-01
0.000000000000000000e+00
0.000000000000000000e+00
0.000000000000000000e+00
7.948100000000000165e-01
0.000000000000000000e+00
0.000000000000000000e+00
0.000000000000000000e+00
0.000000000000000000e+00
7.233600000000000030e-01
0.000000000000000000e+00
6.409200000000000452e-01
0.000000000000000000e+00
0.000000000000000000e+00
0.000000000000000000e+00
7.248900000000000343e-01
0.000000000000000000e+00
0.000000000000000000e+00
1.244250000000000078e+00
0.000000000000000000e+00
0.000000000000000000e+00
0.000000000000000000e+00
1.106279999999999930e+00
0.000000000000000000e+00
0.000000000000000000e+00
0.000000000000000000e+00
7.238599999999999479e-01
0.000000000000000000e+00
8.924299999999999455e-01
0.000000000000000000e+00
0.000000000000000000e+00
9.556200000000000250e-01
0.000000000000000000e+00
0.000000000000000000e+00
0.000000000000000000e+00
1.053239999999999954e+00
0.000000000000000000e+00
0.000000000000000000e+00
0.000000000000000000e+00
0.000000000000000000e+00
6.855599999999999472e-01
0.000000000000000000e+00
6.887600000000000389e-01
0.000000000000000000e+00
8.146200000000000108e-01
0.000000000000000000e+00
1.029369999999999896e+00
0.000000000000000000e+00
0.000000000000000000e+00
6.122300000000000519e-01
0.000000000000000000e+00
0.000000000000000000e+00
0.000000000000000000e+00
6.645900000000000141e-01
0.000000000000000000e+00
0.000000000000000000e+00
1.187480000000000091e+00
0.000000000000000000e+00
0.000000000000000000e+00
0.000000000000000000e+00
0.000000000000000000e+00
0.000000000000000000e+00
0.000000000000000000e+00
0.000000000000000000e+00
0.000000000000000000e+00
0.000000000000000000e+00
0.000000000000000000e+00
0.000000000000000000e+00
0.000000000000000000e+00
0.000000000000000000e+00
0.000000000000000000e+00
0.000000000000000000e+00
0.000000000000000000e+00
0.000000000000000000e+00
0.000000000000000000e+00
0.000000000000000000e+00
0.000000000000000000e+00
0.000000000000000000e+00
6.821599999999999886e-01
0.000000000000000000e+00
0.000000000000000000e+00
0.000000000000000000e+00
0.000000000000000000e+00
9.789900000000000269e-01
0.000000000000000000e+00
9.146199999999999886e-01
0.000000000000000000e+00
0.000000000000000000e+00
0.000000000000000000e+00
0.000000000000000000e+00
7.289400000000000324e-01
0.000000000000000000e+00
1.257540000000000102e+00
0.000000000000000000e+00
0.000000000000000000e+00
0.000000000000000000e+00
6.999999999999999556e-01
0.000000000000000000e+00
0.000000000000000000e+00
0.000000000000000000e+00
7.136400000000000521e-01
0.000000000000000000e+00
0.000000000000000000e+00
0.000000000000000000e+00
0.000000000000000000e+00
0.000000000000000000e+00
5.812899999999999734e-01
0.000000000000000000e+00
0.000000000000000000e+00
6.721899999999999542e-01
0.000000000000000000e+00
0.000000000000000000e+00
0.000000000000000000e+00
0.000000000000000000e+00
1.071879999999999944e+00
0.000000000000000000e+00
0.000000000000000000e+00
0.000000000000000000e+00
8.063700000000000312e-01
0.000000000000000000e+00
0.000000000000000000e+00
5.962199999999999722e-01
0.000000000000000000e+00
7.048900000000000166e-01
0.000000000000000000e+00
0.000000000000000000e+00
0.000000000000000000e+00
0.000000000000000000e+00
7.984400000000000386e-01
0.000000000000000000e+00
0.000000000000000000e+00
0.000000000000000000e+00
0.000000000000000000e+00
0.000000000000000000e+00
0.000000000000000000e+00
7.082000000000000517e-01
0.000000000000000000e+00
0.000000000000000000e+00
0.000000000000000000e+00
5.363099999999999534e-01
0.000000000000000000e+00
0.000000000000000000e+00
6.750199999999999534e-01
0.000000000000000000e+00
0.000000000000000000e+00
9.499600000000000266e-01
0.000000000000000000e+00
0.000000000000000000e+00
0.000000000000000000e+00
0.000000000000000000e+00
0.000000000000000000e+00
6.879199999999999759e-01
0.000000000000000000e+00
0.000000000000000000e+00
7.751900000000000457e-01
0.000000000000000000e+00
0.000000000000000000e+00
7.852400000000000491e-01
0.000000000000000000e+00
0.000000000000000000e+00
0.000000000000000000e+00
7.851099999999999746e-01
0.000000000000000000e+00
7.466300000000000159e-01
0.000000000000000000e+00
6.403100000000000458e-01
0.000000000000000000e+00
6.782000000000000250e-01
0.000000000000000000e+00
0.000000000000000000e+00
0.000000000000000000e+00
0.000000000000000000e+00
6.512299999999999756e-01
0.000000000000000000e+00
7.175300000000000011e-01
0.000000000000000000e+00
0.000000000000000000e+00
0.000000000000000000e+00
6.697999999999999510e-01
0.000000000000000000e+00
0.000000000000000000e+00
6.386300000000000310e-01
0.000000000000000000e+00
0.000000000000000000e+00
5.749300000000000521e-01
0.000000000000000000e+00
0.000000000000000000e+00
0.000000000000000000e+00
7.661700000000000177e-01
0.000000000000000000e+00
0.000000000000000000e+00
0.000000000000000000e+00
0.000000000000000000e+00
0.000000000000000000e+00
8.176400000000000334e-01
0.000000000000000000e+00
0.000000000000000000e+00
0.000000000000000000e+00
1.070489999999999942e+00
0.000000000000000000e+00
1.193189999999999973e+00
0.000000000000000000e+00
0.000000000000000000e+00
7.181800000000000406e-01
0.000000000000000000e+00
0.000000000000000000e+00
0.000000000000000000e+00
0.000000000000000000e+00
0.000000000000000000e+00
6.935499999999999998e-01
0.000000000000000000e+00
0.000000000000000000e+00
8.659299999999999775e-01
0.000000000000000000e+00
0.000000000000000000e+00
0.000000000000000000e+00
8.126999999999999780e-01
0.000000000000000000e+00
0.000000000000000000e+00
0.000000000000000000e+00
0.000000000000000000e+00
7.498899999999999455e-01
0.000000000000000000e+00
8.244299999999999962e-01
0.000000000000000000e+00
0.000000000000000000e+00
1.167229999999999990e+00
0.000000000000000000e+00
0.000000000000000000e+00
0.000000000000000000e+00
0.000000000000000000e+00
9.512399999999999745e-01
0.000000000000000000e+00
0.000000000000000000e+00
0.000000000000000000e+00
0.000000000000000000e+00
0.000000000000000000e+00
0.000000000000000000e+00
0.000000000000000000e+00
5.903300000000000214e-01
0.000000000000000000e+00
6.243600000000000261e-01
0.000000000000000000e+00
6.574900000000000189e-01
0.000000000000000000e+00
8.118600000000000261e-01
0.000000000000000000e+00
8.744800000000000351e-01
0.000000000000000000e+00
0.000000000000000000e+00
1.291029999999999900e+00
0.000000000000000000e+00
0.000000000000000000e+00
0.000000000000000000e+00
0.000000000000000000e+00
0.000000000000000000e+00
8.336000000000000076e-01
0.000000000000000000e+00
1.024289999999999923e+00
0.000000000000000000e+00
7.860399999999999610e-01
0.000000000000000000e+00
0.000000000000000000e+00
0.000000000000000000e+00
8.070100000000000051e-01
0.000000000000000000e+00
7.532699999999999951e-01
0.000000000000000000e+00
0.000000000000000000e+00
0.000000000000000000e+00
6.658800000000000274e-01
0.000000000000000000e+00
6.589300000000000157e-01
0.000000000000000000e+00
0.000000000000000000e+00
0.000000000000000000e+00
0.000000000000000000e+00
9.500600000000000156e-01
0.000000000000000000e+00
0.000000000000000000e+00
0.000000000000000000e+00
0.000000000000000000e+00
0.000000000000000000e+00
0.000000000000000000e+00
9.577700000000000102e-01
0.000000000000000000e+00
0.000000000000000000e+00
0.000000000000000000e+00
7.187900000000000400e-01
0.000000000000000000e+00
0.000000000000000000e+00
8.149899999999999922e-01
0.000000000000000000e+00
0.000000000000000000e+00
0.000000000000000000e+00
6.100400000000000267e-01
0.000000000000000000e+00
0.000000000000000000e+00
6.997799999999999576e-01
0.000000000000000000e+00
0.000000000000000000e+00
0.000000000000000000e+00
0.000000000000000000e+00
0.000000000000000000e+00
8.950700000000000323e-01
0.000000000000000000e+00
6.769399999999999862e-01
0.000000000000000000e+00
0.000000000000000000e+00
5.372999999999999998e-01
0.000000000000000000e+00
0.000000000000000000e+00
0.000000000000000000e+00
0.000000000000000000e+00
9.118199999999999639e-01
0.000000000000000000e+00
0.000000000000000000e+00
0.000000000000000000e+00
0.000000000000000000e+00
9.912800000000000500e-01
0.000000000000000000e+00
0.000000000000000000e+00
7.960099999999999953e-01
0.000000000000000000e+00
7.704100000000000392e-01
0.000000000000000000e+00
1.254920000000000035e+00
0.000000000000000000e+00
6.800000000000000488e-01
0.000000000000000000e+00
7.409900000000000375e-01
0.000000000000000000e+00
0.000000000000000000e+00
9.732699999999999685e-01
0.000000000000000000e+00
0.000000000000000000e+00
9.811199999999999921e-01
0.000000000000000000e+00
0.000000000000000000e+00
7.050400000000000000e-01
0.000000000000000000e+00
0.000000000000000000e+00
6.312999999999999723e-01
0.000000000000000000e+00
0.000000000000000000e+00
0.000000000000000000e+00
6.313800000000000523e-01
0.000000000000000000e+00
7.024500000000000188e-01
0.000000000000000000e+00
0.000000000000000000e+00
8.830900000000000416e-01
0.000000000000000000e+00
0.000000000000000000e+00
7.459299999999999820e-01
0.000000000000000000e+00
0.000000000000000000e+00
0.000000000000000000e+00
0.000000000000000000e+00
1.564410000000000078e+00
0.000000000000000000e+00
0.000000000000000000e+00
0.000000000000000000e+00
0.000000000000000000e+00
0.000000000000000000e+00
0.000000000000000000e+00
0.000000000000000000e+00
0.000000000000000000e+00
0.000000000000000000e+00
0.000000000000000000e+00
0.000000000000000000e+00
0.000000000000000000e+00
0.000000000000000000e+00
0.000000000000000000e+00
0.000000000000000000e+00
0.000000000000000000e+00
0.000000000000000000e+00
0.000000000000000000e+00
0.000000000000000000e+00
0.000000000000000000e+00
0.000000000000000000e+00
0.000000000000000000e+00
0.000000000000000000e+00
7.837499999999999467e-01
0.000000000000000000e+00
0.000000000000000000e+00
6.745900000000000230e-01
0.000000000000000000e+00
0.000000000000000000e+00
6.110400000000000276e-01
0.000000000000000000e+00
0.000000000000000000e+00
0.000000000000000000e+00
6.182199999999999918e-01
0.000000000000000000e+00
0.000000000000000000e+00
0.000000000000000000e+00
0.000000000000000000e+00
5.554499999999999993e-01
0.000000000000000000e+00
0.000000000000000000e+00
6.632200000000000317e-01
0.000000000000000000e+00
0.000000000000000000e+00
0.000000000000000000e+00
6.260400000000000409e-01
0.000000000000000000e+00
0.000000000000000000e+00
0.000000000000000000e+00
5.689199999999999813e-01
0.000000000000000000e+00
0.000000000000000000e+00
5.372400000000000508e-01
0.000000000000000000e+00
6.308899999999999508e-01
0.000000000000000000e+00
6.734400000000000386e-01
0.000000000000000000e+00
0.000000000000000000e+00
0.000000000000000000e+00
5.361099999999999755e-01
0.000000000000000000e+00
7.626300000000000301e-01
0.000000000000000000e+00
0.000000000000000000e+00
0.000000000000000000e+00
0.000000000000000000e+00
6.654299999999999660e-01
0.000000000000000000e+00
0.000000000000000000e+00
0.000000000000000000e+00
0.000000000000000000e+00
6.127500000000000169e-01
0.000000000000000000e+00
0.000000000000000000e+00
6.434499999999999664e-01
0.000000000000000000e+00
9.300199999999999578e-01
0.000000000000000000e+00
9.581600000000000117e-01
0.000000000000000000e+00
0.000000000000000000e+00
0.000000000000000000e+00
0.000000000000000000e+00
5.808999999999999719e-01
0.000000000000000000e+00
0.000000000000000000e+00
7.772599999999999509e-01
0.000000000000000000e+00
0.000000000000000000e+00
7.085000000000000187e-01
0.000000000000000000e+00
0.000000000000000000e+00
9.861999999999999655e-01
0.000000000000000000e+00
0.000000000000000000e+00
7.668599999999999861e-01
0.000000000000000000e+00
0.000000000000000000e+00
5.360099999999999865e-01
0.000000000000000000e+00
0.000000000000000000e+00
0.000000000000000000e+00
0.000000000000000000e+00
0.000000000000000000e+00
0.000000000000000000e+00
6.027900000000000480e-01
0.000000000000000000e+00
0.000000000000000000e+00
0.000000000000000000e+00
0.000000000000000000e+00
7.250299999999999523e-01
0.000000000000000000e+00
0.000000000000000000e+00
0.000000000000000000e+00
7.010199999999999765e-01
0.000000000000000000e+00
0.000000000000000000e+00
7.329900000000000304e-01
0.000000000000000000e+00
1.432730000000000059e+00
0.000000000000000000e+00
0.000000000000000000e+00
7.185399999999999565e-01
0.000000000000000000e+00
0.000000000000000000e+00
9.233999999999999986e-01
0.000000000000000000e+00
0.000000000000000000e+00
0.000000000000000000e+00
0.000000000000000000e+00
0.000000000000000000e+00
8.807199999999999473e-01
0.000000000000000000e+00
6.366800000000000237e-01
0.000000000000000000e+00
7.127200000000000202e-01
0.000000000000000000e+00
6.881500000000000394e-01
0.000000000000000000e+00
0.000000000000000000e+00
9.135199999999999987e-01
0.000000000000000000e+00
0.000000000000000000e+00
6.327199999999999491e-01
0.000000000000000000e+00
0.000000000000000000e+00
5.539800000000000280e-01
0.000000000000000000e+00
0.000000000000000000e+00
0.000000000000000000e+00
0.000000000000000000e+00
8.954299999999999482e-01
0.000000000000000000e+00
0.000000000000000000e+00
0.000000000000000000e+00
8.255500000000000060e-01
0.000000000000000000e+00
8.281399999999999872e-01
0.000000000000000000e+00
0.000000000000000000e+00
0.000000000000000000e+00
4.091699999999999782e-01
0.000000000000000000e+00
9.430300000000000349e-01
0.000000000000000000e+00
0.000000000000000000e+00
0.000000000000000000e+00
5.862500000000000488e-01
0.000000000000000000e+00
1.623690000000000078e+00
0.000000000000000000e+00
0.000000000000000000e+00
0.000000000000000000e+00
0.000000000000000000e+00
0.000000000000000000e+00
6.833500000000000130e-01
0.000000000000000000e+00
5.414700000000000069e-01
0.000000000000000000e+00
0.000000000000000000e+00
0.000000000000000000e+00
7.905200000000000005e-01
0.000000000000000000e+00
1.897569999999999979e+00
0.000000000000000000e+00
0.000000000000000000e+00
0.000000000000000000e+00
0.000000000000000000e+00
0.000000000000000000e+00
0.000000000000000000e+00
7.916299999999999448e-01
0.000000000000000000e+00
0.000000000000000000e+00
0.000000000000000000e+00
5.745099999999999651e-01
0.000000000000000000e+00
0.000000000000000000e+00
0.000000000000000000e+00
5.949400000000000244e-01
0.000000000000000000e+00
0.000000000000000000e+00
1.089890000000000025e+00
0.000000000000000000e+00
0.000000000000000000e+00
7.049299999999999455e-01
0.000000000000000000e+00
5.835700000000000331e-01
0.000000000000000000e+00
0.000000000000000000e+00
7.076999999999999957e-01
0.000000000000000000e+00
0.000000000000000000e+00
0.000000000000000000e+00
0.000000000000000000e+00
6.995099999999999651e-01
0.000000000000000000e+00
7.310100000000000486e-01
0.000000000000000000e+00
0.000000000000000000e+00
0.000000000000000000e+00
0.000000000000000000e+00
5.955200000000000493e-01
0.000000000000000000e+00
0.000000000000000000e+00
0.000000000000000000e+00
6.655100000000000460e-01
0.000000000000000000e+00
1.019079999999999986e+00
0.000000000000000000e+00
0.000000000000000000e+00
0.000000000000000000e+00
0.000000000000000000e+00
1.157380000000000075e+00
0.000000000000000000e+00
0.000000000000000000e+00
0.000000000000000000e+00
0.000000000000000000e+00
0.000000000000000000e+00
6.984200000000000408e-01
0.000000000000000000e+00
0.000000000000000000e+00
0.000000000000000000e+00
0.000000000000000000e+00
8.303899999999999615e-01
0.000000000000000000e+00
0.000000000000000000e+00
6.612700000000000244e-01
0.000000000000000000e+00
8.527700000000000280e-01
0.000000000000000000e+00
0.000000000000000000e+00
8.135900000000000354e-01
0.000000000000000000e+00
0.000000000000000000e+00
5.818900000000000183e-01
0.000000000000000000e+00
0.000000000000000000e+00
0.000000000000000000e+00
0.000000000000000000e+00
7.053300000000000125e-01
0.000000000000000000e+00
5.763899999999999579e-01
0.000000000000000000e+00
0.000000000000000000e+00
5.516799999999999482e-01
0.000000000000000000e+00
0.000000000000000000e+00
1.025840000000000085e+00
0.000000000000000000e+00
0.000000000000000000e+00
0.000000000000000000e+00
7.230100000000000415e-01
0.000000000000000000e+00
5.449899999999999745e-01
0.000000000000000000e+00
0.000000000000000000e+00
8.904100000000000348e-01
0.000000000000000000e+00
1.623930000000000096e+00
0.000000000000000000e+00
5.364400000000000279e-01
0.000000000000000000e+00
7.169200000000000017e-01
0.000000000000000000e+00
0.000000000000000000e+00
0.000000000000000000e+00
0.000000000000000000e+00
6.562000000000000055e-01
0.000000000000000000e+00
0.000000000000000000e+00
9.632399999999999851e-01
0.000000000000000000e+00
0.000000000000000000e+00
0.000000000000000000e+00
0.000000000000000000e+00
0.000000000000000000e+00
0.000000000000000000e+00
0.000000000000000000e+00
0.000000000000000000e+00
0.000000000000000000e+00
0.000000000000000000e+00
0.000000000000000000e+00
0.000000000000000000e+00
0.000000000000000000e+00
