0.000000000000000000e+00
0.000000000000000000e+00
0.000000000000000000e+00
0.000000000000000000e+00
0.000000000000000000e+00
0.000000000000000000e+00
0.000000000000000000e+00
0.000000000000000000e+00
0.000000000000000000e+00
0.000000000000000000e+00
1.446730000000000071e+00
0.000000000000000000e+00
0.000000000000000000e+00
1.072629999999999972e+00
0.000000000000000000e+00
0.000000000000000000e+00
0.000000000000000000e+00
1.118940000000000046e+00
0.000000000000000000e+00
7.147099999999999564e-01
0.000000000000000000e+00
0.000000000000000000e+00
0.000000000000000000e+00
7.614999999999999547e-01
0.000000000000000000e+00
1.087930000000000064e+00
0.000000000000000000e+00
0.000000000000000000e+00
7.317000000000000171e-01
0.000000000000000000e+00
1.561080000000000023e+00
0.000000000000000000e+00
0.000000000000000000e+00
0.000000000000000000e+00
1.089560000000000084e+00
0.000000000000000000e+00
0.000000000000000000e+00
0.000000000000000000e+00
1.081700000000000106e+00
0.000000000000000000e+00
0.000000000000000000e+00
0.000000000000000000e+00
7.135500000000000176e-01
0.000000000000000000e+00
0.000000000000000000e+00
9.384900000000000464e-01
0.000000000000000000e+00
8.860700000000000243e-01
0.000000000000000000e+00
0.000000000000000000e+00
8.196700000000000097e-01
0.000000000000000000e+00
0.000000000000000000e+00
1.299870000000000081e+00
0.000000000000000000e+00
0.000000000000000000e+00
0.000000000000000000e+00
0.000000000000000000e+00
0.000000000000000000e+00
1.223940000000000028e+00
0.000000000000000000e+00
0.000000000000000000e+00
6.334699999999999775e-01
0.000000000000000000e+00
0.000000000000000000e+00
0.000000000000000000e+00
0.000000000000000000e+00
0.000000000000000000e+00
0.000000000000000000e+00
6.889399999999999968e-01
0.000000000000000000e+00
0.000000000000000000e+00
5.729400000000000048e-01
0.000000000000000000e+00
0.000000000000000000e+00
6.047799999999999843e-01
0.000000000000000000e+00
0.000000000000000000e+00
0.000000000000000000e+00
6.094300000000000272e-01
0.000000000000000000e+00
6.036099999999999799e-01
0.000000000000000000e+00
0.000000000000000000e+00
8.737099999999999866e-01
0.000000000000000000e+00
0.000000000000000000e+00
0.000000000000000000e+00
6.460399999999999476e-01
0.000000000000000000e+00
0.000000000000000000e+00
0.000000000000000000e+00
6.148700000000000276e-01
0.000000000000000000e+00
0.000000000000000000e+00
6.099499999999999922e-01
0.000000000000000000e+00
0.000000000000000000e+00
8.049899999999999833e-01
0.000000000000000000e+00
0.000000000000000000e+00
0.000000000000000000e+00
1.358209999999999917e+00
0.000000000000000000e+00
0.000000000000000000e+00
0.000000000000000000e+00
0.000000000000000000e+00
0.000000000000000000e+00
0.000000000000000000e+00
0.000000000000000000e+00
1.085280000000000022e+00
0.000000000000000000e+00
9.227199999999999847e-01
0.000000000000000000e+00
6.534900000000000153e-01
0.000000000000000000e+00
5.651699999999999502e-01
0.000000000000000000e+00
0.000000000000000000e+00
7.993299999999999850e-01
0.000000000000000000e+00
0.000000000000000000e+00
1.230799999999999894e+00
0.000000000000000000e+00
0.000000000000000000e+00
0.000000000000000000e+00
0.000000000000000000e+00
0.000000000000000000e+00
7.078999999999999737e-01
0.000000000000000000e+00
0.000000000000000000e+00
6.970199999999999729e-01
0.000000000000000000e+00
7.204199999999999493e-01
0.000000000000000000e+00
6.955000000000000071e-01
0.000000000000000000e+00
0.000000000000000000e+00
0.000000000000000000e+00
0.000000000000000000e+00
8.923499999999999766e-01
0.000000000000000000e+00
0.000000000000000000e+00
5.733200000000000518e-01
0.000000000000000000e+00
0.000000000000000000e+00
0.000000000000000000e+00
0.000000000000000000e+00
7.018900000000000139e-01
0.000000000000000000e+00
0.000000000000000000e+00
6.208700000000000330e-01
0.000000000000000000e+00
0.000000000000000000e+00
1.131680000000000019e+00
0.000000000000000000e+00
5.981100000000000305e-01
0.000000000000000000e+00
0.000000000000000000e+00
0.000000000000000000e+00
6.958100000000000396e-01
0.000000000000000000e+00
0.000000000000000000e+00
0.000000000000000000e+00
6.699399999999999800e-01
0.000000000000000000e+00
0.000000000000000000e+00
8.338499999999999801e-01
0.000000000000000000e+00
7.902400000000000535e-01
0.000000000000000000e+00
0.000000000000000000e+00
0.000000000000000000e+00
1.011579999999999924e+00
0.000000000000000000e+00
0.000000000000000000e+00
0.000000000000000000e+00
1.310230000000000006e+00
0.000000000000000000e+00
0.000000000000000000e+00
8.328999999999999737e-01
0.000000000000000000e+00
0.000000000000000000e+00
0.000000000000000000e+00
7.635899999999999910e-01
0.000000000000000000e+00
9.069099999999999939e-01
0.000000000000000000e+00
0.000000000000000000e+00
6.718199999999999728e-01
0.000000000000000000e+00
1.061229999999999896e+00
0.000000000000000000e+00
0.000000000000000000e+00
8.511600000000000277e-01
0.000000000000000000e+00
0.000000000000000000e+00
1.265330000000000066e+00
0.000000000000000000e+00
6.310499999999999998e-01
0.000000000000000000e+00
5.783599999999999852e-01
0.000000000000000000e+00
0.000000000000000000e+00
1.325620000000000021e+00
0.000000000000000000e+00
0.000000000000000000e+00
0.000000000000000000e+00
1.311609999999999943e+00
0.000000000000000000e+00
0.000000000000000000e+00
8.351100000000000190e-01
0.000000000000000000e+00
0.000000000000000000e+00
1.923980000000000024e+00
0.000000000000000000e+00
0.000000000000000000e+00
0.000000000000000000e+00
0.000000000000000000e+00
7.290100000000000469e-01
0.000000000000000000e+00
0.000000000000000000e+00
8.389299999999999535e-01
0.000000000000000000e+00
0.000000000000000000e+00
0.000000000000000000e+00
0.000000000000000000e+00
6.936099999999999488e-01
0.000000000000000000e+00
9.844699999999999562e-01
0.000000000000000000e+00
0.000000000000000000e+00
6.655799999999999494e-01
0.000000000000000000e+00
0.000000000000000000e+00
9.347699999999999898e-01
0.000000000000000000e+00
9.059700000000000530e-01
0.000000000000000000e+00
8.585899999999999643e-01
0.000000000000000000e+00
0.000000000000000000e+00
9.679100000000000481e-01
0.000000000000000000e+00
0.000000000000000000e+00
0.000000000000000000e+00
6.824900000000000411e-01
0.000000000000000000e+00
0.000000000000000000e+00
0.000000000000000000e+00
0.000000000000000000e+00
1.557520000000000016e+00
0.000000000000000000e+00
0.000000000000000000e+00
7.179499999999999771e-01
0.000000000000000000e+00
0.000000000000000000e+00
0.000000000000000000e+00
1.213289999999999980e+00
0.000000000000000000e+00
1.231289999999999996e+00
0.000000000000000000e+00
0.000000000000000000e+00
7.042899999999999716e-01
0.000000000000000000e+00
0.000000000000000000e+00
0.000000000000000000e+00
0.000000000000000000e+00
0.000000000000000000e+00
5.358300000000000285e-01
0.000000000000000000e+00
5.446199999999999930e-01
0.000000000000000000e+00
0.000000000000000000e+00
0.000000000000000000e+00
0.000000000000000000e+00
0.000000000000000000e+00
0.000000000000000000e+00
0.000000000000000000e+00
0.000000000000000000e+00
0.000000000000000000e+00
0.000000000000000000e+00
0.000000000000000000e+00
0.000000000000000000e+00
0.000000000000000000e+00
0.000000000000000000e+00
0.000000000000000000e+00
0.000000000000000000e+00
0.000000000000000000e+00
0.000000000000000000e+00
0.000000000000000000e+00
0.000000000000000000e+00
0.000000000000000000e+00
0.000000000000000000e+00
0.000000000000000000e+00
7.969399999999999817e-01
0.000000000000000000e+00
0.000000000000000000e+00
0.000000000000000000e+00
0.000000000000000000e+00
9.940600000000000547e-01
0.000000000000000000e+00
0.000000000000000000e+00
0.000000000000000000e+00
0.000000000000000000e+00
1.323090000000000099e+00
0.000000000000000000e+00
0.000000000000000000e+00
0.000000000000000000e+00
1.163350000000000106e+00
0.000000000000000000e+00
8.763300000000000534e-01
0.000000000000000000e+00
8.634800000000000253e-01
0.000000000000000000e+00
6.516499999999999515e-01
0.000000000000000000e+00
6.499399999999999622e-01
0.000000000000000000e+00
0.000000000000000000e+00
0.000000000000000000e+00
0.000000000000000000e+00
0.000000000000000000e+00
7.688399999999999679e-01
0.000000000000000000e+00
6.609899999999999665e-01
0.000000000000000000e+00
8.034499999999999975e-01
0.000000000000000000e+00
0.000000000000000000e+00
0.000000000000000000e+00
6.169200000000000239e-01
0.000000000000000000e+00
0.000000000000000000e+00
6.908499999999999641e-01
0.000000000000000000e+00
0.000000000000000000e+00
0.000000000000000000e+00
1.754450000000000065e+00
0.000000000000000000e+00
0.000000000000000000e+00
6.074899999999999745e-01
0.000000000000000000e+00
6.605799999999999450e-01
0.000000000000000000e+00
1.156940000000000079e+00
0.000000000000000000e+00
0.000000000000000000e+00
0.000000000000000000e+00
7.714900000000000091e-01
0.000000000000000000e+00
0.000000000000000000e+00
0.000000000000000000e+00
0.000000000000000000e+00
0.000000000000000000e+00
0.000000000000000000e+00
1.227999999999999980e+00
0.000000000000000000e+00
0.000000000000000000e+00
0.000000000000000000e+00
0.000000000000000000e+00
1.045390000000000041e+00
0.000000000000000000e+00
0.000000000000000000e+00
0.000000000000000000e+00
0.000000000000000000e+00
7.100699999999999790e-01
0.000000000000000000e+00
0.000000000000000000e+00
0.000000000000000000e+00
8.229699999999999793e-01
0.000000000000000000e+00
0.000000000000000000e+00
0.000000000000000000e+00
6.705499999999999794e-01
0.000000000000000000e+00
0.000000000000000000e+00
5.884200000000000541e-01
0.000000000000000000e+00
0.000000000000000000e+00
0.000000000000000000e+00
7.409999999999999920e-01
0.000000000000000000e+00
8.942600000000000549e-01
0.000000000000000000e+00
0.000000000000000000e+00
7.253399999999999848e-01
0.000000000000000000e+00
0.000000000000000000e+00
1.106090000000000018e+00
0.000000000000000000e+00
0.000000000000000000e+00
7.672999999999999821e-01
0.000000000000000000e+00
6.968499999999999694e-01
0.000000000000000000e+00
5.892899999999999805e-01
0.000000000000000000e+00
0.000000000000000000e+00
0.000000000000000000e+00
0.000000000000000000e+00
6.031800000000000495e-01
0.000000000000000000e+00
0.000000000000000000e+00
0.000000000000000000e+00
0.000000000000000000e+00
0.000000000000000000e+00
7.073899999999999633e-01
0.000000000000000000e+00
0.000000000000000000e+00
0.000000000000000000e+00
7.794600000000000417e-01
0.000000000000000000e+00
0.000000000000000000e+00
7.633999999999999675e-01
0.000000000000000000e+00
0.000000000000000000e+00
7.037299999999999667e-01
0.000000000000000000e+00
0.000000000000000000e+00
6.730599999999999916e-01
0.000000000000000000e+00
7.170900000000000052e-01
0.000000000000000000e+00
9.916199999999999459e-01
0.000000000000000000e+00
0.000000000000000000e+00
0.000000000000000000e+00
0.000000000000000000e+00
0.000000000000000000e+00
6.932500000000000329e-01
0.000000000000000000e+00
0.000000000000000000e+00
6.686499999999999666e-01
0.000000000000000000e+00
0.000000000000000000e+00
0.000000000000000000e+00
1.269859999999999989e+00
0.000000000000000000e+00
0.000000000000000000e+00
0.000000000000000000e+00
0.000000000000000000e+00
8.174200000000000355e-01
0.000000000000000000e+00
0.000000000000000000e+00
0.000000000000000000e+00
0.000000000000000000e+00
0.000000000000000000e+00
1.917429999999999968e+00
0.000000000000000000e+00
0.000000000000000000e+00
0.000000000000000000e+00
7.195700000000000429e-01
0.000000000000000000e+00
0.000000000000000000e+00
7.597099999999999964e-01
0.000000000000000000e+00
0.000000000000000000e+00
6.607100000000000195e-01
0.000000000000000000e+00
7.646500000000000519e-01
0.000000000000000000e+00
0.000000000000000000e+00
6.539399999999999658e-01
0.000000000000000000e+00
0.000000000000000000e+00
0.000000000000000000e+00
0.000000000000000000e+00
5.928200000000000136e-01
0.000000000000000000e+00
0.000000000000000000e+00
0.000000000000000000e+00
1.190350000000000019e+00
0.000000000000000000e+00
0.000000000000000000e+00
0.000000000000000000e+00
6.269000000000000128e-01
0.000000000000000000e+00
0.000000000000000000e+00
0.000000000000000000e+00
8.844100000000000295e-01
0.000000000000000000e+00
0.000000000000000000e+00
0.000000000000000000e+00
0.000000000000000000e+00
1.327709999999999946e+00
0.000000000000000000e+00
0.000000000000000000e+00
8.405599999999999739e-01
0.000000000000000000e+00
0.000000000000000000e+00
0.000000000000000000e+00
0.000000000000000000e+00
0.000000000000000000e+00
0.000000000000000000e+00
8.433100000000000041e-01
0.000000000000000000e+00
0.000000000000000000e+00
7.016299999999999759e-01
0.000000000000000000e+00
0.000000000000000000e+00
0.000000000000000000e+00
8.087199999999999944e-01
0.000000000000000000e+00
0.000000000000000000e+00
0.000000000000000000e+00
1.320009999999999906e+00
0.000000000000000000e+00
1.503609999999999891e+00
0.000000000000000000e+00
0.000000000000000000e+00
6.134199999999999653e-01
0.000000000000000000e+00
0.000000000000000000e+00
0.000000000000000000e+00
7.045900000000000496e-01
0.000000000000000000e+00
0.000000000000000000e+00
0.000000000000000000e+00
1.365669999999999940e+00
0.000000000000000000e+00
6.447399999999999798e-01
0.000000000000000000e+00
0.000000000000000000e+00
0.000000000000000000e+00
1.009560000000000013e+00
0.000000000000000000e+00
0.000000000000000000e+00
0.000000000000000000e+00
0.000000000000000000e+00
0.000000000000000000e+00
0.000000000000000000e+00
8.108199999999999852e-01
0.000000000000000000e+00
0.000000000000000000e+00
0.000000000000000000e+00
0.000000000000000000e+00
6.452400000000000357e-01
0.000000000000000000e+00
0.000000000000000000e+00
5.859999999999999654e-01
0.000000000000000000e+00
0.000000000000000000e+00
0.000000000000000000e+00
6.167000000000000259e-01
0.000000000000000000e+00
0.000000000000000000e+00
0.000000000000000000e+00
6.982599999999999918e-01
0.000000000000000000e+00
7.249200000000000088e-01
0.000000000000000000e+00
7.152199999999999669e-01
0.000000000000000000e+00
0.000000000000000000e+00
0.000000000000000000e+00
0.000000000000000000e+00
0.000000000000000000e+00
6.228299999999999947e-01
0.000000000000000000e+00
0.000000000000000000e+00
0.000000000000000000e+00
6.134500000000000508e-01
0.000000000000000000e+00
8.700400000000000356e-01
0.000000000000000000e+00
6.303999999999999604e-01
0.000000000000000000e+00
0.000000000000000000e+00
0.000000000000000000e+00
0.000000000000000000e+00
7.080100000000000282e-01
0.000000000000000000e+00
0.000000000000000000e+00
0.000000000000000000e+00
6.183999999999999497e-01
0.000000000000000000e+00
0.000000000000000000e+00
1.342279999999999918e+00
0.000000000000000000e+00
0.000000000000000000e+00
0.000000000000000000e+00
6.485800000000000454e-01
0.000000000000000000e+00
0.000000000000000000e+00
0.000000000000000000e+00
0.000000000000000000e+00
0.000000000000000000e+00
0.000000000000000000e+00
0.000000000000000000e+00
0.000000000000000000e+00
0.000000000000000000e+00
0.000000000000000000e+00
0.000000000000000000e+00
0.000000000000000000e+00
0.000000000000000000e+00
0.000000000000000000e+00
0.000000000000000000e+00
0.000000000000000000e+00
0.000000000000000000e+00
0.000000000000000000e+00
0.000000000000000000e+00
0.000000000000000000e+00
0.000000000000000000e+00
0.000000000000000000e+00
0.000000000000000000e+00
0.000000000000000000e+00
6.653700000000000170e-01
0.000000000000000000e+00
0.000000000000000000e+00
0.000000000000000000e+00
0.000000000000000000e+00
0.000000000000000000e+00
7.328000000000000069e-01
0.000000000000000000e+00
0.000000000000000000e+00
1.238560000000000105e+00
0.000000000000000000e+00
0.000000000000000000e+00
0.000000000000000000e+00
0.000000000000000000e+00
0.000000000000000000e+00
7.517000000000000348e-01
0.000000000000000000e+00
1.527910000000000101e+00
0.000000000000000000e+00
7.827100000000000168e-01
0.000000000000000000e+00
0.000000000000000000e+00
5.452200000000000379e-01
0.000000000000000000e+00
0.000000000000000000e+00
0.000000000000000000e+00
9.144600000000000506e-01
0.000000000000000000e+00
0.000000000000000000e+00
1.104360000000000008e+00
0.000000000000000000e+00
5.703399999999999581e-01
0.000000000000000000e+00
0.000000000000000000e+00
0.000000000000000000e+00
1.123280000000000056e+00
0.000000000000000000e+00
0.000000000000000000e+00
6.195599999999999996e-01
0.000000000000000000e+00
0.000000000000000000e+00
6.888999999999999568e-01
0.000000000000000000e+00
9.676000000000000156e-01
0.000000000000000000e+00
0.000000000000000000e+00
0.000000000000000000e+00
0.000000000000000000e+00
0.000000000000000000e+00
8.942299999999999693e-01
0.000000000000000000e+00
0.000000000000000000e+00
0.000000000000000000e+00
8.357799999999999674e-01
0.000000000000000000e+00
0.000000000000000000e+00
6.920600000000000085e-01
0.000000000000000000e+00
8.297200000000000131e-01
0.000000000000000000e+00
0.000000000000000000e+00
0.000000000000000000e+00
1.210909999999999931e+00
0.000000000000000000e+00
0.000000000000000000e+00
8.755300000000000304e-01
0.000000000000000000e+00
6.569099999999999939e-01
0.000000000000000000e+00
0.000000000000000000e+00
0.000000000000000000e+00
1.179440000000000044e+00
0.000000000000000000e+00
0.000000000000000000e+00
1.021339999999999915e+00
0.000000000000000000e+00
0.000000000000000000e+00
6.693299999999999805e-01
0.000000000000000000e+00
8.823100000000000387e-01
0.000000000000000000e+00
0.000000000000000000e+00
1.157720000000000082e+00
0.000000000000000000e+00
0.000000000000000000e+00
0.000000000000000000e+00
9.092200000000000282e-01
0.000000000000000000e+00
0.000000000000000000e+00
8.490499999999999714e-01
0.000000000000000000e+00
0.000000000000000000e+00
7.759500000000000286e-01
0.000000000000000000e+00
7.442900000000000071e-01
0.000000000000000000e+00
0.000000000000000000e+00
0.000000000000000000e+00
1.088090000000000002e+00
0.000000000000000000e+00
0.000000000000000000e+00
0.000000000000000000e+00
8.865600000000000147e-01
0.000000000000000000e+00
0.000000000000000000e+00
0.000000000000000000e+00
0.000000000000000000e+00
0.000000000000000000e+00
8.013799999999999812e-01
0.000000000000000000e+00
0.000000000000000000e+00
7.090899999999999981e-01
0.000000000000000000e+00
0.000000000000000000e+00
0.000000000000000000e+00
0.000000000000000000e+00
8.356999999999999984e-01
0.000000000000000000e+00
0.000000000000000000e+00
0.000000000000000000e+00
1.184860000000000024e+00
0.000000000000000000e+00
0.000000000000000000e+00
8.098600000000000243e-01
0.000000000000000000e+00
0.000000000000000000e+00
8.476500000000000146e-01
0.000000000000000000e+00
0.000000000000000000e+00
0.000000000000000000e+00
0.000000000000000000e+00
0.000000000000000000e+00
8.485000000000000320e-01
0.000000000000000000e+00
0.000000000000000000e+00
7.143599999999999950e-01
0.000000000000000000e+00
0.000000000000000000e+00
0.000000000000000000e+00
0.000000000000000000e+00
6.159299999999999775e-01
0.000000000000000000e+00
0.000000000000000000e+00
0.000000000000000000e+00
6.150499999999999856e-01
0.000000000000000000e+00
8.886399999999999855e-01
0.000000000000000000e+00
0.000000000000000000e+00
0.000000000000000000e+00
4.791900000000000048e-01
0.000000000000000000e+00
0.000000000000000000e+00
0.000000000000000000e+00
0.000000000000000000e+00
9.835500000000000353e-01
0.000000000000000000e+00
8.024400000000000421e-01
0.000000000000000000e+00
7.468399999999999483e-01
0.000000000000000000e+00
6.755600000000000493e-01
0.000000000000000000e+00
8.262300000000000200e-01
0.000000000000000000e+00
0.000000000000000000e+00
5.574799999999999756e-01
0.000000000000000000e+00
0.000000000000000000e+00
0.000000000000000000e+00
0.000000000000000000e+00
0.000000000000000000e+00
5.813700000000000534e-01
0.000000000000000000e+00
6.716400000000000148e-01
0.000000000000000000e+00
0.000000000000000000e+00
0.000000000000000000e+00
6.522499999999999964e-01
0.000000000000000000e+00
0.000000000000000000e+00
8.116799999999999571e-01
0.000000000000000000e+00
0.000000000000000000e+00
0.000000000000000000e+00
1.140269999999999895e+00
0.000000000000000000e+00
0.000000000000000000e+00
0.000000000000000000e+00
1.101290000000000102e+00
0.000000000000000000e+00
0.000000000000000000e+00
1.427499999999999991e+00
0.000000000000000000e+00
0.000000000000000000e+00
0.000000000000000000e+00
0.000000000000000000e+00
6.043699999999999628e-01
0.000000000000000000e+00
0.000000000000000000e+00
0.000000000000000000e+00
0.000000000000000000e+00
0.000000000000000000e+00
0.000000000000000000e+00
8.142000000000000348e-01
0.000000000000000000e+00
0.000000000000000000e+00
0.000000000000000000e+00
6.350999999999999979e-01
0.000000000000000000e+00
0.000000000000000000e+00
0.000000000000000000e+00
8.598799999999999777e-01
0.000000000000000000e+00
0.000000000000000000e+00
0.000000000000000000e+00
0.000000000000000000e+00
0.000000000000000000e+00
9.458499999999999686e-01
0.000000000000000000e+00
0.000000000000000000e+00
0.000000000000000000e+00
0.000000000000000000e+00
6.409799999999999942e-01
0.000000000000000000e+00
0.000000000000000000e+00
0.000000000000000000e+00
1.464890000000000025e+00
0.000000000000000000e+00
0.000000000000000000e+00
0.000000000000000000e+00
0.000000000000000000e+00
0.000000000000000000e+00
0.000000000000000000e+00
7.630700000000000260e-01
0.000000000000000000e+00
0.000000000000000000e+00
0.000000000000000000e+00
9.378999999999999559e-01
0.000000000000000000e+00
0.000000000000000000e+00
0.000000000000000000e+00
0.000000000000000000e+00
7.930500000000000327e-01
0.000000000000000000e+00
0.000000000000000000e+00
9.378999999999999559e-01
0.000000000000000000e+00
0.000000000000000000e+00
0.000000000000000000e+00
0.000000000000000000e+00
0.000000000000000000e+00
8.646000000000000352e-01
0.000000000000000000e+00
0.000000000000000000e+00
1.308349999999999902e+00
0.000000000000000000e+00
0.000000000000000000e+00
1.023519999999999985e+00
0.000000000000000000e+00
1.042030000000000012e+00
0.000000000000000000e+00
5.156100000000000128e-01
0.000000000000000000e+00
0.000000000000000000e+00
0.000000000000000000e+00
1.330699999999999994e+00
0.000000000000000000e+00
0.000000000000000000e+00
0.000000000000000000e+00
0.000000000000000000e+00
0.000000000000000000e+00
0.000000000000000000e+00
0.000000000000000000e+00
7.046900000000000386e-01
0.000000000000000000e+00
0.000000000000000000e+00
8.688900000000000512e-01
0.000000000000000000e+00
7.284199999999999564e-01
0.000000000000000000e+00
5.010799999999999699e-01
0.000000000000000000e+00
0.000000000000000000e+00
7.461499999999999799e-01
0.000000000000000000e+00
5.483500000000000041e-01
0.000000000000000000e+00
0.000000000000000000e+00
0.000000000000000000e+00
0.000000000000000000e+00
0.000000000000000000e+00
0.000000000000000000e+00
0.000000000000000000e+00
0.000000000000000000e+00
0.000000000000000000e+00
0.000000000000000000e+00
0.000000000000000000e+00
0.000000000000000000e+00
0.000000000000000000e+00
0.000000000000000000e+00
0.000000000000000000e+00
0.000000000000000000e+00
0.000000000000000000e+00
0.000000000000000000e+00
0.000000000000000000e+00
0.000000000000000000e+00
0.000000000000000000e+00
0.000000000000000000e+00
0.000000000000000000e+00
0.000000000000000000e+00
7.855999999999999650e-01
0.000000000000000000e+00
6.164100000000000135e-01
0.000000000000000000e+00
0.000000000000000000e+00
0.000000000000000000e+00
7.742499999999999938e-01
0.000000000000000000e+00
0.000000000000000000e+00
0.000000000000000000e+00
0.000000000000000000e+00
6.622700000000000253e-01
0.000000000000000000e+00
0.000000000000000000e+00
6.356500000000000483e-01
0.000000000000000000e+00
0.000000000000000000e+00
0.000000000000000000e+00
0.000000000000000000e+00
6.496300000000000407e-01
0.000000000000000000e+00
1.153890000000000082e+00
0.000000000000000000e+00
9.108699999999999575e-01
0.000000000000000000e+00
0.000000000000000000e+00
5.369800000000000129e-01
0.000000000000000000e+00
6.783900000000000485e-01
0.000000000000000000e+00
0.000000000000000000e+00
7.462100000000000399e-01
0.000000000000000000e+00
1.007679999999999909e+00
0.000000000000000000e+00
0.000000000000000000e+00
6.604900000000000215e-01
0.000000000000000000e+00
0.000000000000000000e+00
7.507300000000000084e-01
0.000000000000000000e+00
0.000000000000000000e+00
0.000000000000000000e+00
0.000000000000000000e+00
9.777299999999999880e-01
0.000000000000000000e+00
0.000000000000000000e+00
1.368360000000000021e+00
0.000000000000000000e+00
0.000000000000000000e+00
0.000000000000000000e+00
1.302559999999999940e+00
0.000000000000000000e+00
0.000000000000000000e+00
6.654700000000000060e-01
0.000000000000000000e+00
1.159259999999999957e+00
0.000000000000000000e+00
0.000000000000000000e+00
0.000000000000000000e+00
6.250000000000000000e-01
0.000000000000000000e+00
0.000000000000000000e+00
0.000000000000000000e+00
9.214200000000000168e-01
0.000000000000000000e+00
7.978800000000000336e-01
0.000000000000000000e+00
0.000000000000000000e+00
6.965000000000000080e-01
0.000000000000000000e+00
0.000000000000000000e+00
0.000000000000000000e+00
7.173699999999999521e-01
0.000000000000000000e+00
0.000000000000000000e+00
1.194080000000000030e+00
0.000000000000000000e+00
5.533700000000000285e-01
0.000000000000000000e+00
0.000000000000000000e+00
0.000000000000000000e+00
0.000000000000000000e+00
0.000000000000000000e+00
6.724900000000000322e-01
0.000000000000000000e+00
0.000000000000000000e+00
0.000000000000000000e+00
0.000000000000000000e+00
6.435499999999999554e-01
0.000000000000000000e+00
0.000000000000000000e+00
5.884700000000000486e-01
0.000000000000000000e+00
0.000000000000000000e+00
8.051099999999999923e-01
0.000000000000000000e+00
0.000000000000000000e+00
0.000000000000000000e+00
7.971500000000000252e-01
0.000000000000000000e+00
8.341800000000000326e-01
0.000000000000000000e+00
0.000000000000000000e+00
6.279299999999999882e-01
0.000000000000000000e+00
0.000000000000000000e+00
0.000000000000000000e+00
1.803539999999999921e+00
0.000000000000000000e+00
6.084699999999999553e-01
0.000000000000000000e+00
6.027200000000000335e-01
0.000000000000000000e+00
7.321499999999999675e-01
0.000000000000000000e+00
0.000000000000000000e+00
0.000000000000000000e+00
0.000000000000000000e+00
0.000000000000000000e+00
6.008200000000000207e-01
0.000000000000000000e+00
0.000000000000000000e+00
0.000000000000000000e+00
8.235599999999999588e-01
0.000000000000000000e+00
0.000000000000000000e+00
0.000000000000000000e+00
0.000000000000000000e+00
6.052999999999999492e-01
0.000000000000000000e+00
0.000000000000000000e+00
0.000000000000000000e+00
6.236800000000000122e-01
0.000000000000000000e+00
0.000000000000000000e+00
5.925899999999999501e-01
0.000000000000000000e+00
8.581499999999999684e-01
0.000000000000000000e+00
0.000000000000000000e+00
6.605799999999999450e-01
0.000000000000000000e+00
9.399199999999999777e-01
0.000000000000000000e+00
0.000000000000000000e+00
0.000000000000000000e+00
1.305630000000000068e+00
0.000000000000000000e+00
0.000000000000000000e+00
0.000000000000000000e+00
0.000000000000000000e+00
8.031199999999999450e-01
0.000000000000000000e+00
0.000000000000000000e+00
0.000000000000000000e+00
0.000000000000000000e+00
8.229899999999999993e-01
0.000000000000000000e+00
0.000000000000000000e+00
0.000000000000000000e+00
0.000000000000000000e+00
0.000000000000000000e+00
6.422999999999999821e-01
0.000000000000000000e+00
1.271109999999999962e+00
0.000000000000000000e+00
8.994900000000000118e-01
0.000000000000000000e+00
0.000000000000000000e+00
6.043100000000000138e-01
0.000000000000000000e+00
0.000000000000000000e+00
0.000000000000000000e+00
9.740299999999999514e-01
0.000000000000000000e+00
7.802700000000000191e-01
0.000000000000000000e+00
0.000000000000000000e+00
0.000000000000000000e+00
6.181200000000000028e-01
0.000000000000000000e+00
0.000000000000000000e+00
7.681499999999999995e-01
0.000000000000000000e+00
0.000000000000000000e+00
0.000000000000000000e+00
8.175200000000000244e-01
0.000000000000000000e+00
5.892800000000000260e-01
0.000000000000000000e+00
6.398000000000000353e-01
0.000000000000000000e+00
9.873100000000000209e-01
0.000000000000000000e+00
0.000000000000000000e+00
0.000000000000000000e+00
0.000000000000000000e+00
8.798000000000000265e-01
0.000000000000000000e+00
1.264659999999999895e+00
0.000000000000000000e+00
7.114500000000000268e-01
0.000000000000000000e+00
0.000000000000000000e+00
0.000000000000000000e+00
5.994000000000000439e-01
0.000000000000000000e+00
0.000000000000000000e+00
0.000000000000000000e+00
0.000000000000000000e+00
0.000000000000000000e+00
7.829800000000000093e-01
0.000000000000000000e+00
0.000000000000000000e+00
0.000000000000000000e+00
0.000000000000000000e+00
8.796699999999999520e-01
0.000000000000000000e+00
0.000000000000000000e+00
8.329299999999999482e-01
0.000000000000000000e+00
8.896500000000000519e-01
0.000000000000000000e+00
0.000000000000000000e+00
0.000000000000000000e+00
6.205899999999999750e-01
0.000000000000000000e+00
9.307600000000000318e-01
0.000000000000000000e+00
0.000000000000000000e+00
9.296699999999999964e-01
0.000000000000000000e+00
0.000000000000000000e+00
0.000000000000000000e+00
0.000000000000000000e+00
0.000000000000000000e+00
0.000000000000000000e+00
7.757600000000000051e-01
0.000000000000000000e+00
0.000000000000000000e+00
7.956199999999999939e-01
0.000000000000000000e+00
7.504999999999999449e-01
0.000000000000000000e+00
0.000000000000000000e+00
0.000000000000000000e+00
6.681099999999999817e-01
0.000000000000000000e+00
6.123399999999999954e-01
0.000000000000000000e+00
6.593900000000000317e-01
0.000000000000000000e+00
0.000000000000000000e+00
0.000000000000000000e+00
6.461700000000000221e-01
0.000000000000000000e+00
0.000000000000000000e+00
0.000000000000000000e+00
0.000000000000000000e+00
6.885099999999999554e-01
0.000000000000000000e+00
1.284459999999999935e+00
0.000000000000000000e+00
0.000000000000000000e+00
0.000000000000000000e+00
0.000000000000000000e+00
0.000000000000000000e+00
0.000000000000000000e+00
0.000000000000000000e+00
0.000000000000000000e+00
0.000000000000000000e+00
0.000000000000000000e+00
0.000000000000000000e+00
0.000000000000000000e+00
0.000000000000000000e+00
0.000000000000000000e+00
0.000000000000000000e+00
0.000000000000000000e+00
0.000000000000000000e+00
0.000000000000000000e+00
0.000000000000000000e+00
0.000000000000000000e+00
0.000000000000000000e+00
0.000000000000000000e+00
8.743199999999999861e-01
0.000000000000000000e+00
0.000000000000000000e+00
0.000000000000000000e+00
5.220099999999999740e-01
0.000000000000000000e+00
0.000000000000000000e+00
0.000000000000000000e+00
7.901399999999999535e-01
0.000000000000000000e+00
0.000000000000000000e+00
0.000000000000000000e+00
0.000000000000000000e+00
5.964199999999999502e-01
0.000000000000000000e+00
0.000000000000000000e+00
0.000000000000000000e+00
5.583399999999999475e-01
0.000000000000000000e+00
8.533399999999999874e-01
0.000000000000000000e+00
0.000000000000000000e+00
0.000000000000000000e+00
6.910500000000000531e-01
0.000000000000000000e+00
0.000000000000000000e+00
8.461100000000000287e-01
0.000000000000000000e+00
7.688800000000000079e-01
0.000000000000000000e+00
0.000000000000000000e+00
5.690399999999999903e-01
0.000000000000000000e+00
0.000000000000000000e+00
0.000000000000000000e+00
8.344899999999999540e-01
0.000000000000000000e+00
8.029899999999999816e-01
0.000000000000000000e+00
8.401800000000000379e-01
0.000000000000000000e+00
1.038429999999999964e+00
0.000000000000000000e+00
0.000000000000000000e+00
5.944399999999999684e-01
0.000000000000000000e+00
0.000000000000000000e+00
5.846999999999999975e-01
0.000000000000000000e+00
0.000000000000000000e+00
7.585699999999999665e-01
0.000000000000000000e+00
0.000000000000000000e+00
0.000000000000000000e+00
7.849800000000000111e-01
0.000000000000000000e+00
1.212520000000000042e+00
0.000000000000000000e+00
0.000000000000000000e+00
0.000000000000000000e+00
9.279600000000000071e-01
0.000000000000000000e+00
0.000000000000000000e+00
0.000000000000000000e+00
0.000000000000000000e+00
9.611100000000000199e-01
0.000000000000000000e+00
5.188399999999999679e-01
0.000000000000000000e+00
0.000000000000000000e+00
0.000000000000000000e+00
5.916599999999999637e-01
0.000000000000000000e+00
0.000000000000000000e+00
8.097400000000000153e-01
0.000000000000000000e+00
0.000000000000000000e+00
0.000000000000000000e+00
0.000000000000000000e+00
0.000000000000000000e+00
1.241419999999999968e+00
0.000000000000000000e+00
6.229799999999999782e-01
0.000000000000000000e+00
0.000000000000000000e+00
0.000000000000000000e+00
6.255699999999999594e-01
0.000000000000000000e+00
0.000000000000000000e+00
0.000000000000000000e+00
0.000000000000000000e+00
5.977799999999999780e-01
0.000000000000000000e+00
0.000000000000000000e+00
7.075000000000000178e-01
0.000000000000000000e+00
0.000000000000000000e+00
5.061499999999999888e-01
0.000000000000000000e+00
0.000000000000000000e+00
0.000000000000000000e+00
5.010099999999999554e-01
0.000000000000000000e+00
0.000000000000000000e+00
5.030799999999999716e-01
0.000000000000000000e+00
0.000000000000000000e+00
6.680000000000000382e-01
0.000000000000000000e+00
0.000000000000000000e+00
0.000000000000000000e+00
8.804699999999999749e-01
0.000000000000000000e+00
6.676400000000000112e-01
0.000000000000000000e+00
5.954000000000000403e-01
0.000000000000000000e+00
0.000000000000000000e+00
0.000000000000000000e+00
0.000000000000000000e+00
5.204299999999999482e-01
0.000000000000000000e+00
0.000000000000000000e+00
8.321300000000000363e-01
0.000000000000000000e+00
0.000000000000000000e+00
0.000000000000000000e+00
6.078299999999999814e-01
0.000000000000000000e+00
0.000000000000000000e+00
0.000000000000000000e+00
6.826499999999999790e-01
0.000000000000000000e+00
6.583799999999999653e-01
0.000000000000000000e+00
0.000000000000000000e+00
0.000000000000000000e+00
0.000000000000000000e+00
6.427899999999999725e-01
0.000000000000000000e+00
0.000000000000000000e+00
4.847099999999999742e-01
0.000000000000000000e+00
0.000000000000000000e+00
6.265199999999999658e-01
0.000000000000000000e+00
0.000000000000000000e+00
0.000000000000000000e+00
1.253339999999999899e+00
0.000000000000000000e+00
0.000000000000000000e+00
8.178699999999999859e-01
0.000000000000000000e+00
1.060340000000000060e+00
0.000000000000000000e+00
0.000000000000000000e+00
0.000000000000000000e+00
6.761399999999999633e-01
0.000000000000000000e+00
0.000000000000000000e+00
1.924129999999999896e+00
0.000000000000000000e+00
0.000000000000000000e+00
0.000000000000000000e+00
6.266199999999999548e-01
0.000000000000000000e+00
0.000000000000000000e+00
0.000000000000000000e+00
5.359000000000000430e-01
0.000000000000000000e+00
0.000000000000000000e+00
4.987199999999999966e-01
0.000000000000000000e+00
0.000000000000000000e+00
0.000000000000000000e+00
0.000000000000000000e+00
0.000000000000000000e+00
0.000000000000000000e+00
0.000000000000000000e+00
6.156099999999999905e-01
0.000000000000000000e+00
0.000000000000000000e+00
0.000000000000000000e+00
4.937400000000000122e-01
0.000000000000000000e+00
0.000000000000000000e+00
0.000000000000000000e+00
0.000000000000000000e+00
0.000000000000000000e+00
5.825099999999999723e-01
0.000000000000000000e+00
0.000000000000000000e+00
7.955100000000000504e-01
0.000000000000000000e+00
5.999900000000000233e-01
0.000000000000000000e+00
0.000000000000000000e+00
6.217899999999999539e-01
0.000000000000000000e+00
0.000000000000000000e+00
0.000000000000000000e+00
0.000000000000000000e+00
0.000000000000000000e+00
1.195489999999999942e+00
0.000000000000000000e+00
0.000000000000000000e+00
0.000000000000000000e+00
0.000000000000000000e+00
7.193300000000000249e-01
0.000000000000000000e+00
8.057299999999999462e-01
0.000000000000000000e+00
0.000000000000000000e+00
0.000000000000000000e+00
0.000000000000000000e+00
5.695599999999999552e-01
0.000000000000000000e+00
0.000000000000000000e+00
0.000000000000000000e+00
0.000000000000000000e+00
0.000000000000000000e+00
8.488799999999999679e-01
0.000000000000000000e+00
0.000000000000000000e+00
1.322980000000000045e+00
0.000000000000000000e+00
0.000000000000000000e+00
9.635200000000000431e-01
0.000000000000000000e+00
0.000000000000000000e+00
6.401400000000000423e-01
0.000000000000000000e+00
0.000000000000000000e+00
9.344900000000000428e-01
0.000000000000000000e+00
0.000000000000000000e+00
0.000000000000000000e+00
6.131400000000000183e-01
0.000000000000000000e+00
0.000000000000000000e+00
8.447299999999999809e-01
0.000000000000000000e+00
9.559400000000000119e-01
0.000000000000000000e+00
0.000000000000000000e+00
1.119529999999999914e+00
0.000000000000000000e+00
0.000000000000000000e+00
9.649600000000000399e-01
0.000000000000000000e+00
0.000000000000000000e+00
8.202700000000000546e-01
0.000000000000000000e+00
0.000000000000000000e+00
0.000000000000000000e+00
6.507199999999999651e-01
0.000000000000000000e+00
0.000000000000000000e+00
0.000000000000000000e+00
8.018199999999999772e-01
0.000000000000000000e+00
1.273819999999999952e+00
0.000000000000000000e+00
0.000000000000000000e+00
6.635699999999999932e-01
0.000000000000000000e+00
0.000000000000000000e+00
6.984599999999999698e-01
0.000000000000000000e+00
0.000000000000000000e+00
0.000000000000000000e+00
0.000000000000000000e+00
0.000000000000000000e+00
7.153699999999999504e-01
0.000000000000000000e+00
0.000000000000000000e+00
7.712299999999999711e-01
0.000000000000000000e+00
0.000000000000000000e+00
0.000000000000000000e+00
0.000000000000000000e+00
0.000000000000000000e+00
0.000000000000000000e+00
0.000000000000000000e+00
0.000000000000000000e+00
0.000000000000000000e+00
0.000000000000000000e+00
0.000000000000000000e+00
0.000000000000000000e+00
0.000000000000000000e+00
0.000000000000000000e+00
0.000000000000000000e+00
0.000000000000000000e+00
0.000000000000000000e+00
0.000000000000000000e+00
0.000000000000000000e+00
0.000000000000000000e+00
0.000000000000000000e+00
0.000000000000000000e+00
1.197070000000000078e+00
0.000000000000000000e+00
0.000000000000000000e+00
1.126980000000000093e+00
0.000000000000000000e+00
0.000000000000000000e+00
7.157799999999999718e-01
0.000000000000000000e+00
0.000000000000000000e+00
1.126060000000000061e+00
0.000000000000000000e+00
6.334600000000000231e-01
0.000000000000000000e+00
1.355590000000000073e+00
0.000000000000000000e+00
0.000000000000000000e+00
7.828699999999999548e-01
0.000000000000000000e+00
7.187299999999999800e-01
0.000000000000000000e+00
0.000000000000000000e+00
8.916199999999999681e-01
0.000000000000000000e+00
0.000000000000000000e+00
6.018900000000000361e-01
0.000000000000000000e+00
0.000000000000000000e+00
1.068009999999999904e+00
0.000000000000000000e+00
0.000000000000000000e+00
0.000000000000000000e+00
0.000000000000000000e+00
7.278499999999999970e-01
0.000000000000000000e+00
0.000000000000000000e+00
0.000000000000000000e+00
7.215500000000000247e-01
0.000000000000000000e+00
8.446000000000000174e-01
0.000000000000000000e+00
0.000000000000000000e+00
5.499899999999999789e-01
0.000000000000000000e+00
8.988599999999999923e-01
0.000000000000000000e+00
0.000000000000000000e+00
7.438599999999999657e-01
0.000000000000000000e+00
0.000000000000000000e+00
0.000000000000000000e+00
1.194059999999999899e+00
0.000000000000000000e+00
0.000000000000000000e+00
1.049279999999999990e+00
0.000000000000000000e+00
6.296199999999999575e-01
0.000000000000000000e+00
1.280159999999999965e+00
0.000000000000000000e+00
0.000000000000000000e+00
0.000000000000000000e+00
7.941200000000000481e-01
0.000000000000000000e+00
0.000000000000000000e+00
0.000000000000000000e+00
6.239200000000000301e-01
0.000000000000000000e+00
9.230099999999999971e-01
0.000000000000000000e+00
0.000000000000000000e+00
0.000000000000000000e+00
0.000000000000000000e+00
0.000000000000000000e+00
7.470700000000000118e-01
0.000000000000000000e+00
0.000000000000000000e+00
8.331399999999999917e-01
0.000000000000000000e+00
0.000000000000000000e+00
0.000000000000000000e+00
0.000000000000000000e+00
0.000000000000000000e+00
6.353400000000000158e-01
0.000000000000000000e+00
0.000000000000000000e+00
6.250299999999999745e-01
0.000000000000000000e+00
0.000000000000000000e+00
5.730199999999999738e-01
0.000000000000000000e+00
0.000000000000000000e+00
0.000000000000000000e+00
0.000000000000000000e+00
0.000000000000000000e+00
7.725100000000000300e-01
0.000000000000000000e+00
0.000000000000000000e+00
9.555599999999999650e-01
0.000000000000000000e+00
0.000000000000000000e+00
7.475699999999999568e-01
0.000000000000000000e+00
0.000000000000000000e+00
0.000000000000000000e+00
0.000000000000000000e+00
7.938600000000000101e-01
0.000000000000000000e+00
0.000000000000000000e+00
5.393799999999999706e-01
0.000000000000000000e+00
0.000000000000000000e+00
6.885200000000000209e-01
0.000000000000000000e+00
0.000000000000000000e+00
8.693600000000000216e-01
0.000000000000000000e+00
0.000000000000000000e+00
0.000000000000000000e+00
0.000000000000000000e+00
0.000000000000000000e+00
0.000000000000000000e+00
0.000000000000000000e+00
6.926200000000000134e-01
0.000000000000000000e+00
0.000000000000000000e+00
5.285800000000000498e-01
0.000000000000000000e+00
9.431000000000000494e-01
0.000000000000000000e+00
0.000000000000000000e+00
6.166599999999999859e-01
0.000000000000000000e+00
0.000000000000000000e+00
0.000000000000000000e+00
0.000000000000000000e+00
6.229799999999999782e-01
0.000000000000000000e+00
0.000000000000000000e+00
0.000000000000000000e+00
7.374100000000000099e-01
0.000000000000000000e+00
5.511599999999999833e-01
0.000000000000000000e+00
0.000000000000000000e+00
7.725499999999999590e-01
0.000000000000000000e+00
0.000000000000000000e+00
6.898199999999999887e-01
0.000000000000000000e+00
0.000000000000000000e+00
0.000000000000000000e+00
5.674099999999999699e-01
0.000000000000000000e+00
5.273200000000000109e-01
0.000000000000000000e+00
5.707499999999999796e-01
0.000000000000000000e+00
0.000000000000000000e+00
0.000000000000000000e+00
6.359200000000000408e-01
0.000000000000000000e+00
1.025239999999999929e+00
0.000000000000000000e+00
8.839599999999999680e-01
0.000000000000000000e+00
0.000000000000000000e+00
5.844200000000000506e-01
0.000000000000000000e+00
0.000000000000000000e+00
0.000000000000000000e+00
5.753800000000000026e-01
0.000000000000000000e+00
0.000000000000000000e+00
0.000000000000000000e+00
6.380299999999999860e-01
0.000000000000000000e+00
0.000000000000000000e+00
7.966199999999999948e-01
0.000000000000000000e+00
0.000000000000000000e+00
6.297199999999999465e-01
0.000000000000000000e+00
0.000000000000000000e+00
6.650300000000000100e-01
0.000000000000000000e+00
1.049919999999999964e+00
0.000000000000000000e+00
0.000000000000000000e+00
1.057199999999999918e+00
0.000000000000000000e+00
0.000000000000000000e+00
0.000000000000000000e+00
6.484999999999999654e-01
0.000000000000000000e+00
0.000000000000000000e+00
7.266399999999999526e-01
0.000000000000000000e+00
0.000000000000000000e+00
0.000000000000000000e+00
6.350799999999999779e-01
0.000000000000000000e+00
1.922420000000000018e+00
0.000000000000000000e+00
0.000000000000000000e+00
0.000000000000000000e+00
0.000000000000000000e+00
0.000000000000000000e+00
5.760100000000000220e-01
0.000000000000000000e+00
0.000000000000000000e+00
0.000000000000000000e+00
6.107099999999999751e-01
0.000000000000000000e+00
0.000000000000000000e+00
5.776099999999999568e-01
0.000000000000000000e+00
0.000000000000000000e+00
0.000000000000000000e+00
0.000000000000000000e+00
5.254900000000000126e-01
0.000000000000000000e+00
8.294200000000000461e-01
0.000000000000000000e+00
0.000000000000000000e+00
0.000000000000000000e+00
0.000000000000000000e+00
5.365799999999999459e-01
0.000000000000000000e+00
0.000000000000000000e+00
0.000000000000000000e+00
1.022019999999999929e+00
0.000000000000000000e+00
8.081099999999999950e-01
0.000000000000000000e+00
0.000000000000000000e+00
0.000000000000000000e+00
9.097399999999999931e-01
0.000000000000000000e+00
0.000000000000000000e+00
0.000000000000000000e+00
0.000000000000000000e+00
0.000000000000000000e+00
0.000000000000000000e+00
8.804300000000000459e-01
0.000000000000000000e+00
0.000000000000000000e+00
0.000000000000000000e+00
8.417299999999999782e-01
0.000000000000000000e+00
0.000000000000000000e+00
0.000000000000000000e+00
5.875200000000000422e-01
0.000000000000000000e+00
0.000000000000000000e+00
5.302999999999999936e-01
0.000000000000000000e+00
8.015200000000000102e-01
0.000000000000000000e+00
0.000000000000000000e+00
0.000000000000000000e+00
0.000000000000000000e+00
0.000000000000000000e+00
0.000000000000000000e+00
9.721699999999999786e-01
0.000000000000000000e+00
0.000000000000000000e+00
0.000000000000000000e+00
0.000000000000000000e+00
0.000000000000000000e+00
9.451899999999999746e-01
0.000000000000000000e+00
0.000000000000000000e+00
0.000000000000000000e+00
0.000000000000000000e+00
0.000000000000000000e+00
7.043099999999999916e-01
0.000000000000000000e+00
0.000000000000000000e+00
0.000000000000000000e+00
0.000000000000000000e+00
0.000000000000000000e+00
0.000000000000000000e+00
0.000000000000000000e+00
0.000000000000000000e+00
0.000000000000000000e+00
0.000000000000000000e+00
0.000000000000000000e+00
