0.000000000000000000e+00
0.000000000000000000e+00
0.000000000000000000e+00
0.000000000000000000e+00
0.000000000000000000e+00
0.000000000000000000e+00
0.000000000000000000e+00
0.000000000000000000e+00
0.000000000000000000e+00
0.000000000000000000e+00
7.589000000000000190e-01
0.000000000000000000e+00
1.108659999999999979e+00
0.000000000000000000e+00
0.000000000000000000e+00
6.045500000000000318e-01
0.000000000000000000e+00
0.000000000000000000e+00
6.425699999999999745e-01
0.000000000000000000e+00
1.258480000000000043e+00
0.000000000000000000e+00
0.000000000000000000e+00
0.000000000000000000e+00
9.247499999999999609e-01
0.000000000000000000e+00
0.000000000000000000e+00
0.000000000000000000e+00
7.879099999999999993e-01
0.000000000000000000e+00
0.000000000000000000e+00
5.550899999999999723e-01
0.000000000000000000e+00
0.000000000000000000e+00
0.000000000000000000e+00
8.375200000000000422e-01
0.000000000000000000e+00
8.856699999999999573e-01
0.000000000000000000e+00
0.000000000000000000e+00
9.723199999999999621e-01
0.000000000000000000e+00
6.442299999999999693e-01
0.000000000000000000e+00
5.931400000000000006e-01
0.000000000000000000e+00
0.000000000000000000e+00
0.000000000000000000e+00
0.000000000000000000e+00
6.862300000000000066e-01
0.000000000000000000e+00
0.000000000000000000e+00
0.000000000000000000e+00
7.131100000000000216e-01
0.000000000000000000e+00
9.045199999999999907e-01
0.000000000000000000e+00
0.000000000000000000e+00
6.383900000000000130e-01
0.000000000000000000e+00
0.000000000000000000e+00
0.000000000000000000e+00
5.112200000000000077e-01
0.000000000000000000e+00
0.000000000000000000e+00
0.000000000000000000e+00
4.681400000000000006e-01
0.000000000000000000e+00
0.000000000000000000e+00
0.000000000000000000e+00
0.000000000000000000e+00
0.000000000000000000e+00
0.000000000000000000e+00
6.259099999999999664e-01
0.000000000000000000e+00
0.000000000000000000e+00
0.000000000000000000e+00
5.133699999999999930e-01
0.000000000000000000e+00
0.000000000000000000e+00
0.000000000000000000e+00
5.931300000000000461e-01
0.000000000000000000e+00
0.000000000000000000e+00
4.912799999999999945e-01
0.000000000000000000e+00
6.939300000000000468e-01
0.000000000000000000e+00
0.000000000000000000e+00
0.000000000000000000e+00
6.867400000000000171e-01
0.000000000000000000e+00
0.000000000000000000e+00
0.000000000000000000e+00
0.000000000000000000e+00
4.990100000000000091e-01
0.000000000000000000e+00
0.000000000000000000e+00
0.000000000000000000e+00
0.000000000000000000e+00
0.000000000000000000e+00
4.758899999999999797e-01
0.000000000000000000e+00
0.000000000000000000e+00
0.000000000000000000e+00
0.000000000000000000e+00
8.878200000000000536e-01
0.000000000000000000e+00
0.000000000000000000e+00
0.000000000000000000e+00
0.000000000000000000e+00
5.183699999999999974e-01
0.000000000000000000e+00
7.105900000000000549e-01
0.000000000000000000e+00
8.497900000000000453e-01
0.000000000000000000e+00
0.000000000000000000e+00
0.000000000000000000e+00
5.283600000000000518e-01
0.000000000000000000e+00
0.000000000000000000e+00
6.375300000000000411e-01
0.000000000000000000e+00
0.000000000000000000e+00
0.000000000000000000e+00
6.646400000000000086e-01
0.000000000000000000e+00
0.000000000000000000e+00
6.324600000000000222e-01
0.000000000000000000e+00
0.000000000000000000e+00
0.000000000000000000e+00
5.414900000000000269e-01
0.000000000000000000e+00
0.000000000000000000e+00
4.898600000000000176e-01
0.000000000000000000e+00
0.000000000000000000e+00
0.000000000000000000e+00
5.829699999999999882e-01
0.000000000000000000e+00
0.000000000000000000e+00
0.000000000000000000e+00
0.000000000000000000e+00
6.872599999999999820e-01
0.000000000000000000e+00
0.000000000000000000e+00
0.000000000000000000e+00
7.576800000000000201e-01
0.000000000000000000e+00
0.000000000000000000e+00
0.000000000000000000e+00
6.632799999999999807e-01
0.000000000000000000e+00
0.000000000000000000e+00
0.000000000000000000e+00
0.000000000000000000e+00
5.539899999999999824e-01
0.000000000000000000e+00
0.000000000000000000e+00
6.693099999999999605e-01
0.000000000000000000e+00
0.000000000000000000e+00
0.000000000000000000e+00
0.000000000000000000e+00
5.558100000000000263e-01
0.000000000000000000e+00
0.000000000000000000e+00
0.000000000000000000e+00
6.859600000000000142e-01
0.000000000000000000e+00
6.732700000000000351e-01
0.000000000000000000e+00
0.000000000000000000e+00
0.000000000000000000e+00
6.019299999999999651e-01
0.000000000000000000e+00
0.000000000000000000e+00
4.779499999999999860e-01
0.000000000000000000e+00
0.000000000000000000e+00
7.903900000000000370e-01
0.000000000000000000e+00
0.000000000000000000e+00
5.428699999999999637e-01
0.000000000000000000e+00
0.000000000000000000e+00
0.000000000000000000e+00
5.621199999999999530e-01
0.000000000000000000e+00
0.000000000000000000e+00
0.000000000000000000e+00
5.541099999999999914e-01
0.000000000000000000e+00
0.000000000000000000e+00
0.000000000000000000e+00
0.000000000000000000e+00
5.321399999999999464e-01
0.000000000000000000e+00
6.998999999999999666e-01
0.000000000000000000e+00
0.000000000000000000e+00
5.576299999999999590e-01
0.000000000000000000e+00
5.739499999999999602e-01
0.000000000000000000e+00
0.000000000000000000e+00
0.000000000000000000e+00
0.000000000000000000e+00
0.000000000000000000e+00
0.000000000000000000e+00
5.559899999999999842e-01
0.000000000000000000e+00
0.000000000000000000e+00
0.000000000000000000e+00
0.000000000000000000e+00
4.753899999999999793e-01
0.000000000000000000e+00
0.000000000000000000e+00
0.000000000000000000e+00
0.000000000000000000e+00
5.785799999999999832e-01
0.000000000000000000e+00
0.000000000000000000e+00
0.000000000000000000e+00
6.624600000000000488e-01
0.000000000000000000e+00
0.000000000000000000e+00
5.795400000000000551e-01
0.000000000000000000e+00
5.590300000000000269e-01
0.000000000000000000e+00
0.000000000000000000e+00
0.000000000000000000e+00
0.000000000000000000e+00
0.000000000000000000e+00
0.000000000000000000e+00
0.000000000000000000e+00
5.946299999999999919e-01
0.000000000000000000e+00
0.000000000000000000e+00
5.340500000000000247e-01
0.000000000000000000e+00
0.000000000000000000e+00
7.382900000000000018e-01
0.000000000000000000e+00
0.000000000000000000e+00
5.654799999999999827e-01
0.000000000000000000e+00
5.683799999999999963e-01
0.000000000000000000e+00
0.000000000000000000e+00
0.000000000000000000e+00
7.789599999999999858e-01
0.000000000000000000e+00
0.000000000000000000e+00
0.000000000000000000e+00
0.000000000000000000e+00
6.102199999999999847e-01
0.000000000000000000e+00
0.000000000000000000e+00
0.000000000000000000e+00
6.804200000000000248e-01
0.000000000000000000e+00
0.000000000000000000e+00
4.959600000000000120e-01
0.000000000000000000e+00
0.000000000000000000e+00
6.804999999999999938e-01
0.000000000000000000e+00
0.000000000000000000e+00
5.754899999999999460e-01
0.000000000000000000e+00
0.000000000000000000e+00
0.000000000000000000e+00
0.000000000000000000e+00
8.487200000000000299e-01
0.000000000000000000e+00
0.000000000000000000e+00
5.806499999999999995e-01
0.000000000000000000e+00
0.000000000000000000e+00
0.000000000000000000e+00
5.192200000000000149e-01
0.000000000000000000e+00
0.000000000000000000e+00
5.192999999999999838e-01
0.000000000000000000e+00
0.000000000000000000e+00
0.000000000000000000e+00
0.000000000000000000e+00
1.003349999999999964e+00
0.000000000000000000e+00
0.000000000000000000e+00
0.000000000000000000e+00
0.000000000000000000e+00
0.000000000000000000e+00
6.132199999999999873e-01
0.000000000000000000e+00
6.783099999999999685e-01
0.000000000000000000e+00
0.000000000000000000e+00
0.000000000000000000e+00
0.000000000000000000e+00
0.000000000000000000e+00
0.000000000000000000e+00
0.000000000000000000e+00
0.000000000000000000e+00
0.000000000000000000e+00
0.000000000000000000e+00
0.000000000000000000e+00
0.000000000000000000e+00
0.000000000000000000e+00
0.000000000000000000e+00
0.000000000000000000e+00
0.000000000000000000e+00
0.000000000000000000e+00
0.000000000000000000e+00
0.000000000000000000e+00
0.000000000000000000e+00
0.000000000000000000e+00
0.000000000000000000e+00
0.000000000000000000e+00
0.000000000000000000e+00
0.000000000000000000e+00
0.000000000000000000e+00
6.080600000000000449e-01
0.000000000000000000e+00
0.000000000000000000e+00
5.527600000000000291e-01
0.000000000000000000e+00
7.712999999999999856e-01
0.000000000000000000e+00
0.000000000000000000e+00
0.000000000000000000e+00
0.000000000000000000e+00
7.925200000000000022e-01
0.000000000000000000e+00
6.928100000000000369e-01
0.000000000000000000e+00
0.000000000000000000e+00
6.737600000000000255e-01
0.000000000000000000e+00
0.000000000000000000e+00
0.000000000000000000e+00
6.232299999999999507e-01
0.000000000000000000e+00
0.000000000000000000e+00
6.057399999999999451e-01
0.000000000000000000e+00
0.000000000000000000e+00
0.000000000000000000e+00
5.266999999999999460e-01
0.000000000000000000e+00
6.548500000000000432e-01
0.000000000000000000e+00
0.000000000000000000e+00
0.000000000000000000e+00
1.053620000000000001e+00
0.000000000000000000e+00
6.128400000000000514e-01
0.000000000000000000e+00
7.276200000000000445e-01
0.000000000000000000e+00
0.000000000000000000e+00
0.000000000000000000e+00
0.000000000000000000e+00
6.255500000000000504e-01
0.000000000000000000e+00
0.000000000000000000e+00
0.000000000000000000e+00
0.000000000000000000e+00
6.944700000000000317e-01
0.000000000000000000e+00
5.757999999999999785e-01
0.000000000000000000e+00
6.048400000000000443e-01
0.000000000000000000e+00
6.142400000000000082e-01
0.000000000000000000e+00
0.000000000000000000e+00
0.000000000000000000e+00
7.537599999999999856e-01
0.000000000000000000e+00
6.121699999999999919e-01
0.000000000000000000e+00
0.000000000000000000e+00
0.000000000000000000e+00
4.760499999999999732e-01
0.000000000000000000e+00
0.000000000000000000e+00
5.344799999999999551e-01
0.000000000000000000e+00
5.650100000000000122e-01
0.000000000000000000e+00
0.000000000000000000e+00
5.218099999999999961e-01
0.000000000000000000e+00
0.000000000000000000e+00
5.937299999999999800e-01
0.000000000000000000e+00
0.000000000000000000e+00
8.943100000000000493e-01
0.000000000000000000e+00
0.000000000000000000e+00
0.000000000000000000e+00
0.000000000000000000e+00
0.000000000000000000e+00
0.000000000000000000e+00
5.443000000000000060e-01
0.000000000000000000e+00
0.000000000000000000e+00
8.849399999999999489e-01
0.000000000000000000e+00
5.941300000000000470e-01
0.000000000000000000e+00
6.682500000000000107e-01
0.000000000000000000e+00
6.358399999999999608e-01
0.000000000000000000e+00
0.000000000000000000e+00
0.000000000000000000e+00
0.000000000000000000e+00
5.242900000000000338e-01
0.000000000000000000e+00
0.000000000000000000e+00
6.461000000000000076e-01
0.000000000000000000e+00
0.000000000000000000e+00
5.150200000000000333e-01
0.000000000000000000e+00
0.000000000000000000e+00
0.000000000000000000e+00
0.000000000000000000e+00
0.000000000000000000e+00
4.989500000000000046e-01
0.000000000000000000e+00
5.312700000000000200e-01
0.000000000000000000e+00
5.632500000000000284e-01
0.000000000000000000e+00
7.308499999999999996e-01
0.000000000000000000e+00
6.292400000000000215e-01
0.000000000000000000e+00
0.000000000000000000e+00
5.829199999999999937e-01
0.000000000000000000e+00
0.000000000000000000e+00
0.000000000000000000e+00
5.382599999999999607e-01
0.000000000000000000e+00
0.000000000000000000e+00
0.000000000000000000e+00
0.000000000000000000e+00
6.295600000000000085e-01
0.000000000000000000e+00
0.000000000000000000e+00
7.297900000000000498e-01
0.000000000000000000e+00
0.000000000000000000e+00
0.000000000000000000e+00
5.613000000000000211e-01
0.000000000000000000e+00
0.000000000000000000e+00
0.000000000000000000e+00
0.000000000000000000e+00
0.000000000000000000e+00
6.181999999999999718e-01
0.000000000000000000e+00
6.513799999999999590e-01
0.000000000000000000e+00
0.000000000000000000e+00
0.000000000000000000e+00
7.518299999999999983e-01
0.000000000000000000e+00
0.000000000000000000e+00
9.078699999999999548e-01
0.000000000000000000e+00
5.779999999999999583e-01
0.000000000000000000e+00
0.000000000000000000e+00
5.432700000000000307e-01
0.000000000000000000e+00
0.000000000000000000e+00
6.770300000000000207e-01
0.000000000000000000e+00
1.015209999999999946e+00
0.000000000000000000e+00
0.000000000000000000e+00
0.000000000000000000e+00
5.559100000000000152e-01
0.000000000000000000e+00
0.000000000000000000e+00
0.000000000000000000e+00
1.013330000000000064e+00
0.000000000000000000e+00
0.000000000000000000e+00
0.000000000000000000e+00
5.550399999999999778e-01
0.000000000000000000e+00
0.000000000000000000e+00
0.000000000000000000e+00
0.000000000000000000e+00
0.000000000000000000e+00
7.407799999999999940e-01
0.000000000000000000e+00
7.007600000000000495e-01
0.000000000000000000e+00
6.395699999999999719e-01
0.000000000000000000e+00
5.924599999999999866e-01
0.000000000000000000e+00
0.000000000000000000e+00
0.000000000000000000e+00
0.000000000000000000e+00
0.000000000000000000e+00
0.000000000000000000e+00
6.721399999999999597e-01
0.000000000000000000e+00
0.000000000000000000e+00
0.000000000000000000e+00
5.405499999999999750e-01
0.000000000000000000e+00
0.000000000000000000e+00
5.485200000000000076e-01
0.000000000000000000e+00
7.834900000000000198e-01
0.000000000000000000e+00
0.000000000000000000e+00
0.000000000000000000e+00
0.000000000000000000e+00
6.091600000000000348e-01
0.000000000000000000e+00
0.000000000000000000e+00
0.000000000000000000e+00
5.577600000000000335e-01
0.000000000000000000e+00
8.069100000000000161e-01
0.000000000000000000e+00
0.000000000000000000e+00
5.363200000000000189e-01
0.000000000000000000e+00
0.000000000000000000e+00
5.829299999999999482e-01
0.000000000000000000e+00
7.130300000000000527e-01
0.000000000000000000e+00
0.000000000000000000e+00
0.000000000000000000e+00
0.000000000000000000e+00
4.675699999999999856e-01
0.000000000000000000e+00
0.000000000000000000e+00
0.000000000000000000e+00
0.000000000000000000e+00
4.796099999999999808e-01
0.000000000000000000e+00
6.397899999999999698e-01
0.000000000000000000e+00
0.000000000000000000e+00
0.000000000000000000e+00
0.000000000000000000e+00
5.560899999999999732e-01
0.000000000000000000e+00
0.000000000000000000e+00
4.672100000000000142e-01
0.000000000000000000e+00
0.000000000000000000e+00
0.000000000000000000e+00
4.705500000000000238e-01
0.000000000000000000e+00
0.000000000000000000e+00
1.045439999999999925e+00
0.000000000000000000e+00
0.000000000000000000e+00
4.983899999999999997e-01
0.000000000000000000e+00
0.000000000000000000e+00
8.153799999999999937e-01
0.000000000000000000e+00
0.000000000000000000e+00
0.000000000000000000e+00
5.300599999999999756e-01
0.000000000000000000e+00
0.000000000000000000e+00
0.000000000000000000e+00
0.000000000000000000e+00
6.009999999999999787e-01
0.000000000000000000e+00
0.000000000000000000e+00
0.000000000000000000e+00
0.000000000000000000e+00
0.000000000000000000e+00
0.000000000000000000e+00
0.000000000000000000e+00
0.000000000000000000e+00
0.000000000000000000e+00
0.000000000000000000e+00
0.000000000000000000e+00
0.000000000000000000e+00
0.000000000000000000e+00
0.000000000000000000e+00
0.000000000000000000e+00
0.000000000000000000e+00
0.000000000000000000e+00
0.000000000000000000e+00
0.000000000000000000e+00
0.000000000000000000e+00
0.000000000000000000e+00
0.000000000000000000e+00
0.000000000000000000e+00
0.000000000000000000e+00
6.905200000000000227e-01
0.000000000000000000e+00
0.000000000000000000e+00
0.000000000000000000e+00
5.336800000000000432e-01
0.000000000000000000e+00
0.000000000000000000e+00
0.000000000000000000e+00
6.768399999999999972e-01
0.000000000000000000e+00
0.000000000000000000e+00
0.000000000000000000e+00
0.000000000000000000e+00
5.321500000000000119e-01
0.000000000000000000e+00
0.000000000000000000e+00
0.000000000000000000e+00
0.000000000000000000e+00
8.028800000000000381e-01
0.000000000000000000e+00
0.000000000000000000e+00
4.701899999999999968e-01
0.000000000000000000e+00
0.000000000000000000e+00
5.088399999999999590e-01
0.000000000000000000e+00
0.000000000000000000e+00
0.000000000000000000e+00
0.000000000000000000e+00
0.000000000000000000e+00
0.000000000000000000e+00
6.557100000000000151e-01
0.000000000000000000e+00
7.326300000000000034e-01
0.000000000000000000e+00
0.000000000000000000e+00
5.236499999999999488e-01
0.000000000000000000e+00
0.000000000000000000e+00
6.464499999999999691e-01
0.000000000000000000e+00
0.000000000000000000e+00
5.566900000000000182e-01
0.000000000000000000e+00
0.000000000000000000e+00
0.000000000000000000e+00
5.783099999999999907e-01
0.000000000000000000e+00
0.000000000000000000e+00
0.000000000000000000e+00
0.000000000000000000e+00
5.504799999999999693e-01
0.000000000000000000e+00
0.000000000000000000e+00
5.103699999999999903e-01
0.000000000000000000e+00
7.152600000000000069e-01
0.000000000000000000e+00
0.000000000000000000e+00
0.000000000000000000e+00
4.947400000000000131e-01
0.000000000000000000e+00
0.000000000000000000e+00
5.530199999999999561e-01
0.000000000000000000e+00
9.538600000000000412e-01
0.000000000000000000e+00
1.003619999999999957e+00
0.000000000000000000e+00
0.000000000000000000e+00
5.642099999999999893e-01
0.000000000000000000e+00
0.000000000000000000e+00
0.000000000000000000e+00
0.000000000000000000e+00
5.575499999999999901e-01
0.000000000000000000e+00
0.000000000000000000e+00
7.306500000000000217e-01
0.000000000000000000e+00
0.000000000000000000e+00
0.000000000000000000e+00
0.000000000000000000e+00
7.090199999999999836e-01
0.000000000000000000e+00
0.000000000000000000e+00
0.000000000000000000e+00
5.766599999999999504e-01
0.000000000000000000e+00
0.000000000000000000e+00
0.000000000000000000e+00
7.201300000000000479e-01
0.000000000000000000e+00
7.248099999999999543e-01
0.000000000000000000e+00
0.000000000000000000e+00
0.000000000000000000e+00
0.000000000000000000e+00
4.537300000000000222e-01
0.000000000000000000e+00
9.535700000000000287e-01
0.000000000000000000e+00
0.000000000000000000e+00
0.000000000000000000e+00
0.000000000000000000e+00
0.000000000000000000e+00
5.727200000000000069e-01
0.000000000000000000e+00
0.000000000000000000e+00
0.000000000000000000e+00
8.634100000000000108e-01
0.000000000000000000e+00
6.430299999999999905e-01
0.000000000000000000e+00
0.000000000000000000e+00
5.573700000000000321e-01
0.000000000000000000e+00
7.402300000000000546e-01
0.000000000000000000e+00
9.421500000000000430e-01
0.000000000000000000e+00
0.000000000000000000e+00
9.399399999999999977e-01
0.000000000000000000e+00
0.000000000000000000e+00
0.000000000000000000e+00
0.000000000000000000e+00
7.389099999999999557e-01
0.000000000000000000e+00
1.258170000000000011e+00
0.000000000000000000e+00
0.000000000000000000e+00
0.000000000000000000e+00
8.866399999999999837e-01
0.000000000000000000e+00
0.000000000000000000e+00
0.000000000000000000e+00
0.000000000000000000e+00
6.635199999999999987e-01
0.000000000000000000e+00
0.000000000000000000e+00
6.440000000000000169e-01
0.000000000000000000e+00
0.000000000000000000e+00
5.669800000000000395e-01
0.000000000000000000e+00
0.000000000000000000e+00
0.000000000000000000e+00
0.000000000000000000e+00
6.131299999999999528e-01
0.000000000000000000e+00
0.000000000000000000e+00
0.000000000000000000e+00
5.793300000000000116e-01
0.000000000000000000e+00
0.000000000000000000e+00
0.000000000000000000e+00
0.000000000000000000e+00
6.763099999999999667e-01
0.000000000000000000e+00
0.000000000000000000e+00
0.000000000000000000e+00
0.000000000000000000e+00
8.219899999999999984e-01
0.000000000000000000e+00
1.254369999999999985e+00
0.000000000000000000e+00
0.000000000000000000e+00
0.000000000000000000e+00
5.590399999999999814e-01
0.000000000000000000e+00
0.000000000000000000e+00
0.000000000000000000e+00
9.328999999999999515e-01
0.000000000000000000e+00
0.000000000000000000e+00
0.000000000000000000e+00
0.000000000000000000e+00
5.568300000000000471e-01
0.000000000000000000e+00
9.900900000000000256e-01
0.000000000000000000e+00
0.000000000000000000e+00
5.554499999999999993e-01
0.000000000000000000e+00
0.000000000000000000e+00
0.000000000000000000e+00
5.727200000000000069e-01
0.000000000000000000e+00
0.000000000000000000e+00
0.000000000000000000e+00
0.000000000000000000e+00
0.000000000000000000e+00
5.294499999999999762e-01
0.000000000000000000e+00
0.000000000000000000e+00
0.000000000000000000e+00
0.000000000000000000e+00
1.307670000000000110e+00
0.000000000000000000e+00
0.000000000000000000e+00
4.496200000000000196e-01
0.000000000000000000e+00
0.000000000000000000e+00
0.000000000000000000e+00
7.699300000000000033e-01
0.000000000000000000e+00
8.333700000000000552e-01
0.000000000000000000e+00
5.735400000000000498e-01
0.000000000000000000e+00
0.000000000000000000e+00
0.000000000000000000e+00
5.644900000000000473e-01
0.000000000000000000e+00
0.000000000000000000e+00
1.044030000000000014e+00
0.000000000000000000e+00
0.000000000000000000e+00
0.000000000000000000e+00
5.638199999999999878e-01
0.000000000000000000e+00
0.000000000000000000e+00
0.000000000000000000e+00
6.130900000000000238e-01
0.000000000000000000e+00
8.730099999999999527e-01
0.000000000000000000e+00
9.288399999999999990e-01
0.000000000000000000e+00
6.019999999999999796e-01
0.000000000000000000e+00
0.000000000000000000e+00
6.693299999999999805e-01
0.000000000000000000e+00
0.000000000000000000e+00
5.349899999999999656e-01
0.000000000000000000e+00
0.000000000000000000e+00
0.000000000000000000e+00
0.000000000000000000e+00
1.025260000000000060e+00
0.000000000000000000e+00
0.000000000000000000e+00
0.000000000000000000e+00
6.227099999999999858e-01
0.000000000000000000e+00
0.000000000000000000e+00
9.176600000000000312e-01
0.000000000000000000e+00
8.492100000000000204e-01
0.000000000000000000e+00
0.000000000000000000e+00
0.000000000000000000e+00
0.000000000000000000e+00
5.493400000000000505e-01
0.000000000000000000e+00
0.000000000000000000e+00
5.969600000000000461e-01
0.000000000000000000e+00
0.000000000000000000e+00
0.000000000000000000e+00
9.788000000000000034e-01
0.000000000000000000e+00
0.000000000000000000e+00
5.845099999999999740e-01
0.000000000000000000e+00
0.000000000000000000e+00
4.755300000000000082e-01
0.000000000000000000e+00
0.000000000000000000e+00
0.000000000000000000e+00
5.639800000000000368e-01
0.000000000000000000e+00
0.000000000000000000e+00
5.415699999999999958e-01
0.000000000000000000e+00
0.000000000000000000e+00
0.000000000000000000e+00
5.178300000000000125e-01
0.000000000000000000e+00
0.000000000000000000e+00
0.000000000000000000e+00
0.000000000000000000e+00
0.000000000000000000e+00
0.000000000000000000e+00
0.000000000000000000e+00
0.000000000000000000e+00
0.000000000000000000e+00
0.000000000000000000e+00
0.000000000000000000e+00
0.000000000000000000e+00
0.000000000000000000e+00
0.000000000000000000e+00
0.000000000000000000e+00
0.000000000000000000e+00
0.000000000000000000e+00
0.000000000000000000e+00
0.000000000000000000e+00
0.000000000000000000e+00
0.000000000000000000e+00
5.396199999999999886e-01
0.000000000000000000e+00
0.000000000000000000e+00
0.000000000000000000e+00
4.700699999999999878e-01
0.000000000000000000e+00
6.244100000000000206e-01
0.000000000000000000e+00
0.000000000000000000e+00
5.449399999999999800e-01
0.000000000000000000e+00
0.000000000000000000e+00
0.000000000000000000e+00
6.338500000000000245e-01
0.000000000000000000e+00
0.000000000000000000e+00
5.470199999999999507e-01
0.000000000000000000e+00
0.000000000000000000e+00
6.980199999999999738e-01
0.000000000000000000e+00
0.000000000000000000e+00
5.530000000000000471e-01
0.000000000000000000e+00
0.000000000000000000e+00
0.000000000000000000e+00
4.800099999999999922e-01
0.000000000000000000e+00
0.000000000000000000e+00
8.333199999999999497e-01
0.000000000000000000e+00
6.154100000000000126e-01
0.000000000000000000e+00
0.000000000000000000e+00
0.000000000000000000e+00
5.589800000000000324e-01
0.000000000000000000e+00
0.000000000000000000e+00
5.551700000000000523e-01
0.000000000000000000e+00
0.000000000000000000e+00
0.000000000000000000e+00
6.929699999999999749e-01
0.000000000000000000e+00
5.650100000000000122e-01
0.000000000000000000e+00
0.000000000000000000e+00
0.000000000000000000e+00
5.912199999999999678e-01
0.000000000000000000e+00
0.000000000000000000e+00
0.000000000000000000e+00
0.000000000000000000e+00
6.486800000000000344e-01
0.000000000000000000e+00
0.000000000000000000e+00
5.807900000000000285e-01
0.000000000000000000e+00
0.000000000000000000e+00
0.000000000000000000e+00
5.512799999999999923e-01
0.000000000000000000e+00
0.000000000000000000e+00
0.000000000000000000e+00
6.559199999999999475e-01
0.000000000000000000e+00
5.400399999999999645e-01
0.000000000000000000e+00
7.623999999999999666e-01
0.000000000000000000e+00
5.644700000000000273e-01
0.000000000000000000e+00
0.000000000000000000e+00
0.000000000000000000e+00
5.350099999999999856e-01
0.000000000000000000e+00
0.000000000000000000e+00
0.000000000000000000e+00
5.578100000000000280e-01
0.000000000000000000e+00
0.000000000000000000e+00
0.000000000000000000e+00
6.683700000000000196e-01
0.000000000000000000e+00
1.083509999999999973e+00
0.000000000000000000e+00
0.000000000000000000e+00
0.000000000000000000e+00
4.953000000000000180e-01
0.000000000000000000e+00
0.000000000000000000e+00
0.000000000000000000e+00
0.000000000000000000e+00
0.000000000000000000e+00
0.000000000000000000e+00
5.417600000000000193e-01
0.000000000000000000e+00
5.721500000000000474e-01
0.000000000000000000e+00
8.117699999999999916e-01
0.000000000000000000e+00
7.097299999999999720e-01
0.000000000000000000e+00
0.000000000000000000e+00
0.000000000000000000e+00
0.000000000000000000e+00
7.698399999999999688e-01
0.000000000000000000e+00
0.000000000000000000e+00
7.383199999999999763e-01
0.000000000000000000e+00
9.426700000000000079e-01
0.000000000000000000e+00
5.342599999999999572e-01
0.000000000000000000e+00
0.000000000000000000e+00
0.000000000000000000e+00
5.507800000000000473e-01
0.000000000000000000e+00
0.000000000000000000e+00
4.922400000000000109e-01
0.000000000000000000e+00
0.000000000000000000e+00
8.974800000000000555e-01
0.000000000000000000e+00
0.000000000000000000e+00
5.588600000000000234e-01
0.000000000000000000e+00
5.790899999999999936e-01
0.000000000000000000e+00
0.000000000000000000e+00
7.666100000000000136e-01
0.000000000000000000e+00
0.000000000000000000e+00
0.000000000000000000e+00
6.113899999999999890e-01
0.000000000000000000e+00
5.434900000000000286e-01
0.000000000000000000e+00
0.000000000000000000e+00
4.826300000000000034e-01
0.000000000000000000e+00
0.000000000000000000e+00
6.027299999999999880e-01
0.000000000000000000e+00
0.000000000000000000e+00
5.500099999999999989e-01
0.000000000000000000e+00
5.843599999999999905e-01
0.000000000000000000e+00
0.000000000000000000e+00
0.000000000000000000e+00
0.000000000000000000e+00
4.858500000000000041e-01
0.000000000000000000e+00
0.000000000000000000e+00
0.000000000000000000e+00
0.000000000000000000e+00
0.000000000000000000e+00
7.326000000000000290e-01
0.000000000000000000e+00
0.000000000000000000e+00
0.000000000000000000e+00
6.993899999999999562e-01
0.000000000000000000e+00
0.000000000000000000e+00
0.000000000000000000e+00
0.000000000000000000e+00
0.000000000000000000e+00
9.763899999999999801e-01
0.000000000000000000e+00
0.000000000000000000e+00
5.544200000000000239e-01
0.000000000000000000e+00
6.154600000000000071e-01
0.000000000000000000e+00
0.000000000000000000e+00
0.000000000000000000e+00
0.000000000000000000e+00
7.167799999999999727e-01
0.000000000000000000e+00
0.000000000000000000e+00
7.851700000000000346e-01
0.000000000000000000e+00
7.487500000000000266e-01
0.000000000000000000e+00
1.288040000000000074e+00
0.000000000000000000e+00
0.000000000000000000e+00
6.216099999999999959e-01
0.000000000000000000e+00
0.000000000000000000e+00
6.670199999999999463e-01
0.000000000000000000e+00
0.000000000000000000e+00
0.000000000000000000e+00
6.072999999999999510e-01
0.000000000000000000e+00
1.012210000000000054e+00
0.000000000000000000e+00
0.000000000000000000e+00
6.947799999999999532e-01
0.000000000000000000e+00
0.000000000000000000e+00
0.000000000000000000e+00
6.292299999999999560e-01
0.000000000000000000e+00
0.000000000000000000e+00
0.000000000000000000e+00
0.000000000000000000e+00
5.188000000000000389e-01
0.000000000000000000e+00
8.054999999999999938e-01
0.000000000000000000e+00
0.000000000000000000e+00
0.000000000000000000e+00
6.021999999999999575e-01
0.000000000000000000e+00
0.000000000000000000e+00
6.413999999999999702e-01
0.000000000000000000e+00
0.000000000000000000e+00
0.000000000000000000e+00
6.460299999999999931e-01
0.000000000000000000e+00
0.000000000000000000e+00
0.000000000000000000e+00
5.784700000000000397e-01
0.000000000000000000e+00
7.745199999999999863e-01
0.000000000000000000e+00
0.000000000000000000e+00
6.488199999999999523e-01
0.000000000000000000e+00
0.000000000000000000e+00
0.000000000000000000e+00
5.570500000000000451e-01
0.000000000000000000e+00
0.000000000000000000e+00
0.000000000000000000e+00
0.000000000000000000e+00
5.332599999999999563e-01
0.000000000000000000e+00
6.068700000000000205e-01
0.000000000000000000e+00
7.419999999999999929e-01
0.000000000000000000e+00
6.732299999999999951e-01
0.000000000000000000e+00
0.000000000000000000e+00
5.459899999999999753e-01
0.000000000000000000e+00
0.000000000000000000e+00
0.000000000000000000e+00
5.698800000000000532e-01
0.000000000000000000e+00
0.000000000000000000e+00
8.844100000000000295e-01
0.000000000000000000e+00
0.000000000000000000e+00
0.000000000000000000e+00
0.000000000000000000e+00
0.000000000000000000e+00
0.000000000000000000e+00
0.000000000000000000e+00
0.000000000000000000e+00
0.000000000000000000e+00
0.000000000000000000e+00
0.000000000000000000e+00
0.000000000000000000e+00
0.000000000000000000e+00
0.000000000000000000e+00
0.000000000000000000e+00
0.000000000000000000e+00
0.000000000000000000e+00
0.000000000000000000e+00
0.000000000000000000e+00
0.000000000000000000e+00
0.000000000000000000e+00
9.465299999999999825e-01
0.000000000000000000e+00
0.000000000000000000e+00
0.000000000000000000e+00
0.000000000000000000e+00
7.679500000000000215e-01
0.000000000000000000e+00
5.595400000000000373e-01
0.000000000000000000e+00
0.000000000000000000e+00
0.000000000000000000e+00
0.000000000000000000e+00
5.855299999999999949e-01
0.000000000000000000e+00
6.822500000000000231e-01
0.000000000000000000e+00
0.000000000000000000e+00
0.000000000000000000e+00
8.483300000000000285e-01
0.000000000000000000e+00
0.000000000000000000e+00
0.000000000000000000e+00
7.214899999999999647e-01
0.000000000000000000e+00
0.000000000000000000e+00
0.000000000000000000e+00
0.000000000000000000e+00
0.000000000000000000e+00
8.565700000000000536e-01
0.000000000000000000e+00
0.000000000000000000e+00
6.246000000000000441e-01
0.000000000000000000e+00
0.000000000000000000e+00
0.000000000000000000e+00
0.000000000000000000e+00
5.256399999999999961e-01
0.000000000000000000e+00
0.000000000000000000e+00
0.000000000000000000e+00
9.842800000000000438e-01
0.000000000000000000e+00
0.000000000000000000e+00
7.443199999999999816e-01
0.000000000000000000e+00
1.042839999999999989e+00
0.000000000000000000e+00
0.000000000000000000e+00
0.000000000000000000e+00
0.000000000000000000e+00
7.202399999999999913e-01
0.000000000000000000e+00
0.000000000000000000e+00
0.000000000000000000e+00
0.000000000000000000e+00
0.000000000000000000e+00
0.000000000000000000e+00
6.232900000000000107e-01
0.000000000000000000e+00
0.000000000000000000e+00
0.000000000000000000e+00
5.972199999999999731e-01
0.000000000000000000e+00
0.000000000000000000e+00
5.028200000000000447e-01
0.000000000000000000e+00
0.000000000000000000e+00
5.971499999999999586e-01
0.000000000000000000e+00
0.000000000000000000e+00
0.000000000000000000e+00
0.000000000000000000e+00
0.000000000000000000e+00
8.234200000000000408e-01
0.000000000000000000e+00
0.000000000000000000e+00
6.366300000000000292e-01
0.000000000000000000e+00
0.000000000000000000e+00
5.859799999999999454e-01
0.000000000000000000e+00
0.000000000000000000e+00
0.000000000000000000e+00
5.984000000000000430e-01
0.000000000000000000e+00
5.765799999999999814e-01
0.000000000000000000e+00
8.002700000000000369e-01
0.000000000000000000e+00
6.934900000000000508e-01
0.000000000000000000e+00
0.000000000000000000e+00
0.000000000000000000e+00
0.000000000000000000e+00
5.877900000000000347e-01
0.000000000000000000e+00
6.801599999999999868e-01
0.000000000000000000e+00
0.000000000000000000e+00
0.000000000000000000e+00
5.848200000000000065e-01
0.000000000000000000e+00
0.000000000000000000e+00
6.344899999999999984e-01
0.000000000000000000e+00
0.000000000000000000e+00
5.120400000000000507e-01
0.000000000000000000e+00
0.000000000000000000e+00
0.000000000000000000e+00
6.902599999999999847e-01
0.000000000000000000e+00
0.000000000000000000e+00
0.000000000000000000e+00
0.000000000000000000e+00
0.000000000000000000e+00
7.705499999999999572e-01
0.000000000000000000e+00
0.000000000000000000e+00
0.000000000000000000e+00
6.123499999999999499e-01
0.000000000000000000e+00
6.816900000000000182e-01
0.000000000000000000e+00
0.000000000000000000e+00
5.672399999999999665e-01
0.000000000000000000e+00
0.000000000000000000e+00
0.000000000000000000e+00
0.000000000000000000e+00
0.000000000000000000e+00
6.550899999999999501e-01
0.000000000000000000e+00
0.000000000000000000e+00
5.811800000000000299e-01
0.000000000000000000e+00
0.000000000000000000e+00
0.000000000000000000e+00
9.440800000000000303e-01
0.000000000000000000e+00
0.000000000000000000e+00
0.000000000000000000e+00
0.000000000000000000e+00
9.583099999999999952e-01
0.000000000000000000e+00
6.135699999999999488e-01
0.000000000000000000e+00
0.000000000000000000e+00
5.810800000000000409e-01
0.000000000000000000e+00
0.000000000000000000e+00
0.000000000000000000e+00
0.000000000000000000e+00
5.489500000000000490e-01
0.000000000000000000e+00
0.000000000000000000e+00
0.000000000000000000e+00
0.000000000000000000e+00
0.000000000000000000e+00
0.000000000000000000e+00
0.000000000000000000e+00
5.185300000000000464e-01
0.000000000000000000e+00
7.348599999999999577e-01
0.000000000000000000e+00
6.099999999999999867e-01
0.000000000000000000e+00
6.312200000000000033e-01
0.000000000000000000e+00
5.691399999999999793e-01
0.000000000000000000e+00
0.000000000000000000e+00
4.805800000000000072e-01
0.000000000000000000e+00
0.000000000000000000e+00
0.000000000000000000e+00
0.000000000000000000e+00
0.000000000000000000e+00
5.293700000000000072e-01
0.000000000000000000e+00
5.881100000000000216e-01
0.000000000000000000e+00
5.250299999999999967e-01
0.000000000000000000e+00
0.000000000000000000e+00
0.000000000000000000e+00
5.444799999999999640e-01
0.000000000000000000e+00
6.267099999999999893e-01
0.000000000000000000e+00
0.000000000000000000e+00
0.000000000000000000e+00
5.776400000000000423e-01
0.000000000000000000e+00
7.443699999999999761e-01
0.000000000000000000e+00
0.000000000000000000e+00
0.000000000000000000e+00
0.000000000000000000e+00
5.334200000000000053e-01
0.000000000000000000e+00
0.000000000000000000e+00
0.000000000000000000e+00
0.000000000000000000e+00
0.000000000000000000e+00
0.000000000000000000e+00
5.603099999999999747e-01
0.000000000000000000e+00
0.000000000000000000e+00
0.000000000000000000e+00
6.168500000000000094e-01
0.000000000000000000e+00
0.000000000000000000e+00
9.103499999999999925e-01
0.000000000000000000e+00
0.000000000000000000e+00
0.000000000000000000e+00
6.588399999999999812e-01
0.000000000000000000e+00
0.000000000000000000e+00
7.568899999999999517e-01
0.000000000000000000e+00
0.000000000000000000e+00
0.000000000000000000e+00
0.000000000000000000e+00
0.000000000000000000e+00
5.666999999999999815e-01
0.000000000000000000e+00
5.568600000000000216e-01
0.000000000000000000e+00
0.000000000000000000e+00
6.238099999999999756e-01
0.000000000000000000e+00
0.000000000000000000e+00
0.000000000000000000e+00
0.000000000000000000e+00
7.498399999999999510e-01
0.000000000000000000e+00
0.000000000000000000e+00
0.000000000000000000e+00
0.000000000000000000e+00
1.170290000000000052e+00
0.000000000000000000e+00
0.000000000000000000e+00
6.018499999999999961e-01
0.000000000000000000e+00
5.727999999999999758e-01
0.000000000000000000e+00
9.321800000000000086e-01
0.000000000000000000e+00
5.633799999999999919e-01
0.000000000000000000e+00
5.894500000000000295e-01
0.000000000000000000e+00
0.000000000000000000e+00
7.282399999999999984e-01
0.000000000000000000e+00
0.000000000000000000e+00
9.546900000000000386e-01
0.000000000000000000e+00
0.000000000000000000e+00
4.870700000000000029e-01
0.000000000000000000e+00
0.000000000000000000e+00
8.758399999999999519e-01
0.000000000000000000e+00
0.000000000000000000e+00
0.000000000000000000e+00
6.402999999999999803e-01
0.000000000000000000e+00
9.650400000000000089e-01
0.000000000000000000e+00
0.000000000000000000e+00
6.125599999999999934e-01
0.000000000000000000e+00
0.000000000000000000e+00
5.465999999999999748e-01
0.000000000000000000e+00
0.000000000000000000e+00
0.000000000000000000e+00
0.000000000000000000e+00
6.230999999999999872e-01
0.000000000000000000e+00
0.000000000000000000e+00
0.000000000000000000e+00
0.000000000000000000e+00
0.000000000000000000e+00
0.000000000000000000e+00
0.000000000000000000e+00
0.000000000000000000e+00
0.000000000000000000e+00
0.000000000000000000e+00
0.000000000000000000e+00
0.000000000000000000e+00
0.000000000000000000e+00
0.000000000000000000e+00
0.000000000000000000e+00
0.000000000000000000e+00
0.000000000000000000e+00
0.000000000000000000e+00
0.000000000000000000e+00
0.000000000000000000e+00
0.000000000000000000e+00
0.000000000000000000e+00
0.000000000000000000e+00
7.647199999999999553e-01
0.000000000000000000e+00
0.000000000000000000e+00
5.894899999999999585e-01
0.000000000000000000e+00
0.000000000000000000e+00
7.873700000000000143e-01
0.000000000000000000e+00
0.000000000000000000e+00
0.000000000000000000e+00
5.639399999999999968e-01
0.000000000000000000e+00
0.000000000000000000e+00
0.000000000000000000e+00
0.000000000000000000e+00
7.663400000000000212e-01
0.000000000000000000e+00
0.000000000000000000e+00
1.184160000000000101e+00
0.000000000000000000e+00
0.000000000000000000e+00
0.000000000000000000e+00
5.870400000000000063e-01
0.000000000000000000e+00
0.000000000000000000e+00
0.000000000000000000e+00
6.823200000000000376e-01
0.000000000000000000e+00
0.000000000000000000e+00
5.666999999999999815e-01
0.000000000000000000e+00
7.415199999999999569e-01
0.000000000000000000e+00
6.188799999999999857e-01
0.000000000000000000e+00
0.000000000000000000e+00
0.000000000000000000e+00
6.053399999999999892e-01
0.000000000000000000e+00
5.689400000000000013e-01
0.000000000000000000e+00
0.000000000000000000e+00
0.000000000000000000e+00
0.000000000000000000e+00
8.839099999999999735e-01
0.000000000000000000e+00
0.000000000000000000e+00
0.000000000000000000e+00
0.000000000000000000e+00
5.350700000000000456e-01
0.000000000000000000e+00
0.000000000000000000e+00
7.589599999999999680e-01
0.000000000000000000e+00
6.841500000000000359e-01
0.000000000000000000e+00
7.252499999999999503e-01
0.000000000000000000e+00
0.000000000000000000e+00
0.000000000000000000e+00
0.000000000000000000e+00
9.409199999999999786e-01
0.000000000000000000e+00
0.000000000000000000e+00
5.720699999999999674e-01
0.000000000000000000e+00
0.000000000000000000e+00
6.183499999999999552e-01
0.000000000000000000e+00
0.000000000000000000e+00
5.755200000000000315e-01
0.000000000000000000e+00
0.000000000000000000e+00
4.949999999999999956e-01
0.000000000000000000e+00
0.000000000000000000e+00
5.959999999999999742e-01
0.000000000000000000e+00
0.000000000000000000e+00
0.000000000000000000e+00
0.000000000000000000e+00
0.000000000000000000e+00
0.000000000000000000e+00
7.555899999999999839e-01
0.000000000000000000e+00
0.000000000000000000e+00
0.000000000000000000e+00
0.000000000000000000e+00
5.622099999999999875e-01
0.000000000000000000e+00
0.000000000000000000e+00
0.000000000000000000e+00
8.536799999999999944e-01
0.000000000000000000e+00
0.000000000000000000e+00
5.996200000000000419e-01
0.000000000000000000e+00
6.414600000000000302e-01
0.000000000000000000e+00
0.000000000000000000e+00
5.297600000000000087e-01
0.000000000000000000e+00
0.000000000000000000e+00
7.796800000000000397e-01
0.000000000000000000e+00
0.000000000000000000e+00
0.000000000000000000e+00
0.000000000000000000e+00
0.000000000000000000e+00
8.577700000000000324e-01
0.000000000000000000e+00
6.887499999999999734e-01
0.000000000000000000e+00
5.743700000000000472e-01
0.000000000000000000e+00
6.394199999999999884e-01
0.000000000000000000e+00
0.000000000000000000e+00
7.503100000000000325e-01
0.000000000000000000e+00
0.000000000000000000e+00
6.350000000000000089e-01
0.000000000000000000e+00
0.000000000000000000e+00
5.066100000000000048e-01
0.000000000000000000e+00
0.000000000000000000e+00
0.000000000000000000e+00
0.000000000000000000e+00
7.193500000000000449e-01
0.000000000000000000e+00
0.000000000000000000e+00
0.000000000000000000e+00
8.127799999999999470e-01
0.000000000000000000e+00
5.471099999999999852e-01
0.000000000000000000e+00
0.000000000000000000e+00
0.000000000000000000e+00
1.617070000000000007e+00
0.000000000000000000e+00
6.142800000000000482e-01
0.000000000000000000e+00
0.000000000000000000e+00
0.000000000000000000e+00
5.485200000000000076e-01
0.000000000000000000e+00
8.531199999999999894e-01
0.000000000000000000e+00
0.000000000000000000e+00
0.000000000000000000e+00
0.000000000000000000e+00
0.000000000000000000e+00
5.977599999999999580e-01
0.000000000000000000e+00
6.203800000000000425e-01
0.000000000000000000e+00
0.000000000000000000e+00
0.000000000000000000e+00
5.212900000000000311e-01
0.000000000000000000e+00
6.799899999999999833e-01
0.000000000000000000e+00
0.000000000000000000e+00
0.000000000000000000e+00
0.000000000000000000e+00
0.000000000000000000e+00
0.000000000000000000e+00
7.940800000000000081e-01
0.000000000000000000e+00
0.000000000000000000e+00
0.000000000000000000e+00
1.012809999999999988e+00
0.000000000000000000e+00
0.000000000000000000e+00
0.000000000000000000e+00
5.104199999999999848e-01
0.000000000000000000e+00
0.000000000000000000e+00
5.363400000000000389e-01
0.000000000000000000e+00
0.000000000000000000e+00
6.409899999999999487e-01
0.000000000000000000e+00
5.565200000000000147e-01
0.000000000000000000e+00
0.000000000000000000e+00
8.284899999999999487e-01
0.000000000000000000e+00
0.000000000000000000e+00
0.000000000000000000e+00
0.000000000000000000e+00
6.358000000000000318e-01
0.000000000000000000e+00
7.551600000000000534e-01
0.000000000000000000e+00
0.000000000000000000e+00
0.000000000000000000e+00
0.000000000000000000e+00
9.268600000000000172e-01
0.000000000000000000e+00
0.000000000000000000e+00
0.000000000000000000e+00
8.460999999999999632e-01
0.000000000000000000e+00
5.661599999999999966e-01
0.000000000000000000e+00
0.000000000000000000e+00
0.000000000000000000e+00
0.000000000000000000e+00
6.250900000000000345e-01
0.000000000000000000e+00
0.000000000000000000e+00
0.000000000000000000e+00
0.000000000000000000e+00
0.000000000000000000e+00
9.611199999999999743e-01
0.000000000000000000e+00
0.000000000000000000e+00
0.000000000000000000e+00
0.000000000000000000e+00
5.190799999999999859e-01
0.000000000000000000e+00
0.000000000000000000e+00
6.669699999999999518e-01
0.000000000000000000e+00
6.210799999999999654e-01
0.000000000000000000e+00
0.000000000000000000e+00
5.492700000000000360e-01
0.000000000000000000e+00
0.000000000000000000e+00
5.736099999999999532e-01
0.000000000000000000e+00
0.000000000000000000e+00
0.000000000000000000e+00
0.000000000000000000e+00
5.957799999999999763e-01
0.000000000000000000e+00
8.355900000000000549e-01
0.000000000000000000e+00
0.000000000000000000e+00
5.985500000000000265e-01
0.000000000000000000e+00
0.000000000000000000e+00
5.986399999999999499e-01
0.000000000000000000e+00
0.000000000000000000e+00
0.000000000000000000e+00
9.422700000000000520e-01
0.000000000000000000e+00
7.325700000000000545e-01
0.000000000000000000e+00
0.000000000000000000e+00
9.606799999999999784e-01
0.000000000000000000e+00
6.037400000000000544e-01
0.000000000000000000e+00
6.662000000000000144e-01
0.000000000000000000e+00
5.980400000000000160e-01
0.000000000000000000e+00
0.000000000000000000e+00
0.000000000000000000e+00
0.000000000000000000e+00
5.493700000000000250e-01
0.000000000000000000e+00
0.000000000000000000e+00
6.354600000000000248e-01
0.000000000000000000e+00
0.000000000000000000e+00
0.000000000000000000e+00
0.000000000000000000e+00
0.000000000000000000e+00
0.000000000000000000e+00
0.000000000000000000e+00
0.000000000000000000e+00
0.000000000000000000e+00
0.000000000000000000e+00
0.000000000000000000e+00
0.000000000000000000e+00
0.000000000000000000e+00
