0.000000000000000000e+00
0.000000000000000000e+00
0.000000000000000000e+00
0.000000000000000000e+00
0.000000000000000000e+00
0.000000000000000000e+00
0.000000000000000000e+00
0.000000000000000000e+00
0.000000000000000000e+00
0.000000000000000000e+00
1.061269999999999936e+00
0.000000000000000000e+00
0.000000000000000000e+00
0.000000000000000000e+00
1.367620000000000058e+00
0.000000000000000000e+00
0.000000000000000000e+00
7.269299999999999651e-01
0.000000000000000000e+00
0.000000000000000000e+00
0.000000000000000000e+00
0.000000000000000000e+00
7.456000000000000405e-01
0.000000000000000000e+00
6.705699999999999994e-01
0.000000000000000000e+00
0.000000000000000000e+00
1.659219999999999917e+00
0.000000000000000000e+00
0.000000000000000000e+00
0.000000000000000000e+00
9.684300000000000130e-01
0.000000000000000000e+00
0.000000000000000000e+00
0.000000000000000000e+00
1.299809999999999910e+00
0.000000000000000000e+00
6.857900000000000107e-01
0.000000000000000000e+00
0.000000000000000000e+00
1.301790000000000003e+00
0.000000000000000000e+00
0.000000000000000000e+00
0.000000000000000000e+00
1.675440000000000040e+00
0.000000000000000000e+00
0.000000000000000000e+00
0.000000000000000000e+00
0.000000000000000000e+00
0.000000000000000000e+00
0.000000000000000000e+00
1.118060000000000054e+00
0.000000000000000000e+00
0.000000000000000000e+00
0.000000000000000000e+00
7.976299999999999502e-01
0.000000000000000000e+00
8.968099999999999961e-01
0.000000000000000000e+00
0.000000000000000000e+00
1.383979999999999988e+00
0.000000000000000000e+00
0.000000000000000000e+00
0.000000000000000000e+00
0.000000000000000000e+00
1.921249999999999902e+00
0.000000000000000000e+00
0.000000000000000000e+00
5.490399999999999725e-01
0.000000000000000000e+00
0.000000000000000000e+00
0.000000000000000000e+00
0.000000000000000000e+00
0.000000000000000000e+00
8.868899999999999562e-01
0.000000000000000000e+00
0.000000000000000000e+00
0.000000000000000000e+00
9.572100000000000053e-01
0.000000000000000000e+00
0.000000000000000000e+00
0.000000000000000000e+00
7.980800000000000116e-01
0.000000000000000000e+00
0.000000000000000000e+00
9.600999999999999535e-01
0.000000000000000000e+00
1.372980000000000089e+00
0.000000000000000000e+00
0.000000000000000000e+00
8.597900000000000542e-01
0.000000000000000000e+00
0.000000000000000000e+00
8.799099999999999699e-01
0.000000000000000000e+00
0.000000000000000000e+00
1.648819999999999952e+00
0.000000000000000000e+00
0.000000000000000000e+00
0.000000000000000000e+00
1.655440000000000023e+00
0.000000000000000000e+00
0.000000000000000000e+00
0.000000000000000000e+00
0.000000000000000000e+00
0.000000000000000000e+00
8.343800000000000106e-01
0.000000000000000000e+00
0.000000000000000000e+00
9.611600000000000144e-01
0.000000000000000000e+00
0.000000000000000000e+00
8.887800000000000145e-01
0.000000000000000000e+00
0.000000000000000000e+00
0.000000000000000000e+00
0.000000000000000000e+00
9.352399999999999602e-01
0.000000000000000000e+00
0.000000000000000000e+00
0.000000000000000000e+00
1.118880000000000097e+00
0.000000000000000000e+00
5.502799999999999914e-01
0.000000000000000000e+00
1.369609999999999994e+00
0.000000000000000000e+00
0.000000000000000000e+00
7.710299999999999931e-01
0.000000000000000000e+00
6.877999999999999670e-01
0.000000000000000000e+00
0.000000000000000000e+00
0.000000000000000000e+00
0.000000000000000000e+00
1.165540000000000020e+00
0.000000000000000000e+00
0.000000000000000000e+00
0.000000000000000000e+00
0.000000000000000000e+00
8.001300000000000079e-01
0.000000000000000000e+00
0.000000000000000000e+00
0.000000000000000000e+00
6.294399999999999995e-01
0.000000000000000000e+00
8.411800000000000388e-01
0.000000000000000000e+00
0.000000000000000000e+00
0.000000000000000000e+00
0.000000000000000000e+00
0.000000000000000000e+00
1.172800000000000065e+00
0.000000000000000000e+00
0.000000000000000000e+00
6.540799999999999947e-01
0.000000000000000000e+00
6.408399999999999652e-01
0.000000000000000000e+00
6.784799999999999720e-01
0.000000000000000000e+00
0.000000000000000000e+00
7.601599999999999469e-01
0.000000000000000000e+00
1.436600000000000099e+00
0.000000000000000000e+00
0.000000000000000000e+00
0.000000000000000000e+00
0.000000000000000000e+00
0.000000000000000000e+00
0.000000000000000000e+00
7.990800000000000125e-01
0.000000000000000000e+00
0.000000000000000000e+00
6.071499999999999675e-01
0.000000000000000000e+00
0.000000000000000000e+00
1.087630000000000097e+00
0.000000000000000000e+00
0.000000000000000000e+00
0.000000000000000000e+00
1.489419999999999966e+00
0.000000000000000000e+00
0.000000000000000000e+00
0.000000000000000000e+00
8.176499999999999879e-01
0.000000000000000000e+00
9.071399999999999464e-01
0.000000000000000000e+00
0.000000000000000000e+00
0.000000000000000000e+00
0.000000000000000000e+00
0.000000000000000000e+00
1.327269999999999950e+00
0.000000000000000000e+00
1.162679999999999936e+00
0.000000000000000000e+00
8.933499999999999774e-01
0.000000000000000000e+00
0.000000000000000000e+00
0.000000000000000000e+00
0.000000000000000000e+00
0.000000000000000000e+00
1.341560000000000086e+00
0.000000000000000000e+00
0.000000000000000000e+00
0.000000000000000000e+00
0.000000000000000000e+00
6.349200000000000399e-01
0.000000000000000000e+00
0.000000000000000000e+00
0.000000000000000000e+00
0.000000000000000000e+00
7.411400000000000210e-01
0.000000000000000000e+00
0.000000000000000000e+00
0.000000000000000000e+00
0.000000000000000000e+00
1.075490000000000057e+00
0.000000000000000000e+00
0.000000000000000000e+00
0.000000000000000000e+00
1.253849999999999909e+00
0.000000000000000000e+00
0.000000000000000000e+00
0.000000000000000000e+00
7.480400000000000382e-01
0.000000000000000000e+00
1.062440000000000051e+00
0.000000000000000000e+00
1.359059999999999935e+00
0.000000000000000000e+00
0.000000000000000000e+00
0.000000000000000000e+00
8.224500000000000144e-01
0.000000000000000000e+00
0.000000000000000000e+00
9.485599999999999588e-01
0.000000000000000000e+00
5.326899999999999968e-01
0.000000000000000000e+00
0.000000000000000000e+00
0.000000000000000000e+00
9.693399999999999794e-01
0.000000000000000000e+00
0.000000000000000000e+00
0.000000000000000000e+00
1.330740000000000034e+00
0.000000000000000000e+00
0.000000000000000000e+00
0.000000000000000000e+00
0.000000000000000000e+00
0.000000000000000000e+00
8.137900000000000134e-01
0.000000000000000000e+00
1.692639999999999922e+00
0.000000000000000000e+00
0.000000000000000000e+00
0.000000000000000000e+00
7.655100000000000238e-01
0.000000000000000000e+00
0.000000000000000000e+00
0.000000000000000000e+00
0.000000000000000000e+00
6.293900000000000050e-01
0.000000000000000000e+00
7.321600000000000330e-01
0.000000000000000000e+00
0.000000000000000000e+00
0.000000000000000000e+00
0.000000000000000000e+00
7.623999999999999666e-01
0.000000000000000000e+00
0.000000000000000000e+00
0.000000000000000000e+00
1.169000000000000039e+00
0.000000000000000000e+00
7.947600000000000220e-01
0.000000000000000000e+00
0.000000000000000000e+00
0.000000000000000000e+00
5.315999999999999615e-01
0.000000000000000000e+00
0.000000000000000000e+00
1.048429999999999973e+00
0.000000000000000000e+00
9.405099999999999572e-01
0.000000000000000000e+00
0.000000000000000000e+00
1.348770000000000024e+00
0.000000000000000000e+00
0.000000000000000000e+00
1.174749999999999961e+00
0.000000000000000000e+00
0.000000000000000000e+00
0.000000000000000000e+00
0.000000000000000000e+00
0.000000000000000000e+00
0.000000000000000000e+00
0.000000000000000000e+00
0.000000000000000000e+00
0.000000000000000000e+00
0.000000000000000000e+00
0.000000000000000000e+00
0.000000000000000000e+00
0.000000000000000000e+00
0.000000000000000000e+00
0.000000000000000000e+00
0.000000000000000000e+00
0.000000000000000000e+00
0.000000000000000000e+00
0.000000000000000000e+00
0.000000000000000000e+00
0.000000000000000000e+00
7.688500000000000334e-01
0.000000000000000000e+00
4.975399999999999823e-01
0.000000000000000000e+00
0.000000000000000000e+00
0.000000000000000000e+00
0.000000000000000000e+00
0.000000000000000000e+00
1.214399999999999924e+00
0.000000000000000000e+00
8.493800000000000239e-01
0.000000000000000000e+00
1.234339999999999993e+00
0.000000000000000000e+00
7.189200000000000035e-01
0.000000000000000000e+00
0.000000000000000000e+00
0.000000000000000000e+00
7.443400000000000016e-01
0.000000000000000000e+00
0.000000000000000000e+00
0.000000000000000000e+00
0.000000000000000000e+00
0.000000000000000000e+00
7.155200000000000449e-01
0.000000000000000000e+00
0.000000000000000000e+00
8.718700000000000339e-01
0.000000000000000000e+00
0.000000000000000000e+00
0.000000000000000000e+00
6.448099999999999943e-01
0.000000000000000000e+00
0.000000000000000000e+00
0.000000000000000000e+00
9.062999999999999945e-01
0.000000000000000000e+00
5.954700000000000548e-01
0.000000000000000000e+00
0.000000000000000000e+00
0.000000000000000000e+00
0.000000000000000000e+00
0.000000000000000000e+00
4.268000000000000127e-01
0.000000000000000000e+00
0.000000000000000000e+00
0.000000000000000000e+00
5.638100000000000334e-01
0.000000000000000000e+00
0.000000000000000000e+00
0.000000000000000000e+00
1.421769999999999978e+00
0.000000000000000000e+00
0.000000000000000000e+00
1.098270000000000080e+00
0.000000000000000000e+00
0.000000000000000000e+00
0.000000000000000000e+00
6.111699999999999910e-01
0.000000000000000000e+00
0.000000000000000000e+00
4.722500000000000031e-01
0.000000000000000000e+00
0.000000000000000000e+00
0.000000000000000000e+00
0.000000000000000000e+00
7.586300000000000265e-01
0.000000000000000000e+00
4.272400000000000087e-01
0.000000000000000000e+00
0.000000000000000000e+00
3.889199999999999879e-01
0.000000000000000000e+00
0.000000000000000000e+00
0.000000000000000000e+00
4.890399999999999747e-01
0.000000000000000000e+00
9.477299999999999613e-01
0.000000000000000000e+00
1.506669999999999954e+00
0.000000000000000000e+00
0.000000000000000000e+00
9.916500000000000314e-01
0.000000000000000000e+00
9.337699999999999889e-01
0.000000000000000000e+00
0.000000000000000000e+00
9.846799999999999997e-01
0.000000000000000000e+00
0.000000000000000000e+00
8.068999999999999506e-01
0.000000000000000000e+00
0.000000000000000000e+00
0.000000000000000000e+00
0.000000000000000000e+00
5.688100000000000378e-01
0.000000000000000000e+00
0.000000000000000000e+00
1.087679999999999980e+00
0.000000000000000000e+00
0.000000000000000000e+00
0.000000000000000000e+00
6.252699999999999925e-01
0.000000000000000000e+00
4.605699999999999794e-01
0.000000000000000000e+00
0.000000000000000000e+00
6.546800000000000397e-01
0.000000000000000000e+00
7.991099999999999870e-01
0.000000000000000000e+00
0.000000000000000000e+00
0.000000000000000000e+00
0.000000000000000000e+00
4.803600000000000092e-01
0.000000000000000000e+00
8.748200000000000420e-01
0.000000000000000000e+00
0.000000000000000000e+00
0.000000000000000000e+00
0.000000000000000000e+00
0.000000000000000000e+00
0.000000000000000000e+00
0.000000000000000000e+00
5.974399999999999711e-01
0.000000000000000000e+00
0.000000000000000000e+00
1.244550000000000045e+00
0.000000000000000000e+00
1.417450000000000099e+00
0.000000000000000000e+00
8.229800000000000448e-01
0.000000000000000000e+00
0.000000000000000000e+00
1.363799999999999901e+00
0.000000000000000000e+00
0.000000000000000000e+00
8.301500000000000545e-01
0.000000000000000000e+00
0.000000000000000000e+00
0.000000000000000000e+00
0.000000000000000000e+00
7.501400000000000290e-01
0.000000000000000000e+00
0.000000000000000000e+00
7.499400000000000510e-01
0.000000000000000000e+00
0.000000000000000000e+00
0.000000000000000000e+00
0.000000000000000000e+00
0.000000000000000000e+00
1.925470000000000015e+00
0.000000000000000000e+00
4.929399999999999893e-01
0.000000000000000000e+00
0.000000000000000000e+00
0.000000000000000000e+00
7.012500000000000400e-01
0.000000000000000000e+00
0.000000000000000000e+00
0.000000000000000000e+00
0.000000000000000000e+00
0.000000000000000000e+00
0.000000000000000000e+00
1.086230000000000029e+00
0.000000000000000000e+00
0.000000000000000000e+00
6.399799999999999933e-01
0.000000000000000000e+00
0.000000000000000000e+00
8.656700000000000506e-01
0.000000000000000000e+00
0.000000000000000000e+00
7.672900000000000276e-01
0.000000000000000000e+00
0.000000000000000000e+00
0.000000000000000000e+00
5.738600000000000367e-01
0.000000000000000000e+00
0.000000000000000000e+00
0.000000000000000000e+00
0.000000000000000000e+00
0.000000000000000000e+00
5.704200000000000381e-01
0.000000000000000000e+00
0.000000000000000000e+00
5.598800000000000443e-01
0.000000000000000000e+00
0.000000000000000000e+00
0.000000000000000000e+00
6.141799999999999482e-01
0.000000000000000000e+00
0.000000000000000000e+00
0.000000000000000000e+00
0.000000000000000000e+00
1.092319999999999958e+00
0.000000000000000000e+00
0.000000000000000000e+00
0.000000000000000000e+00
0.000000000000000000e+00
0.000000000000000000e+00
9.781400000000000095e-01
0.000000000000000000e+00
6.151200000000000001e-01
0.000000000000000000e+00
0.000000000000000000e+00
8.472699999999999676e-01
0.000000000000000000e+00
0.000000000000000000e+00
0.000000000000000000e+00
0.000000000000000000e+00
7.054799999999999960e-01
0.000000000000000000e+00
0.000000000000000000e+00
0.000000000000000000e+00
0.000000000000000000e+00
7.983500000000000041e-01
0.000000000000000000e+00
0.000000000000000000e+00
8.593100000000000183e-01
0.000000000000000000e+00
0.000000000000000000e+00
4.995800000000000241e-01
0.000000000000000000e+00
0.000000000000000000e+00
8.553300000000000347e-01
0.000000000000000000e+00
0.000000000000000000e+00
0.000000000000000000e+00
6.005800000000000027e-01
0.000000000000000000e+00
0.000000000000000000e+00
6.293900000000000050e-01
0.000000000000000000e+00
0.000000000000000000e+00
0.000000000000000000e+00
0.000000000000000000e+00
7.138999999999999790e-01
0.000000000000000000e+00
0.000000000000000000e+00
0.000000000000000000e+00
6.124800000000000244e-01
0.000000000000000000e+00
0.000000000000000000e+00
0.000000000000000000e+00
7.013200000000000545e-01
0.000000000000000000e+00
6.252900000000000125e-01
0.000000000000000000e+00
0.000000000000000000e+00
0.000000000000000000e+00
0.000000000000000000e+00
0.000000000000000000e+00
7.793600000000000527e-01
0.000000000000000000e+00
6.732200000000000406e-01
0.000000000000000000e+00
4.335999999999999854e-01
0.000000000000000000e+00
0.000000000000000000e+00
0.000000000000000000e+00
8.145499999999999963e-01
0.000000000000000000e+00
0.000000000000000000e+00
4.435600000000000098e-01
0.000000000000000000e+00
0.000000000000000000e+00
0.000000000000000000e+00
0.000000000000000000e+00
0.000000000000000000e+00
5.571000000000000396e-01
0.000000000000000000e+00
0.000000000000000000e+00
0.000000000000000000e+00
5.759499999999999620e-01
0.000000000000000000e+00
0.000000000000000000e+00
0.000000000000000000e+00
6.134600000000000053e-01
0.000000000000000000e+00
0.000000000000000000e+00
0.000000000000000000e+00
5.907999999999999918e-01
0.000000000000000000e+00
0.000000000000000000e+00
0.000000000000000000e+00
8.587099999999999733e-01
0.000000000000000000e+00
0.000000000000000000e+00
0.000000000000000000e+00
0.000000000000000000e+00
0.000000000000000000e+00
0.000000000000000000e+00
0.000000000000000000e+00
0.000000000000000000e+00
0.000000000000000000e+00
0.000000000000000000e+00
0.000000000000000000e+00
0.000000000000000000e+00
0.000000000000000000e+00
0.000000000000000000e+00
0.000000000000000000e+00
0.000000000000000000e+00
0.000000000000000000e+00
0.000000000000000000e+00
0.000000000000000000e+00
0.000000000000000000e+00
0.000000000000000000e+00
6.652599999999999625e-01
0.000000000000000000e+00
0.000000000000000000e+00
0.000000000000000000e+00
0.000000000000000000e+00
0.000000000000000000e+00
6.099900000000000322e-01
0.000000000000000000e+00
0.000000000000000000e+00
5.729800000000000448e-01
0.000000000000000000e+00
0.000000000000000000e+00
4.910900000000000265e-01
0.000000000000000000e+00
5.979600000000000470e-01
0.000000000000000000e+00
0.000000000000000000e+00
5.688900000000000068e-01
0.000000000000000000e+00
0.000000000000000000e+00
0.000000000000000000e+00
0.000000000000000000e+00
0.000000000000000000e+00
6.044500000000000428e-01
0.000000000000000000e+00
0.000000000000000000e+00
0.000000000000000000e+00
5.574900000000000411e-01
0.000000000000000000e+00
0.000000000000000000e+00
0.000000000000000000e+00
0.000000000000000000e+00
5.032999999999999696e-01
0.000000000000000000e+00
0.000000000000000000e+00
7.657300000000000217e-01
0.000000000000000000e+00
8.355900000000000549e-01
0.000000000000000000e+00
0.000000000000000000e+00
5.200700000000000323e-01
0.000000000000000000e+00
0.000000000000000000e+00
0.000000000000000000e+00
6.096399999999999597e-01
0.000000000000000000e+00
6.509200000000000541e-01
0.000000000000000000e+00
5.131000000000000005e-01
0.000000000000000000e+00
0.000000000000000000e+00
0.000000000000000000e+00
5.799299999999999455e-01
0.000000000000000000e+00
5.732399999999999718e-01
0.000000000000000000e+00
0.000000000000000000e+00
0.000000000000000000e+00
4.907799999999999940e-01
0.000000000000000000e+00
0.000000000000000000e+00
0.000000000000000000e+00
6.768399999999999972e-01
0.000000000000000000e+00
5.057099999999999929e-01
0.000000000000000000e+00
0.000000000000000000e+00
6.350400000000000489e-01
0.000000000000000000e+00
0.000000000000000000e+00
0.000000000000000000e+00
0.000000000000000000e+00
0.000000000000000000e+00
6.961000000000000520e-01
0.000000000000000000e+00
7.708899999999999642e-01
0.000000000000000000e+00
4.986400000000000277e-01
0.000000000000000000e+00
0.000000000000000000e+00
0.000000000000000000e+00
0.000000000000000000e+00
9.108199999999999630e-01
0.000000000000000000e+00
0.000000000000000000e+00
0.000000000000000000e+00
7.821000000000000174e-01
0.000000000000000000e+00
0.000000000000000000e+00
0.000000000000000000e+00
0.000000000000000000e+00
6.226199999999999513e-01
0.000000000000000000e+00
0.000000000000000000e+00
8.537599999999999634e-01
0.000000000000000000e+00
0.000000000000000000e+00
0.000000000000000000e+00
6.579099999999999948e-01
0.000000000000000000e+00
7.509799999999999809e-01
0.000000000000000000e+00
0.000000000000000000e+00
0.000000000000000000e+00
0.000000000000000000e+00
0.000000000000000000e+00
1.117220000000000102e+00
0.000000000000000000e+00
7.134899999999999576e-01
0.000000000000000000e+00
0.000000000000000000e+00
0.000000000000000000e+00
1.256119999999999903e+00
0.000000000000000000e+00
8.073399999999999466e-01
0.000000000000000000e+00
0.000000000000000000e+00
0.000000000000000000e+00
0.000000000000000000e+00
0.000000000000000000e+00
7.652299999999999658e-01
0.000000000000000000e+00
0.000000000000000000e+00
7.945999999999999730e-01
0.000000000000000000e+00
1.286890000000000089e+00
0.000000000000000000e+00
0.000000000000000000e+00
1.163419999999999899e+00
0.000000000000000000e+00
0.000000000000000000e+00
0.000000000000000000e+00
8.315500000000000114e-01
0.000000000000000000e+00
0.000000000000000000e+00
1.280440000000000023e+00
0.000000000000000000e+00
0.000000000000000000e+00
0.000000000000000000e+00
0.000000000000000000e+00
5.001200000000000090e-01
0.000000000000000000e+00
0.000000000000000000e+00
6.155100000000000016e-01
0.000000000000000000e+00
5.876500000000000057e-01
0.000000000000000000e+00
7.354199999999999626e-01
0.000000000000000000e+00
0.000000000000000000e+00
0.000000000000000000e+00
0.000000000000000000e+00
4.567499999999999893e-01
0.000000000000000000e+00
0.000000000000000000e+00
5.217100000000000071e-01
0.000000000000000000e+00
9.916300000000000114e-01
0.000000000000000000e+00
0.000000000000000000e+00
6.780599999999999961e-01
0.000000000000000000e+00
5.218599999999999905e-01
0.000000000000000000e+00
0.000000000000000000e+00
6.462099999999999511e-01
0.000000000000000000e+00
0.000000000000000000e+00
0.000000000000000000e+00
0.000000000000000000e+00
0.000000000000000000e+00
4.699300000000000144e-01
0.000000000000000000e+00
0.000000000000000000e+00
0.000000000000000000e+00
8.738299999999999956e-01
0.000000000000000000e+00
0.000000000000000000e+00
0.000000000000000000e+00
4.307099999999999818e-01
0.000000000000000000e+00
0.000000000000000000e+00
0.000000000000000000e+00
7.812599999999999545e-01
0.000000000000000000e+00
0.000000000000000000e+00
8.550100000000000477e-01
0.000000000000000000e+00
0.000000000000000000e+00
0.000000000000000000e+00
0.000000000000000000e+00
8.018899999999999917e-01
0.000000000000000000e+00
1.119269999999999987e+00
0.000000000000000000e+00
0.000000000000000000e+00
5.330500000000000238e-01
0.000000000000000000e+00
0.000000000000000000e+00
6.059700000000000086e-01
0.000000000000000000e+00
0.000000000000000000e+00
6.018299999999999761e-01
0.000000000000000000e+00
5.694000000000000172e-01
0.000000000000000000e+00
5.575900000000000301e-01
0.000000000000000000e+00
8.084900000000000420e-01
0.000000000000000000e+00
0.000000000000000000e+00
0.000000000000000000e+00
8.595500000000000362e-01
0.000000000000000000e+00
0.000000000000000000e+00
6.754900000000000349e-01
0.000000000000000000e+00
0.000000000000000000e+00
0.000000000000000000e+00
0.000000000000000000e+00
6.325800000000000312e-01
0.000000000000000000e+00
0.000000000000000000e+00
0.000000000000000000e+00
0.000000000000000000e+00
6.059099999999999486e-01
0.000000000000000000e+00
0.000000000000000000e+00
5.226300000000000390e-01
0.000000000000000000e+00
7.606699999999999573e-01
0.000000000000000000e+00
0.000000000000000000e+00
0.000000000000000000e+00
0.000000000000000000e+00
0.000000000000000000e+00
5.176800000000000290e-01
0.000000000000000000e+00
7.066799999999999748e-01
0.000000000000000000e+00
8.353300000000000169e-01
0.000000000000000000e+00
0.000000000000000000e+00
0.000000000000000000e+00
7.831000000000000183e-01
0.000000000000000000e+00
9.721100000000000296e-01
0.000000000000000000e+00
5.002199999999999980e-01
0.000000000000000000e+00
5.274600000000000399e-01
0.000000000000000000e+00
0.000000000000000000e+00
0.000000000000000000e+00
0.000000000000000000e+00
0.000000000000000000e+00
5.599899999999999878e-01
0.000000000000000000e+00
0.000000000000000000e+00
4.645000000000000240e-01
0.000000000000000000e+00
0.000000000000000000e+00
0.000000000000000000e+00
0.000000000000000000e+00
0.000000000000000000e+00
0.000000000000000000e+00
5.033699999999999841e-01
0.000000000000000000e+00
8.204700000000000326e-01
0.000000000000000000e+00
0.000000000000000000e+00
0.000000000000000000e+00
0.000000000000000000e+00
0.000000000000000000e+00
0.000000000000000000e+00
0.000000000000000000e+00
0.000000000000000000e+00
0.000000000000000000e+00
0.000000000000000000e+00
0.000000000000000000e+00
0.000000000000000000e+00
0.000000000000000000e+00
0.000000000000000000e+00
0.000000000000000000e+00
0.000000000000000000e+00
0.000000000000000000e+00
0.000000000000000000e+00
0.000000000000000000e+00
0.000000000000000000e+00
0.000000000000000000e+00
0.000000000000000000e+00
0.000000000000000000e+00
0.000000000000000000e+00
0.000000000000000000e+00
5.889699999999999935e-01
0.000000000000000000e+00
0.000000000000000000e+00
4.832000000000000184e-01
0.000000000000000000e+00
0.000000000000000000e+00
8.124900000000000455e-01
0.000000000000000000e+00
5.449000000000000510e-01
0.000000000000000000e+00
0.000000000000000000e+00
5.563399999999999457e-01
0.000000000000000000e+00
0.000000000000000000e+00
0.000000000000000000e+00
5.135800000000000365e-01
0.000000000000000000e+00
5.108599999999999808e-01
0.000000000000000000e+00
0.000000000000000000e+00
4.082200000000000273e-01
0.000000000000000000e+00
5.348100000000000076e-01
0.000000000000000000e+00
5.995200000000000529e-01
0.000000000000000000e+00
5.743000000000000327e-01
0.000000000000000000e+00
3.547699999999999743e-01
0.000000000000000000e+00
0.000000000000000000e+00
0.000000000000000000e+00
0.000000000000000000e+00
0.000000000000000000e+00
5.446999999999999620e-01
0.000000000000000000e+00
0.000000000000000000e+00
5.616299999999999626e-01
0.000000000000000000e+00
0.000000000000000000e+00
0.000000000000000000e+00
8.332300000000000262e-01
0.000000000000000000e+00
0.000000000000000000e+00
0.000000000000000000e+00
5.500500000000000389e-01
0.000000000000000000e+00
0.000000000000000000e+00
4.927300000000000013e-01
0.000000000000000000e+00
1.211859999999999937e+00
0.000000000000000000e+00
4.421499999999999875e-01
0.000000000000000000e+00
0.000000000000000000e+00
6.992800000000000127e-01
0.000000000000000000e+00
5.224600000000000355e-01
0.000000000000000000e+00
0.000000000000000000e+00
0.000000000000000000e+00
9.939799999999999747e-01
0.000000000000000000e+00
0.000000000000000000e+00
1.190239999999999965e+00
0.000000000000000000e+00
0.000000000000000000e+00
0.000000000000000000e+00
0.000000000000000000e+00
8.911000000000000032e-01
0.000000000000000000e+00
0.000000000000000000e+00
4.992500000000000271e-01
0.000000000000000000e+00
0.000000000000000000e+00
0.000000000000000000e+00
6.592299999999999827e-01
0.000000000000000000e+00
0.000000000000000000e+00
5.198000000000000398e-01
0.000000000000000000e+00
0.000000000000000000e+00
5.384100000000000552e-01
0.000000000000000000e+00
4.871599999999999819e-01
0.000000000000000000e+00
4.200499999999999790e-01
0.000000000000000000e+00
7.871700000000000363e-01
0.000000000000000000e+00
0.000000000000000000e+00
5.882500000000000506e-01
0.000000000000000000e+00
4.964700000000000224e-01
0.000000000000000000e+00
0.000000000000000000e+00
0.000000000000000000e+00
4.713100000000000067e-01
0.000000000000000000e+00
8.034400000000000430e-01
0.000000000000000000e+00
0.000000000000000000e+00
0.000000000000000000e+00
5.627100000000000435e-01
0.000000000000000000e+00
0.000000000000000000e+00
0.000000000000000000e+00
6.895900000000000363e-01
0.000000000000000000e+00
0.000000000000000000e+00
5.135199999999999765e-01
0.000000000000000000e+00
0.000000000000000000e+00
0.000000000000000000e+00
6.810399999999999787e-01
0.000000000000000000e+00
0.000000000000000000e+00
7.410600000000000520e-01
0.000000000000000000e+00
0.000000000000000000e+00
6.633499999999999952e-01
0.000000000000000000e+00
0.000000000000000000e+00
8.706399999999999695e-01
0.000000000000000000e+00
0.000000000000000000e+00
0.000000000000000000e+00
0.000000000000000000e+00
6.378500000000000281e-01
0.000000000000000000e+00
0.000000000000000000e+00
6.877199999999999980e-01
0.000000000000000000e+00
5.966000000000000192e-01
0.000000000000000000e+00
6.665699999999999958e-01
0.000000000000000000e+00
0.000000000000000000e+00
0.000000000000000000e+00
5.239300000000000068e-01
0.000000000000000000e+00
0.000000000000000000e+00
0.000000000000000000e+00
0.000000000000000000e+00
5.120799999999999796e-01
0.000000000000000000e+00
0.000000000000000000e+00
4.871800000000000019e-01
0.000000000000000000e+00
0.000000000000000000e+00
0.000000000000000000e+00
4.105500000000000260e-01
0.000000000000000000e+00
0.000000000000000000e+00
0.000000000000000000e+00
0.000000000000000000e+00
0.000000000000000000e+00
0.000000000000000000e+00
6.554100000000000481e-01
0.000000000000000000e+00
0.000000000000000000e+00
6.081699999999999884e-01
0.000000000000000000e+00
0.000000000000000000e+00
0.000000000000000000e+00
6.027099999999999680e-01
0.000000000000000000e+00
0.000000000000000000e+00
0.000000000000000000e+00
0.000000000000000000e+00
8.527799999999999825e-01
0.000000000000000000e+00
7.475600000000000023e-01
0.000000000000000000e+00
0.000000000000000000e+00
0.000000000000000000e+00
6.028299999999999770e-01
0.000000000000000000e+00
0.000000000000000000e+00
0.000000000000000000e+00
5.502399999999999514e-01
0.000000000000000000e+00
5.449399999999999800e-01
0.000000000000000000e+00
6.001900000000000013e-01
0.000000000000000000e+00
0.000000000000000000e+00
5.466600000000000348e-01
0.000000000000000000e+00
0.000000000000000000e+00
4.939000000000000057e-01
0.000000000000000000e+00
0.000000000000000000e+00
0.000000000000000000e+00
6.093399999999999928e-01
0.000000000000000000e+00
0.000000000000000000e+00
0.000000000000000000e+00
5.198899999999999633e-01
0.000000000000000000e+00
4.610699999999999799e-01
0.000000000000000000e+00
0.000000000000000000e+00
0.000000000000000000e+00
4.516200000000000214e-01
0.000000000000000000e+00
0.000000000000000000e+00
4.897099999999999786e-01
0.000000000000000000e+00
0.000000000000000000e+00
0.000000000000000000e+00
0.000000000000000000e+00
4.788200000000000234e-01
0.000000000000000000e+00
0.000000000000000000e+00
4.909000000000000030e-01
0.000000000000000000e+00
0.000000000000000000e+00
0.000000000000000000e+00
6.663200000000000234e-01
0.000000000000000000e+00
0.000000000000000000e+00
5.275199999999999889e-01
0.000000000000000000e+00
0.000000000000000000e+00
0.000000000000000000e+00
0.000000000000000000e+00
0.000000000000000000e+00
5.712500000000000355e-01
0.000000000000000000e+00
0.000000000000000000e+00
5.189399999999999569e-01
0.000000000000000000e+00
0.000000000000000000e+00
0.000000000000000000e+00
8.078400000000000025e-01
0.000000000000000000e+00
5.768900000000000139e-01
0.000000000000000000e+00
0.000000000000000000e+00
5.100500000000000034e-01
0.000000000000000000e+00
0.000000000000000000e+00
6.213199999999999834e-01
0.000000000000000000e+00
0.000000000000000000e+00
0.000000000000000000e+00
0.000000000000000000e+00
7.516699999999999493e-01
0.000000000000000000e+00
6.087599999999999678e-01
0.000000000000000000e+00
0.000000000000000000e+00
4.602299999999999724e-01
0.000000000000000000e+00
0.000000000000000000e+00
0.000000000000000000e+00
0.000000000000000000e+00
1.190560000000000063e+00
0.000000000000000000e+00
0.000000000000000000e+00
0.000000000000000000e+00
0.000000000000000000e+00
0.000000000000000000e+00
0.000000000000000000e+00
0.000000000000000000e+00
0.000000000000000000e+00
0.000000000000000000e+00
0.000000000000000000e+00
0.000000000000000000e+00
0.000000000000000000e+00
0.000000000000000000e+00
0.000000000000000000e+00
0.000000000000000000e+00
0.000000000000000000e+00
0.000000000000000000e+00
0.000000000000000000e+00
0.000000000000000000e+00
0.000000000000000000e+00
0.000000000000000000e+00
0.000000000000000000e+00
0.000000000000000000e+00
7.163300000000000223e-01
0.000000000000000000e+00
0.000000000000000000e+00
0.000000000000000000e+00
8.169999999999999485e-01
0.000000000000000000e+00
8.221899999999999764e-01
0.000000000000000000e+00
0.000000000000000000e+00
5.345299999999999496e-01
0.000000000000000000e+00
0.000000000000000000e+00
0.000000000000000000e+00
7.877499999999999503e-01
0.000000000000000000e+00
0.000000000000000000e+00
7.508299999999999974e-01
0.000000000000000000e+00
0.000000000000000000e+00
0.000000000000000000e+00
8.853499999999999703e-01
0.000000000000000000e+00
0.000000000000000000e+00
0.000000000000000000e+00
7.116500000000000048e-01
0.000000000000000000e+00
7.469299999999999828e-01
0.000000000000000000e+00
0.000000000000000000e+00
5.815299999999999914e-01
0.000000000000000000e+00
0.000000000000000000e+00
8.338799999999999546e-01
0.000000000000000000e+00
0.000000000000000000e+00
4.907099999999999795e-01
0.000000000000000000e+00
0.000000000000000000e+00
0.000000000000000000e+00
0.000000000000000000e+00
4.331200000000000050e-01
0.000000000000000000e+00
5.903699999999999504e-01
0.000000000000000000e+00
0.000000000000000000e+00
0.000000000000000000e+00
6.854099999999999637e-01
0.000000000000000000e+00
6.915700000000000180e-01
0.000000000000000000e+00
5.819600000000000328e-01
0.000000000000000000e+00
0.000000000000000000e+00
0.000000000000000000e+00
6.209700000000000220e-01
0.000000000000000000e+00
0.000000000000000000e+00
0.000000000000000000e+00
6.026599999999999735e-01
0.000000000000000000e+00
0.000000000000000000e+00
0.000000000000000000e+00
3.748799999999999910e-01
0.000000000000000000e+00
0.000000000000000000e+00
5.461399999999999588e-01
0.000000000000000000e+00
0.000000000000000000e+00
0.000000000000000000e+00
0.000000000000000000e+00
4.243399999999999950e-01
0.000000000000000000e+00
0.000000000000000000e+00
0.000000000000000000e+00
4.568499999999999783e-01
0.000000000000000000e+00
5.321500000000000119e-01
0.000000000000000000e+00
0.000000000000000000e+00
0.000000000000000000e+00
0.000000000000000000e+00
0.000000000000000000e+00
5.056000000000000494e-01
0.000000000000000000e+00
0.000000000000000000e+00
4.337699999999999889e-01
0.000000000000000000e+00
4.695699999999999874e-01
0.000000000000000000e+00
0.000000000000000000e+00
4.775800000000000045e-01
0.000000000000000000e+00
0.000000000000000000e+00
0.000000000000000000e+00
5.334499999999999797e-01
0.000000000000000000e+00
0.000000000000000000e+00
0.000000000000000000e+00
0.000000000000000000e+00
4.699200000000000044e-01
0.000000000000000000e+00
0.000000000000000000e+00
5.410700000000000509e-01
0.000000000000000000e+00
5.574200000000000266e-01
0.000000000000000000e+00
0.000000000000000000e+00
0.000000000000000000e+00
0.000000000000000000e+00
0.000000000000000000e+00
5.050999999999999934e-01
0.000000000000000000e+00
0.000000000000000000e+00
0.000000000000000000e+00
5.126100000000000101e-01
0.000000000000000000e+00
0.000000000000000000e+00
0.000000000000000000e+00
0.000000000000000000e+00
0.000000000000000000e+00
4.477300000000000169e-01
0.000000000000000000e+00
0.000000000000000000e+00
0.000000000000000000e+00
0.000000000000000000e+00
0.000000000000000000e+00
5.159899999999999487e-01
0.000000000000000000e+00
0.000000000000000000e+00
5.290899999999999492e-01
0.000000000000000000e+00
4.534299999999999997e-01
0.000000000000000000e+00
0.000000000000000000e+00
0.000000000000000000e+00
0.000000000000000000e+00
4.855999999999999761e-01
0.000000000000000000e+00
0.000000000000000000e+00
5.885500000000000176e-01
0.000000000000000000e+00
0.000000000000000000e+00
0.000000000000000000e+00
0.000000000000000000e+00
4.195200000000000040e-01
0.000000000000000000e+00
0.000000000000000000e+00
0.000000000000000000e+00
4.902799999999999936e-01
0.000000000000000000e+00
9.889000000000000012e-01
0.000000000000000000e+00
4.710900000000000087e-01
0.000000000000000000e+00
4.872699999999999809e-01
0.000000000000000000e+00
0.000000000000000000e+00
4.181900000000000062e-01
0.000000000000000000e+00
0.000000000000000000e+00
4.560199999999999809e-01
0.000000000000000000e+00
0.000000000000000000e+00
0.000000000000000000e+00
6.271999999999999797e-01
0.000000000000000000e+00
0.000000000000000000e+00
0.000000000000000000e+00
0.000000000000000000e+00
0.000000000000000000e+00
5.527600000000000291e-01
0.000000000000000000e+00
0.000000000000000000e+00
0.000000000000000000e+00
5.281099999999999683e-01
0.000000000000000000e+00
0.000000000000000000e+00
0.000000000000000000e+00
9.955000000000000515e-01
0.000000000000000000e+00
0.000000000000000000e+00
4.387900000000000134e-01
0.000000000000000000e+00
0.000000000000000000e+00
4.304700000000000193e-01
0.000000000000000000e+00
6.714599999999999458e-01
0.000000000000000000e+00
0.000000000000000000e+00
0.000000000000000000e+00
0.000000000000000000e+00
8.314000000000000279e-01
0.000000000000000000e+00
8.141899999999999693e-01
0.000000000000000000e+00
1.120889999999999942e+00
0.000000000000000000e+00
0.000000000000000000e+00
0.000000000000000000e+00
0.000000000000000000e+00
0.000000000000000000e+00
0.000000000000000000e+00
9.070899999999999519e-01
0.000000000000000000e+00
5.939799999999999525e-01
0.000000000000000000e+00
0.000000000000000000e+00
5.634299999999999864e-01
0.000000000000000000e+00
0.000000000000000000e+00
7.469200000000000284e-01
0.000000000000000000e+00
0.000000000000000000e+00
7.555600000000000094e-01
0.000000000000000000e+00
7.708399999999999697e-01
0.000000000000000000e+00
0.000000000000000000e+00
0.000000000000000000e+00
0.000000000000000000e+00
0.000000000000000000e+00
6.270700000000000163e-01
0.000000000000000000e+00
0.000000000000000000e+00
6.060600000000000431e-01
0.000000000000000000e+00
0.000000000000000000e+00
6.354699999999999793e-01
0.000000000000000000e+00
0.000000000000000000e+00
0.000000000000000000e+00
0.000000000000000000e+00
9.496499999999999941e-01
0.000000000000000000e+00
0.000000000000000000e+00
0.000000000000000000e+00
6.017400000000000526e-01
0.000000000000000000e+00
4.971099999999999963e-01
0.000000000000000000e+00
0.000000000000000000e+00
5.862800000000000233e-01
0.000000000000000000e+00
4.823399999999999910e-01
0.000000000000000000e+00
0.000000000000000000e+00
6.035099999999999909e-01
0.000000000000000000e+00
0.000000000000000000e+00
0.000000000000000000e+00
0.000000000000000000e+00
0.000000000000000000e+00
6.285500000000000531e-01
0.000000000000000000e+00
0.000000000000000000e+00
5.420599999999999863e-01
0.000000000000000000e+00
5.182499999999999885e-01
0.000000000000000000e+00
0.000000000000000000e+00
5.727999999999999758e-01
0.000000000000000000e+00
0.000000000000000000e+00
0.000000000000000000e+00
7.559700000000000308e-01
0.000000000000000000e+00
0.000000000000000000e+00
0.000000000000000000e+00
0.000000000000000000e+00
5.499500000000000499e-01
0.000000000000000000e+00
0.000000000000000000e+00
5.187699999999999534e-01
0.000000000000000000e+00
0.000000000000000000e+00
0.000000000000000000e+00
0.000000000000000000e+00
8.381499999999999506e-01
0.000000000000000000e+00
0.000000000000000000e+00
0.000000000000000000e+00
0.000000000000000000e+00
0.000000000000000000e+00
0.000000000000000000e+00
0.000000000000000000e+00
0.000000000000000000e+00
0.000000000000000000e+00
0.000000000000000000e+00
0.000000000000000000e+00
0.000000000000000000e+00
0.000000000000000000e+00
0.000000000000000000e+00
0.000000000000000000e+00
0.000000000000000000e+00
0.000000000000000000e+00
0.000000000000000000e+00
0.000000000000000000e+00
0.000000000000000000e+00
0.000000000000000000e+00
0.000000000000000000e+00
8.984400000000000164e-01
0.000000000000000000e+00
0.000000000000000000e+00
5.135600000000000165e-01
0.000000000000000000e+00
5.286999999999999478e-01
0.000000000000000000e+00
5.651699999999999502e-01
0.000000000000000000e+00
1.157429999999999959e+00
0.000000000000000000e+00
0.000000000000000000e+00
0.000000000000000000e+00
0.000000000000000000e+00
0.000000000000000000e+00
7.992500000000000160e-01
0.000000000000000000e+00
0.000000000000000000e+00
0.000000000000000000e+00
6.176700000000000523e-01
0.000000000000000000e+00
1.079020000000000090e+00
0.000000000000000000e+00
0.000000000000000000e+00
0.000000000000000000e+00
4.972500000000000253e-01
0.000000000000000000e+00
1.241160000000000041e+00
0.000000000000000000e+00
0.000000000000000000e+00
0.000000000000000000e+00
1.396740000000000093e+00
0.000000000000000000e+00
6.446300000000000363e-01
0.000000000000000000e+00
8.399299999999999544e-01
0.000000000000000000e+00
6.232900000000000107e-01
0.000000000000000000e+00
0.000000000000000000e+00
0.000000000000000000e+00
0.000000000000000000e+00
1.104030000000000067e+00
0.000000000000000000e+00
0.000000000000000000e+00
0.000000000000000000e+00
4.930999999999999828e-01
0.000000000000000000e+00
0.000000000000000000e+00
0.000000000000000000e+00
0.000000000000000000e+00
0.000000000000000000e+00
9.331899999999999640e-01
0.000000000000000000e+00
0.000000000000000000e+00
6.978600000000000358e-01
0.000000000000000000e+00
6.702000000000000179e-01
0.000000000000000000e+00
5.711600000000000010e-01
0.000000000000000000e+00
0.000000000000000000e+00
5.727799999999999558e-01
0.000000000000000000e+00
6.772000000000000242e-01
0.000000000000000000e+00
0.000000000000000000e+00
4.671500000000000097e-01
0.000000000000000000e+00
0.000000000000000000e+00
0.000000000000000000e+00
0.000000000000000000e+00
5.629300000000000415e-01
0.000000000000000000e+00
4.641299999999999870e-01
0.000000000000000000e+00
0.000000000000000000e+00
1.131129999999999969e+00
0.000000000000000000e+00
0.000000000000000000e+00
0.000000000000000000e+00
0.000000000000000000e+00
6.898199999999999887e-01
0.000000000000000000e+00
5.379000000000000448e-01
0.000000000000000000e+00
0.000000000000000000e+00
0.000000000000000000e+00
0.000000000000000000e+00
0.000000000000000000e+00
5.544599999999999529e-01
0.000000000000000000e+00
0.000000000000000000e+00
0.000000000000000000e+00
5.112600000000000477e-01
0.000000000000000000e+00
0.000000000000000000e+00
0.000000000000000000e+00
6.371700000000000141e-01
0.000000000000000000e+00
9.375900000000000345e-01
0.000000000000000000e+00
4.799700000000000077e-01
0.000000000000000000e+00
0.000000000000000000e+00
0.000000000000000000e+00
0.000000000000000000e+00
0.000000000000000000e+00
5.644200000000000328e-01
0.000000000000000000e+00
0.000000000000000000e+00
7.860500000000000265e-01
0.000000000000000000e+00
0.000000000000000000e+00
0.000000000000000000e+00
6.136599999999999833e-01
0.000000000000000000e+00
0.000000000000000000e+00
5.824099999999999833e-01
0.000000000000000000e+00
0.000000000000000000e+00
0.000000000000000000e+00
0.000000000000000000e+00
5.205499999999999572e-01
0.000000000000000000e+00
0.000000000000000000e+00
0.000000000000000000e+00
0.000000000000000000e+00
5.463900000000000423e-01
0.000000000000000000e+00
0.000000000000000000e+00
4.119900000000000229e-01
0.000000000000000000e+00
0.000000000000000000e+00
0.000000000000000000e+00
5.419899999999999718e-01
0.000000000000000000e+00
0.000000000000000000e+00
0.000000000000000000e+00
0.000000000000000000e+00
5.306499999999999551e-01
0.000000000000000000e+00
0.000000000000000000e+00
0.000000000000000000e+00
5.805500000000000105e-01
0.000000000000000000e+00
6.027299999999999880e-01
0.000000000000000000e+00
6.783000000000000140e-01
0.000000000000000000e+00
0.000000000000000000e+00
5.327899999999999858e-01
0.000000000000000000e+00
4.944100000000000161e-01
0.000000000000000000e+00
0.000000000000000000e+00
0.000000000000000000e+00
5.252499999999999947e-01
0.000000000000000000e+00
5.227800000000000225e-01
0.000000000000000000e+00
0.000000000000000000e+00
5.115899999999999892e-01
0.000000000000000000e+00
0.000000000000000000e+00
6.030200000000000005e-01
0.000000000000000000e+00
0.000000000000000000e+00
0.000000000000000000e+00
0.000000000000000000e+00
8.019399999999999862e-01
0.000000000000000000e+00
0.000000000000000000e+00
0.000000000000000000e+00
0.000000000000000000e+00
9.556599999999999540e-01
0.000000000000000000e+00
4.620500000000000163e-01
0.000000000000000000e+00
0.000000000000000000e+00
0.000000000000000000e+00
7.326500000000000234e-01
0.000000000000000000e+00
0.000000000000000000e+00
0.000000000000000000e+00
5.881499999999999506e-01
0.000000000000000000e+00
0.000000000000000000e+00
0.000000000000000000e+00
4.950700000000000101e-01
0.000000000000000000e+00
0.000000000000000000e+00
0.000000000000000000e+00
0.000000000000000000e+00
0.000000000000000000e+00
6.194300000000000361e-01
0.000000000000000000e+00
5.037500000000000311e-01
0.000000000000000000e+00
0.000000000000000000e+00
0.000000000000000000e+00
5.492599999999999705e-01
0.000000000000000000e+00
9.187800000000000411e-01
0.000000000000000000e+00
0.000000000000000000e+00
0.000000000000000000e+00
3.573899999999999855e-01
0.000000000000000000e+00
8.483800000000000230e-01
0.000000000000000000e+00
7.439000000000000057e-01
0.000000000000000000e+00
0.000000000000000000e+00
0.000000000000000000e+00
0.000000000000000000e+00
0.000000000000000000e+00
5.206899999999999862e-01
0.000000000000000000e+00
0.000000000000000000e+00
6.938199999999999923e-01
0.000000000000000000e+00
0.000000000000000000e+00
0.000000000000000000e+00
5.283600000000000518e-01
0.000000000000000000e+00
0.000000000000000000e+00
6.642799999999999816e-01
0.000000000000000000e+00
0.000000000000000000e+00
4.932699999999999863e-01
0.000000000000000000e+00
1.073620000000000019e+00
0.000000000000000000e+00
0.000000000000000000e+00
8.185900000000000398e-01
0.000000000000000000e+00
0.000000000000000000e+00
0.000000000000000000e+00
5.769800000000000484e-01
0.000000000000000000e+00
0.000000000000000000e+00
9.083299999999999708e-01
0.000000000000000000e+00
0.000000000000000000e+00
5.342900000000000427e-01
0.000000000000000000e+00
0.000000000000000000e+00
0.000000000000000000e+00
0.000000000000000000e+00
0.000000000000000000e+00
1.104100000000000081e+00
0.000000000000000000e+00
1.262010000000000076e+00
0.000000000000000000e+00
5.731199999999999628e-01
0.000000000000000000e+00
0.000000000000000000e+00
0.000000000000000000e+00
5.239300000000000068e-01
0.000000000000000000e+00
0.000000000000000000e+00
4.924499999999999988e-01
0.000000000000000000e+00
0.000000000000000000e+00
6.714999999999999858e-01
0.000000000000000000e+00
0.000000000000000000e+00
0.000000000000000000e+00
0.000000000000000000e+00
0.000000000000000000e+00
0.000000000000000000e+00
0.000000000000000000e+00
0.000000000000000000e+00
0.000000000000000000e+00
0.000000000000000000e+00
0.000000000000000000e+00
