0.000000000000000000e+00
0.000000000000000000e+00
0.000000000000000000e+00
0.000000000000000000e+00
0.000000000000000000e+00
0.000000000000000000e+00
0.000000000000000000e+00
0.000000000000000000e+00
0.000000000000000000e+00
0.000000000000000000e+00
6.595900000000000096e-01
0.000000000000000000e+00
5.582899999999999530e-01
0.000000000000000000e+00
0.000000000000000000e+00
0.000000000000000000e+00
6.751300000000000079e-01
0.000000000000000000e+00
0.000000000000000000e+00
0.000000000000000000e+00
1.073369999999999935e+00
0.000000000000000000e+00
0.000000000000000000e+00
0.000000000000000000e+00
0.000000000000000000e+00
0.000000000000000000e+00
6.932399999999999674e-01
0.000000000000000000e+00
5.915200000000000458e-01
0.000000000000000000e+00
0.000000000000000000e+00
0.000000000000000000e+00
6.401799999999999713e-01
0.000000000000000000e+00
0.000000000000000000e+00
9.388900000000000023e-01
0.000000000000000000e+00
0.000000000000000000e+00
0.000000000000000000e+00
0.000000000000000000e+00
1.191060000000000008e+00
0.000000000000000000e+00
6.574200000000000044e-01
0.000000000000000000e+00
0.000000000000000000e+00
9.256199999999999983e-01
0.000000000000000000e+00
0.000000000000000000e+00
9.703699999999999548e-01
0.000000000000000000e+00
6.826100000000000501e-01
0.000000000000000000e+00
0.000000000000000000e+00
0.000000000000000000e+00
0.000000000000000000e+00
0.000000000000000000e+00
6.956499999999999906e-01
0.000000000000000000e+00
1.107779999999999987e+00
0.000000000000000000e+00
0.000000000000000000e+00
0.000000000000000000e+00
7.275099999999999900e-01
0.000000000000000000e+00
0.000000000000000000e+00
0.000000000000000000e+00
0.000000000000000000e+00
5.821600000000000108e-01
0.000000000000000000e+00
0.000000000000000000e+00
0.000000000000000000e+00
0.000000000000000000e+00
0.000000000000000000e+00
9.323000000000000176e-01
0.000000000000000000e+00
7.537599999999999856e-01
0.000000000000000000e+00
8.268999999999999684e-01
0.000000000000000000e+00
5.142799999999999594e-01
0.000000000000000000e+00
0.000000000000000000e+00
0.000000000000000000e+00
5.699999999999999512e-01
0.000000000000000000e+00
8.186499999999999888e-01
0.000000000000000000e+00
6.063600000000000101e-01
0.000000000000000000e+00
5.667799999999999505e-01
0.000000000000000000e+00
0.000000000000000000e+00
0.000000000000000000e+00
0.000000000000000000e+00
0.000000000000000000e+00
6.531900000000000484e-01
0.000000000000000000e+00
0.000000000000000000e+00
0.000000000000000000e+00
0.000000000000000000e+00
0.000000000000000000e+00
8.495500000000000274e-01
0.000000000000000000e+00
6.228299999999999947e-01
0.000000000000000000e+00
1.061099999999999932e+00
0.000000000000000000e+00
0.000000000000000000e+00
6.366000000000000547e-01
0.000000000000000000e+00
1.246979999999999977e+00
0.000000000000000000e+00
9.184499999999999886e-01
0.000000000000000000e+00
0.000000000000000000e+00
5.121700000000000141e-01
0.000000000000000000e+00
0.000000000000000000e+00
0.000000000000000000e+00
9.570499999999999563e-01
0.000000000000000000e+00
0.000000000000000000e+00
0.000000000000000000e+00
5.945599999999999774e-01
0.000000000000000000e+00
0.000000000000000000e+00
0.000000000000000000e+00
0.000000000000000000e+00
8.434199999999999475e-01
0.000000000000000000e+00
0.000000000000000000e+00
0.000000000000000000e+00
0.000000000000000000e+00
7.057700000000000085e-01
0.000000000000000000e+00
0.000000000000000000e+00
7.654199999999999893e-01
0.000000000000000000e+00
0.000000000000000000e+00
0.000000000000000000e+00
0.000000000000000000e+00
0.000000000000000000e+00
0.000000000000000000e+00
0.000000000000000000e+00
8.701600000000000446e-01
0.000000000000000000e+00
0.000000000000000000e+00
0.000000000000000000e+00
9.281399999999999650e-01
0.000000000000000000e+00
0.000000000000000000e+00
0.000000000000000000e+00
1.132449999999999957e+00
0.000000000000000000e+00
0.000000000000000000e+00
6.258099999999999774e-01
0.000000000000000000e+00
0.000000000000000000e+00
1.825819999999999999e+00
0.000000000000000000e+00
5.969999999999999751e-01
0.000000000000000000e+00
0.000000000000000000e+00
6.621099999999999763e-01
0.000000000000000000e+00
1.346419999999999950e+00
0.000000000000000000e+00
5.580100000000000060e-01
0.000000000000000000e+00
1.215829999999999966e+00
0.000000000000000000e+00
1.199149999999999938e+00
0.000000000000000000e+00
7.783600000000000518e-01
0.000000000000000000e+00
0.000000000000000000e+00
0.000000000000000000e+00
6.351900000000000324e-01
0.000000000000000000e+00
7.363300000000000400e-01
0.000000000000000000e+00
0.000000000000000000e+00
9.694599999999999884e-01
0.000000000000000000e+00
0.000000000000000000e+00
0.000000000000000000e+00
1.493730000000000002e+00
0.000000000000000000e+00
0.000000000000000000e+00
0.000000000000000000e+00
6.182499999999999662e-01
0.000000000000000000e+00
0.000000000000000000e+00
0.000000000000000000e+00
1.010899999999999910e+00
0.000000000000000000e+00
9.724899999999999656e-01
0.000000000000000000e+00
0.000000000000000000e+00
0.000000000000000000e+00
5.940699999999999870e-01
0.000000000000000000e+00
1.924260000000000081e+00
0.000000000000000000e+00
0.000000000000000000e+00
0.000000000000000000e+00
6.339799999999999880e-01
0.000000000000000000e+00
0.000000000000000000e+00
0.000000000000000000e+00
0.000000000000000000e+00
9.277100000000000346e-01
0.000000000000000000e+00
0.000000000000000000e+00
0.000000000000000000e+00
0.000000000000000000e+00
7.950099999999999945e-01
0.000000000000000000e+00
6.856499999999999817e-01
0.000000000000000000e+00
0.000000000000000000e+00
0.000000000000000000e+00
0.000000000000000000e+00
0.000000000000000000e+00
7.195599999999999774e-01
0.000000000000000000e+00
0.000000000000000000e+00
0.000000000000000000e+00
0.000000000000000000e+00
1.240760000000000085e+00
0.000000000000000000e+00
0.000000000000000000e+00
6.361200000000000188e-01
0.000000000000000000e+00
0.000000000000000000e+00
0.000000000000000000e+00
0.000000000000000000e+00
0.000000000000000000e+00
4.717100000000000182e-01
0.000000000000000000e+00
0.000000000000000000e+00
0.000000000000000000e+00
0.000000000000000000e+00
7.615600000000000147e-01
0.000000000000000000e+00
1.519079999999999986e+00
0.000000000000000000e+00
0.000000000000000000e+00
8.608299999999999841e-01
0.000000000000000000e+00
1.026960000000000095e+00
0.000000000000000000e+00
0.000000000000000000e+00
0.000000000000000000e+00
0.000000000000000000e+00
0.000000000000000000e+00
0.000000000000000000e+00
5.977500000000000036e-01
0.000000000000000000e+00
0.000000000000000000e+00
0.000000000000000000e+00
0.000000000000000000e+00
0.000000000000000000e+00
0.000000000000000000e+00
6.501200000000000312e-01
0.000000000000000000e+00
0.000000000000000000e+00
0.000000000000000000e+00
0.000000000000000000e+00
0.000000000000000000e+00
9.696599999999999664e-01
0.000000000000000000e+00
0.000000000000000000e+00
0.000000000000000000e+00
0.000000000000000000e+00
0.000000000000000000e+00
1.787670000000000092e+00
0.000000000000000000e+00
0.000000000000000000e+00
0.000000000000000000e+00
8.931000000000000050e-01
0.000000000000000000e+00
0.000000000000000000e+00
0.000000000000000000e+00
0.000000000000000000e+00
0.000000000000000000e+00
1.093469999999999942e+00
0.000000000000000000e+00
0.000000000000000000e+00
0.000000000000000000e+00
0.000000000000000000e+00
0.000000000000000000e+00
0.000000000000000000e+00
7.266000000000000236e-01
0.000000000000000000e+00
0.000000000000000000e+00
0.000000000000000000e+00
6.001400000000000068e-01
0.000000000000000000e+00
0.000000000000000000e+00
0.000000000000000000e+00
8.348400000000000265e-01
0.000000000000000000e+00
0.000000000000000000e+00
0.000000000000000000e+00
0.000000000000000000e+00
0.000000000000000000e+00
0.000000000000000000e+00
0.000000000000000000e+00
0.000000000000000000e+00
0.000000000000000000e+00
0.000000000000000000e+00
0.000000000000000000e+00
0.000000000000000000e+00
0.000000000000000000e+00
0.000000000000000000e+00
0.000000000000000000e+00
0.000000000000000000e+00
0.000000000000000000e+00
0.000000000000000000e+00
0.000000000000000000e+00
0.000000000000000000e+00
0.000000000000000000e+00
0.000000000000000000e+00
0.000000000000000000e+00
0.000000000000000000e+00
0.000000000000000000e+00
0.000000000000000000e+00
1.403229999999999977e+00
0.000000000000000000e+00
6.485100000000000309e-01
0.000000000000000000e+00
8.157100000000000461e-01
0.000000000000000000e+00
9.121899999999999453e-01
0.000000000000000000e+00
7.903799999999999715e-01
0.000000000000000000e+00
0.000000000000000000e+00
0.000000000000000000e+00
0.000000000000000000e+00
1.352899999999999991e+00
0.000000000000000000e+00
0.000000000000000000e+00
6.075800000000000090e-01
0.000000000000000000e+00
0.000000000000000000e+00
0.000000000000000000e+00
0.000000000000000000e+00
1.195699999999999985e+00
0.000000000000000000e+00
0.000000000000000000e+00
0.000000000000000000e+00
0.000000000000000000e+00
6.431400000000000450e-01
0.000000000000000000e+00
1.318429999999999991e+00
0.000000000000000000e+00
0.000000000000000000e+00
0.000000000000000000e+00
0.000000000000000000e+00
9.675399999999999556e-01
0.000000000000000000e+00
0.000000000000000000e+00
0.000000000000000000e+00
1.063989999999999991e+00
0.000000000000000000e+00
0.000000000000000000e+00
0.000000000000000000e+00
0.000000000000000000e+00
0.000000000000000000e+00
6.024000000000000465e-01
0.000000000000000000e+00
5.682599999999999874e-01
0.000000000000000000e+00
6.942599999999999882e-01
0.000000000000000000e+00
0.000000000000000000e+00
9.245499999999999829e-01
0.000000000000000000e+00
0.000000000000000000e+00
0.000000000000000000e+00
1.370789999999999953e+00
0.000000000000000000e+00
0.000000000000000000e+00
5.660500000000000531e-01
0.000000000000000000e+00
0.000000000000000000e+00
1.204779999999999962e+00
0.000000000000000000e+00
0.000000000000000000e+00
1.223629999999999995e+00
0.000000000000000000e+00
0.000000000000000000e+00
0.000000000000000000e+00
6.042300000000000448e-01
0.000000000000000000e+00
7.596600000000000019e-01
0.000000000000000000e+00
0.000000000000000000e+00
5.183100000000000485e-01
0.000000000000000000e+00
7.906999999999999584e-01
0.000000000000000000e+00
0.000000000000000000e+00
0.000000000000000000e+00
8.024000000000000021e-01
0.000000000000000000e+00
0.000000000000000000e+00
1.359129999999999949e+00
0.000000000000000000e+00
0.000000000000000000e+00
0.000000000000000000e+00
0.000000000000000000e+00
0.000000000000000000e+00
1.363569999999999949e+00
0.000000000000000000e+00
1.555220000000000047e+00
0.000000000000000000e+00
8.866300000000000292e-01
0.000000000000000000e+00
0.000000000000000000e+00
1.925400000000000000e+00
0.000000000000000000e+00
0.000000000000000000e+00
7.150900000000000034e-01
0.000000000000000000e+00
5.845099999999999740e-01
0.000000000000000000e+00
0.000000000000000000e+00
0.000000000000000000e+00
8.000099999999999989e-01
0.000000000000000000e+00
5.782599999999999962e-01
0.000000000000000000e+00
5.553700000000000303e-01
0.000000000000000000e+00
1.922239999999999949e+00
0.000000000000000000e+00
0.000000000000000000e+00
6.330000000000000071e-01
0.000000000000000000e+00
0.000000000000000000e+00
0.000000000000000000e+00
1.090359999999999996e+00
0.000000000000000000e+00
0.000000000000000000e+00
0.000000000000000000e+00
0.000000000000000000e+00
9.297999999999999599e-01
0.000000000000000000e+00
0.000000000000000000e+00
0.000000000000000000e+00
6.675200000000000022e-01
0.000000000000000000e+00
1.458620000000000028e+00
0.000000000000000000e+00
1.922150000000000025e+00
0.000000000000000000e+00
0.000000000000000000e+00
1.022159999999999958e+00
0.000000000000000000e+00
0.000000000000000000e+00
8.762100000000000444e-01
0.000000000000000000e+00
0.000000000000000000e+00
1.271879999999999900e+00
0.000000000000000000e+00
0.000000000000000000e+00
6.775799999999999601e-01
0.000000000000000000e+00
0.000000000000000000e+00
1.661210000000000075e+00
0.000000000000000000e+00
0.000000000000000000e+00
1.371739999999999959e+00
0.000000000000000000e+00
0.000000000000000000e+00
0.000000000000000000e+00
1.923130000000000006e+00
0.000000000000000000e+00
0.000000000000000000e+00
0.000000000000000000e+00
1.925820000000000087e+00
0.000000000000000000e+00
6.041900000000000048e-01
0.000000000000000000e+00
0.000000000000000000e+00
8.501600000000000268e-01
0.000000000000000000e+00
1.851290000000000102e+00
0.000000000000000000e+00
0.000000000000000000e+00
1.439079999999999915e+00
0.000000000000000000e+00
8.624899999999999789e-01
0.000000000000000000e+00
0.000000000000000000e+00
0.000000000000000000e+00
1.435810000000000031e+00
0.000000000000000000e+00
1.923540000000000028e+00
0.000000000000000000e+00
6.096399999999999597e-01
0.000000000000000000e+00
0.000000000000000000e+00
0.000000000000000000e+00
5.743899999999999562e-01
0.000000000000000000e+00
0.000000000000000000e+00
0.000000000000000000e+00
0.000000000000000000e+00
1.335180000000000033e+00
0.000000000000000000e+00
0.000000000000000000e+00
1.921410000000000062e+00
0.000000000000000000e+00
0.000000000000000000e+00
0.000000000000000000e+00
6.029099999999999460e-01
0.000000000000000000e+00
0.000000000000000000e+00
4.927699999999999858e-01
0.000000000000000000e+00
0.000000000000000000e+00
0.000000000000000000e+00
6.444999999999999618e-01
0.000000000000000000e+00
1.032340000000000035e+00
0.000000000000000000e+00
0.000000000000000000e+00
6.913700000000000401e-01
0.000000000000000000e+00
8.088100000000000289e-01
0.000000000000000000e+00
5.800499999999999545e-01
0.000000000000000000e+00
0.000000000000000000e+00
7.451600000000000446e-01
0.000000000000000000e+00
0.000000000000000000e+00
8.919200000000000461e-01
0.000000000000000000e+00
0.000000000000000000e+00
0.000000000000000000e+00
1.925019999999999953e+00
0.000000000000000000e+00
0.000000000000000000e+00
0.000000000000000000e+00
0.000000000000000000e+00
9.474900000000000544e-01
0.000000000000000000e+00
0.000000000000000000e+00
1.917519999999999891e+00
0.000000000000000000e+00
0.000000000000000000e+00
0.000000000000000000e+00
0.000000000000000000e+00
5.107800000000000118e-01
0.000000000000000000e+00
0.000000000000000000e+00
1.922779999999999934e+00
0.000000000000000000e+00
0.000000000000000000e+00
0.000000000000000000e+00
7.903700000000000170e-01
0.000000000000000000e+00
1.221249999999999947e+00
0.000000000000000000e+00
0.000000000000000000e+00
0.000000000000000000e+00
0.000000000000000000e+00
0.000000000000000000e+00
0.000000000000000000e+00
9.120000000000000329e-01
0.000000000000000000e+00
1.021239999999999926e+00
0.000000000000000000e+00
0.000000000000000000e+00
0.000000000000000000e+00
0.000000000000000000e+00
1.923119999999999941e+00
0.000000000000000000e+00
0.000000000000000000e+00
0.000000000000000000e+00
0.000000000000000000e+00
0.000000000000000000e+00
0.000000000000000000e+00
0.000000000000000000e+00
0.000000000000000000e+00
0.000000000000000000e+00
0.000000000000000000e+00
0.000000000000000000e+00
0.000000000000000000e+00
0.000000000000000000e+00
0.000000000000000000e+00
0.000000000000000000e+00
0.000000000000000000e+00
0.000000000000000000e+00
0.000000000000000000e+00
0.000000000000000000e+00
0.000000000000000000e+00
0.000000000000000000e+00
0.000000000000000000e+00
0.000000000000000000e+00
7.266399999999999526e-01
0.000000000000000000e+00
0.000000000000000000e+00
7.080600000000000227e-01
0.000000000000000000e+00
0.000000000000000000e+00
0.000000000000000000e+00
0.000000000000000000e+00
9.174999999999999822e-01
0.000000000000000000e+00
0.000000000000000000e+00
1.577530000000000099e+00
0.000000000000000000e+00
1.080689999999999928e+00
0.000000000000000000e+00
0.000000000000000000e+00
7.627300000000000191e-01
0.000000000000000000e+00
0.000000000000000000e+00
0.000000000000000000e+00
5.775299999999999878e-01
0.000000000000000000e+00
6.762000000000000233e-01
0.000000000000000000e+00
0.000000000000000000e+00
0.000000000000000000e+00
1.928209999999999980e+00
0.000000000000000000e+00
0.000000000000000000e+00
0.000000000000000000e+00
5.526999999999999691e-01
0.000000000000000000e+00
0.000000000000000000e+00
9.793500000000000538e-01
0.000000000000000000e+00
0.000000000000000000e+00
1.922649999999999970e+00
0.000000000000000000e+00
0.000000000000000000e+00
0.000000000000000000e+00
0.000000000000000000e+00
9.869900000000000340e-01
0.000000000000000000e+00
0.000000000000000000e+00
5.518800000000000372e-01
0.000000000000000000e+00
1.927640000000000020e+00
0.000000000000000000e+00
0.000000000000000000e+00
0.000000000000000000e+00
0.000000000000000000e+00
0.000000000000000000e+00
0.000000000000000000e+00
5.715500000000000025e-01
0.000000000000000000e+00
7.058299999999999574e-01
0.000000000000000000e+00
5.419500000000000428e-01
0.000000000000000000e+00
0.000000000000000000e+00
5.852100000000000080e-01
0.000000000000000000e+00
0.000000000000000000e+00
9.416099999999999470e-01
0.000000000000000000e+00
8.569099999999999495e-01
0.000000000000000000e+00
0.000000000000000000e+00
1.915890000000000093e+00
0.000000000000000000e+00
0.000000000000000000e+00
0.000000000000000000e+00
1.919470000000000010e+00
0.000000000000000000e+00
0.000000000000000000e+00
0.000000000000000000e+00
1.615499999999999936e+00
0.000000000000000000e+00
0.000000000000000000e+00
1.239330000000000043e+00
0.000000000000000000e+00
0.000000000000000000e+00
0.000000000000000000e+00
0.000000000000000000e+00
0.000000000000000000e+00
6.533999999999999808e-01
0.000000000000000000e+00
1.929059999999999997e+00
0.000000000000000000e+00
0.000000000000000000e+00
7.552799999999999514e-01
0.000000000000000000e+00
0.000000000000000000e+00
0.000000000000000000e+00
1.861990000000000034e+00
0.000000000000000000e+00
0.000000000000000000e+00
0.000000000000000000e+00
5.670699999999999630e-01
0.000000000000000000e+00
0.000000000000000000e+00
0.000000000000000000e+00
1.925510000000000055e+00
0.000000000000000000e+00
0.000000000000000000e+00
1.151029999999999998e+00
0.000000000000000000e+00
0.000000000000000000e+00
0.000000000000000000e+00
0.000000000000000000e+00
0.000000000000000000e+00
6.492900000000000338e-01
0.000000000000000000e+00
0.000000000000000000e+00
1.919680000000000053e+00
0.000000000000000000e+00
0.000000000000000000e+00
1.921780000000000044e+00
0.000000000000000000e+00
0.000000000000000000e+00
0.000000000000000000e+00
0.000000000000000000e+00
1.925100000000000033e+00
0.000000000000000000e+00
0.000000000000000000e+00
0.000000000000000000e+00
0.000000000000000000e+00
8.017699999999999827e-01
0.000000000000000000e+00
0.000000000000000000e+00
0.000000000000000000e+00
0.000000000000000000e+00
0.000000000000000000e+00
1.489880000000000093e+00
0.000000000000000000e+00
0.000000000000000000e+00
0.000000000000000000e+00
0.000000000000000000e+00
1.921459999999999946e+00
0.000000000000000000e+00
1.031449999999999978e+00
0.000000000000000000e+00
0.000000000000000000e+00
1.847949999999999982e+00
0.000000000000000000e+00
1.926220000000000043e+00
0.000000000000000000e+00
0.000000000000000000e+00
1.484769999999999923e+00
0.000000000000000000e+00
0.000000000000000000e+00
1.917210000000000081e+00
0.000000000000000000e+00
0.000000000000000000e+00
0.000000000000000000e+00
1.919850000000000056e+00
0.000000000000000000e+00
1.921729999999999938e+00
0.000000000000000000e+00
1.095120000000000093e+00
0.000000000000000000e+00
1.398859999999999992e+00
0.000000000000000000e+00
0.000000000000000000e+00
1.244699999999999918e+00
0.000000000000000000e+00
1.926819999999999977e+00
0.000000000000000000e+00
0.000000000000000000e+00
0.000000000000000000e+00
0.000000000000000000e+00
5.211000000000000076e-01
0.000000000000000000e+00
0.000000000000000000e+00
0.000000000000000000e+00
0.000000000000000000e+00
1.921310000000000073e+00
0.000000000000000000e+00
1.024659999999999904e+00
0.000000000000000000e+00
0.000000000000000000e+00
0.000000000000000000e+00
8.195500000000000007e-01
0.000000000000000000e+00
0.000000000000000000e+00
1.804270000000000040e+00
0.000000000000000000e+00
0.000000000000000000e+00
0.000000000000000000e+00
0.000000000000000000e+00
9.553599999999999870e-01
0.000000000000000000e+00
0.000000000000000000e+00
0.000000000000000000e+00
1.048880000000000035e+00
0.000000000000000000e+00
0.000000000000000000e+00
1.273900000000000032e+00
0.000000000000000000e+00
7.036799999999999722e-01
0.000000000000000000e+00
1.924199999999999910e+00
0.000000000000000000e+00
0.000000000000000000e+00
0.000000000000000000e+00
0.000000000000000000e+00
6.749600000000000044e-01
0.000000000000000000e+00
0.000000000000000000e+00
1.235020000000000007e+00
0.000000000000000000e+00
0.000000000000000000e+00
1.868570000000000064e+00
0.000000000000000000e+00
0.000000000000000000e+00
0.000000000000000000e+00
1.920279999999999987e+00
0.000000000000000000e+00
5.554900000000000393e-01
0.000000000000000000e+00
0.000000000000000000e+00
0.000000000000000000e+00
0.000000000000000000e+00
1.457589999999999941e+00
0.000000000000000000e+00
1.348090000000000011e+00
0.000000000000000000e+00
0.000000000000000000e+00
1.914120000000000044e+00
0.000000000000000000e+00
1.916849999999999943e+00
0.000000000000000000e+00
0.000000000000000000e+00
1.918169999999999931e+00
0.000000000000000000e+00
0.000000000000000000e+00
0.000000000000000000e+00
0.000000000000000000e+00
0.000000000000000000e+00
1.922029999999999905e+00
0.000000000000000000e+00
0.000000000000000000e+00
0.000000000000000000e+00
1.924730000000000052e+00
0.000000000000000000e+00
0.000000000000000000e+00
0.000000000000000000e+00
0.000000000000000000e+00
5.977500000000000036e-01
0.000000000000000000e+00
0.000000000000000000e+00
1.099679999999999991e+00
0.000000000000000000e+00
0.000000000000000000e+00
6.663299999999999779e-01
0.000000000000000000e+00
0.000000000000000000e+00
1.920509999999999939e+00
0.000000000000000000e+00
0.000000000000000000e+00
7.032599999999999962e-01
0.000000000000000000e+00
1.924619999999999997e+00
0.000000000000000000e+00
1.924449999999999994e+00
0.000000000000000000e+00
5.448800000000000310e-01
0.000000000000000000e+00
0.000000000000000000e+00
0.000000000000000000e+00
0.000000000000000000e+00
0.000000000000000000e+00
0.000000000000000000e+00
0.000000000000000000e+00
0.000000000000000000e+00
0.000000000000000000e+00
0.000000000000000000e+00
0.000000000000000000e+00
0.000000000000000000e+00
0.000000000000000000e+00
0.000000000000000000e+00
0.000000000000000000e+00
0.000000000000000000e+00
0.000000000000000000e+00
0.000000000000000000e+00
0.000000000000000000e+00
0.000000000000000000e+00
0.000000000000000000e+00
0.000000000000000000e+00
0.000000000000000000e+00
9.994699999999999696e-01
0.000000000000000000e+00
0.000000000000000000e+00
0.000000000000000000e+00
6.318500000000000227e-01
0.000000000000000000e+00
0.000000000000000000e+00
1.085080000000000044e+00
0.000000000000000000e+00
1.029819999999999958e+00
0.000000000000000000e+00
0.000000000000000000e+00
0.000000000000000000e+00
5.450899999999999634e-01
0.000000000000000000e+00
0.000000000000000000e+00
5.080400000000000471e-01
0.000000000000000000e+00
0.000000000000000000e+00
0.000000000000000000e+00
9.048000000000000487e-01
0.000000000000000000e+00
0.000000000000000000e+00
6.247899999999999565e-01
0.000000000000000000e+00
0.000000000000000000e+00
0.000000000000000000e+00
0.000000000000000000e+00
8.240699999999999692e-01
0.000000000000000000e+00
0.000000000000000000e+00
7.952799999999999869e-01
0.000000000000000000e+00
0.000000000000000000e+00
1.130060000000000064e+00
0.000000000000000000e+00
0.000000000000000000e+00
5.741000000000000547e-01
0.000000000000000000e+00
0.000000000000000000e+00
5.581199999999999495e-01
0.000000000000000000e+00
0.000000000000000000e+00
1.250569999999999959e+00
0.000000000000000000e+00
0.000000000000000000e+00
0.000000000000000000e+00
0.000000000000000000e+00
1.111830000000000096e+00
0.000000000000000000e+00
0.000000000000000000e+00
7.726399999999999935e-01
0.000000000000000000e+00
5.813199999999999479e-01
0.000000000000000000e+00
0.000000000000000000e+00
5.663099999999999801e-01
0.000000000000000000e+00
0.000000000000000000e+00
0.000000000000000000e+00
1.016860000000000097e+00
0.000000000000000000e+00
0.000000000000000000e+00
0.000000000000000000e+00
5.701000000000000512e-01
0.000000000000000000e+00
0.000000000000000000e+00
1.137089999999999934e+00
0.000000000000000000e+00
0.000000000000000000e+00
0.000000000000000000e+00
0.000000000000000000e+00
0.000000000000000000e+00
7.302400000000000002e-01
0.000000000000000000e+00
0.000000000000000000e+00
6.070600000000000440e-01
0.000000000000000000e+00
0.000000000000000000e+00
0.000000000000000000e+00
1.434609999999999941e+00
0.000000000000000000e+00
0.000000000000000000e+00
5.535299999999999665e-01
0.000000000000000000e+00
1.126659999999999995e+00
0.000000000000000000e+00
8.370400000000000063e-01
0.000000000000000000e+00
0.000000000000000000e+00
0.000000000000000000e+00
0.000000000000000000e+00
1.750210000000000043e+00
0.000000000000000000e+00
7.514600000000000168e-01
0.000000000000000000e+00
1.925839999999999996e+00
0.000000000000000000e+00
6.538899999999999713e-01
0.000000000000000000e+00
0.000000000000000000e+00
0.000000000000000000e+00
1.380530000000000035e+00
0.000000000000000000e+00
0.000000000000000000e+00
0.000000000000000000e+00
0.000000000000000000e+00
7.807600000000000096e-01
0.000000000000000000e+00
1.252140000000000031e+00
0.000000000000000000e+00
0.000000000000000000e+00
0.000000000000000000e+00
6.715400000000000258e-01
0.000000000000000000e+00
9.159599999999999964e-01
0.000000000000000000e+00
0.000000000000000000e+00
0.000000000000000000e+00
7.278999999999999915e-01
0.000000000000000000e+00
0.000000000000000000e+00
6.714099999999999513e-01
0.000000000000000000e+00
0.000000000000000000e+00
0.000000000000000000e+00
1.248939999999999939e+00
0.000000000000000000e+00
0.000000000000000000e+00
1.920909999999999895e+00
0.000000000000000000e+00
8.602699999999999791e-01
0.000000000000000000e+00
9.820299999999999585e-01
0.000000000000000000e+00
0.000000000000000000e+00
0.000000000000000000e+00
1.053369999999999918e+00
0.000000000000000000e+00
0.000000000000000000e+00
0.000000000000000000e+00
1.927839999999999998e+00
0.000000000000000000e+00
0.000000000000000000e+00
0.000000000000000000e+00
1.917780000000000040e+00
0.000000000000000000e+00
0.000000000000000000e+00
0.000000000000000000e+00
8.346599999999999575e-01
0.000000000000000000e+00
0.000000000000000000e+00
0.000000000000000000e+00
1.588510000000000089e+00
0.000000000000000000e+00
0.000000000000000000e+00
5.715000000000000080e-01
0.000000000000000000e+00
0.000000000000000000e+00
0.000000000000000000e+00
0.000000000000000000e+00
0.000000000000000000e+00
6.590099999999999847e-01
0.000000000000000000e+00
0.000000000000000000e+00
0.000000000000000000e+00
0.000000000000000000e+00
0.000000000000000000e+00
6.259700000000000264e-01
0.000000000000000000e+00
0.000000000000000000e+00
8.870999999999999996e-01
0.000000000000000000e+00
0.000000000000000000e+00
1.922690000000000010e+00
0.000000000000000000e+00
8.600600000000000467e-01
0.000000000000000000e+00
6.020600000000000396e-01
0.000000000000000000e+00
6.957200000000000051e-01
0.000000000000000000e+00
7.105599999999999694e-01
0.000000000000000000e+00
6.640700000000000491e-01
0.000000000000000000e+00
0.000000000000000000e+00
0.000000000000000000e+00
1.238690000000000069e+00
0.000000000000000000e+00
0.000000000000000000e+00
7.009600000000000275e-01
0.000000000000000000e+00
1.921510000000000051e+00
0.000000000000000000e+00
0.000000000000000000e+00
7.530000000000000027e-01
0.000000000000000000e+00
0.000000000000000000e+00
1.926870000000000083e+00
0.000000000000000000e+00
0.000000000000000000e+00
0.000000000000000000e+00
1.877620000000000067e+00
0.000000000000000000e+00
0.000000000000000000e+00
0.000000000000000000e+00
5.799699999999999855e-01
0.000000000000000000e+00
0.000000000000000000e+00
5.620699999999999585e-01
0.000000000000000000e+00
0.000000000000000000e+00
0.000000000000000000e+00
1.923620000000000108e+00
0.000000000000000000e+00
0.000000000000000000e+00
1.704550000000000010e+00
0.000000000000000000e+00
0.000000000000000000e+00
0.000000000000000000e+00
8.179400000000000004e-01
0.000000000000000000e+00
0.000000000000000000e+00
1.915669999999999984e+00
0.000000000000000000e+00
0.000000000000000000e+00
6.776699999999999946e-01
0.000000000000000000e+00
0.000000000000000000e+00
8.016900000000000137e-01
0.000000000000000000e+00
1.922139999999999960e+00
0.000000000000000000e+00
0.000000000000000000e+00
0.000000000000000000e+00
0.000000000000000000e+00
0.000000000000000000e+00
1.673980000000000024e+00
0.000000000000000000e+00
0.000000000000000000e+00
0.000000000000000000e+00
1.928630000000000067e+00
0.000000000000000000e+00
7.096000000000000085e-01
0.000000000000000000e+00
0.000000000000000000e+00
0.000000000000000000e+00
7.653900000000000148e-01
0.000000000000000000e+00
0.000000000000000000e+00
0.000000000000000000e+00
0.000000000000000000e+00
0.000000000000000000e+00
7.461400000000000254e-01
0.000000000000000000e+00
0.000000000000000000e+00
1.088880000000000070e+00
0.000000000000000000e+00
0.000000000000000000e+00
7.321999999999999620e-01
0.000000000000000000e+00
7.864700000000000024e-01
0.000000000000000000e+00
0.000000000000000000e+00
0.000000000000000000e+00
0.000000000000000000e+00
0.000000000000000000e+00
0.000000000000000000e+00
0.000000000000000000e+00
0.000000000000000000e+00
0.000000000000000000e+00
0.000000000000000000e+00
0.000000000000000000e+00
0.000000000000000000e+00
0.000000000000000000e+00
0.000000000000000000e+00
0.000000000000000000e+00
0.000000000000000000e+00
0.000000000000000000e+00
0.000000000000000000e+00
0.000000000000000000e+00
0.000000000000000000e+00
0.000000000000000000e+00
0.000000000000000000e+00
0.000000000000000000e+00
0.000000000000000000e+00
7.437500000000000222e-01
0.000000000000000000e+00
0.000000000000000000e+00
0.000000000000000000e+00
0.000000000000000000e+00
6.786699999999999955e-01
0.000000000000000000e+00
1.598039999999999905e+00
0.000000000000000000e+00
6.181999999999999718e-01
0.000000000000000000e+00
0.000000000000000000e+00
0.000000000000000000e+00
0.000000000000000000e+00
0.000000000000000000e+00
0.000000000000000000e+00
1.046810000000000018e+00
0.000000000000000000e+00
0.000000000000000000e+00
0.000000000000000000e+00
0.000000000000000000e+00
0.000000000000000000e+00
0.000000000000000000e+00
6.351700000000000124e-01
0.000000000000000000e+00
6.246800000000000130e-01
0.000000000000000000e+00
0.000000000000000000e+00
1.919599999999999973e+00
0.000000000000000000e+00
0.000000000000000000e+00
1.921410000000000062e+00
0.000000000000000000e+00
1.922560000000000047e+00
0.000000000000000000e+00
0.000000000000000000e+00
1.391580000000000039e+00
0.000000000000000000e+00
0.000000000000000000e+00
0.000000000000000000e+00
6.568100000000000049e-01
0.000000000000000000e+00
0.000000000000000000e+00
6.429300000000000015e-01
0.000000000000000000e+00
4.773100000000000120e-01
0.000000000000000000e+00
8.328299999999999592e-01
0.000000000000000000e+00
0.000000000000000000e+00
1.106559999999999988e+00
0.000000000000000000e+00
9.230399999999999716e-01
0.000000000000000000e+00
5.571800000000000086e-01
0.000000000000000000e+00
1.815020000000000078e+00
0.000000000000000000e+00
0.000000000000000000e+00
0.000000000000000000e+00
0.000000000000000000e+00
6.137200000000000433e-01
0.000000000000000000e+00
0.000000000000000000e+00
7.105399999999999494e-01
0.000000000000000000e+00
0.000000000000000000e+00
1.694539999999999935e+00
0.000000000000000000e+00
5.656299999999999661e-01
0.000000000000000000e+00
0.000000000000000000e+00
0.000000000000000000e+00
0.000000000000000000e+00
1.923270000000000035e+00
0.000000000000000000e+00
4.812000000000000166e-01
0.000000000000000000e+00
7.264800000000000146e-01
0.000000000000000000e+00
0.000000000000000000e+00
0.000000000000000000e+00
0.000000000000000000e+00
1.916870000000000074e+00
0.000000000000000000e+00
1.916430000000000078e+00
0.000000000000000000e+00
0.000000000000000000e+00
1.918879999999999919e+00
0.000000000000000000e+00
0.000000000000000000e+00
1.417040000000000077e+00
0.000000000000000000e+00
0.000000000000000000e+00
0.000000000000000000e+00
0.000000000000000000e+00
0.000000000000000000e+00
1.110870000000000024e+00
0.000000000000000000e+00
0.000000000000000000e+00
7.664699999999999847e-01
0.000000000000000000e+00
0.000000000000000000e+00
7.803799999999999626e-01
0.000000000000000000e+00
1.021220000000000017e+00
0.000000000000000000e+00
0.000000000000000000e+00
1.919000000000000039e+00
0.000000000000000000e+00
1.920160000000000089e+00
0.000000000000000000e+00
6.275199999999999667e-01
0.000000000000000000e+00
0.000000000000000000e+00
1.923200000000000021e+00
0.000000000000000000e+00
0.000000000000000000e+00
0.000000000000000000e+00
0.000000000000000000e+00
0.000000000000000000e+00
4.632800000000000251e-01
0.000000000000000000e+00
0.000000000000000000e+00
9.005800000000000471e-01
0.000000000000000000e+00
0.000000000000000000e+00
0.000000000000000000e+00
4.700300000000000034e-01
0.000000000000000000e+00
0.000000000000000000e+00
0.000000000000000000e+00
6.266300000000000203e-01
0.000000000000000000e+00
0.000000000000000000e+00
0.000000000000000000e+00
1.923859999999999904e+00
0.000000000000000000e+00
0.000000000000000000e+00
0.000000000000000000e+00
0.000000000000000000e+00
0.000000000000000000e+00
0.000000000000000000e+00
1.928460000000000063e+00
0.000000000000000000e+00
0.000000000000000000e+00
0.000000000000000000e+00
7.890000000000000346e-01
0.000000000000000000e+00
0.000000000000000000e+00
1.648760000000000003e+00
0.000000000000000000e+00
1.921259999999999968e+00
0.000000000000000000e+00
0.000000000000000000e+00
0.000000000000000000e+00
0.000000000000000000e+00
1.026219999999999910e+00
0.000000000000000000e+00
0.000000000000000000e+00
0.000000000000000000e+00
1.927079999999999904e+00
0.000000000000000000e+00
0.000000000000000000e+00
0.000000000000000000e+00
1.916269999999999918e+00
0.000000000000000000e+00
0.000000000000000000e+00
0.000000000000000000e+00
0.000000000000000000e+00
0.000000000000000000e+00
1.921079999999999899e+00
0.000000000000000000e+00
0.000000000000000000e+00
0.000000000000000000e+00
8.288799999999999502e-01
0.000000000000000000e+00
0.000000000000000000e+00
1.924400000000000110e+00
0.000000000000000000e+00
0.000000000000000000e+00
0.000000000000000000e+00
0.000000000000000000e+00
0.000000000000000000e+00
5.783199999999999452e-01
0.000000000000000000e+00
0.000000000000000000e+00
1.474599999999999911e+00
0.000000000000000000e+00
0.000000000000000000e+00
1.919380000000000086e+00
0.000000000000000000e+00
1.920809999999999906e+00
0.000000000000000000e+00
1.922160000000000091e+00
0.000000000000000000e+00
0.000000000000000000e+00
0.000000000000000000e+00
1.924739999999999895e+00
0.000000000000000000e+00
0.000000000000000000e+00
7.264699999999999491e-01
0.000000000000000000e+00
0.000000000000000000e+00
0.000000000000000000e+00
1.917110000000000092e+00
0.000000000000000000e+00
0.000000000000000000e+00
0.000000000000000000e+00
0.000000000000000000e+00
1.277109999999999967e+00
0.000000000000000000e+00
0.000000000000000000e+00
1.921410000000000062e+00
0.000000000000000000e+00
0.000000000000000000e+00
0.000000000000000000e+00
1.326079999999999925e+00
0.000000000000000000e+00
0.000000000000000000e+00
7.247900000000000453e-01
0.000000000000000000e+00
0.000000000000000000e+00
0.000000000000000000e+00
1.928350000000000009e+00
0.000000000000000000e+00
0.000000000000000000e+00
0.000000000000000000e+00
0.000000000000000000e+00
0.000000000000000000e+00
0.000000000000000000e+00
0.000000000000000000e+00
8.823100000000000387e-01
0.000000000000000000e+00
9.665399999999999547e-01
0.000000000000000000e+00
0.000000000000000000e+00
1.479100000000000081e+00
0.000000000000000000e+00
0.000000000000000000e+00
0.000000000000000000e+00
5.593599999999999683e-01
0.000000000000000000e+00
5.981499999999999595e-01
0.000000000000000000e+00
1.457510000000000083e+00
0.000000000000000000e+00
0.000000000000000000e+00
0.000000000000000000e+00
7.182600000000000096e-01
0.000000000000000000e+00
6.405199999999999783e-01
0.000000000000000000e+00
6.393299999999999539e-01
0.000000000000000000e+00
1.017149999999999999e+00
0.000000000000000000e+00
0.000000000000000000e+00
0.000000000000000000e+00
1.267689999999999984e+00
0.000000000000000000e+00
0.000000000000000000e+00
0.000000000000000000e+00
0.000000000000000000e+00
1.738930000000000087e+00
0.000000000000000000e+00
0.000000000000000000e+00
9.076899999999999968e-01
0.000000000000000000e+00
0.000000000000000000e+00
0.000000000000000000e+00
0.000000000000000000e+00
9.500300000000000411e-01
0.000000000000000000e+00
0.000000000000000000e+00
0.000000000000000000e+00
0.000000000000000000e+00
0.000000000000000000e+00
0.000000000000000000e+00
0.000000000000000000e+00
0.000000000000000000e+00
0.000000000000000000e+00
0.000000000000000000e+00
0.000000000000000000e+00
0.000000000000000000e+00
0.000000000000000000e+00
0.000000000000000000e+00
0.000000000000000000e+00
0.000000000000000000e+00
0.000000000000000000e+00
0.000000000000000000e+00
0.000000000000000000e+00
0.000000000000000000e+00
0.000000000000000000e+00
0.000000000000000000e+00
0.000000000000000000e+00
0.000000000000000000e+00
0.000000000000000000e+00
7.260199999999999987e-01
0.000000000000000000e+00
0.000000000000000000e+00
6.974799999999999889e-01
0.000000000000000000e+00
0.000000000000000000e+00
6.647999999999999465e-01
0.000000000000000000e+00
6.572700000000000209e-01
0.000000000000000000e+00
0.000000000000000000e+00
0.000000000000000000e+00
0.000000000000000000e+00
0.000000000000000000e+00
6.674099999999999477e-01
0.000000000000000000e+00
0.000000000000000000e+00
0.000000000000000000e+00
6.050600000000000422e-01
0.000000000000000000e+00
0.000000000000000000e+00
0.000000000000000000e+00
7.955400000000000249e-01
0.000000000000000000e+00
0.000000000000000000e+00
0.000000000000000000e+00
8.298299999999999566e-01
0.000000000000000000e+00
0.000000000000000000e+00
5.379399999999999737e-01
0.000000000000000000e+00
6.191299999999999581e-01
0.000000000000000000e+00
0.000000000000000000e+00
0.000000000000000000e+00
1.032759999999999900e+00
0.000000000000000000e+00
0.000000000000000000e+00
0.000000000000000000e+00
0.000000000000000000e+00
0.000000000000000000e+00
6.337699999999999445e-01
0.000000000000000000e+00
0.000000000000000000e+00
6.558399999999999785e-01
0.000000000000000000e+00
0.000000000000000000e+00
0.000000000000000000e+00
1.711810000000000054e+00
0.000000000000000000e+00
6.195599999999999996e-01
0.000000000000000000e+00
0.000000000000000000e+00
0.000000000000000000e+00
0.000000000000000000e+00
1.919059999999999988e+00
0.000000000000000000e+00
0.000000000000000000e+00
0.000000000000000000e+00
0.000000000000000000e+00
8.040699999999999514e-01
0.000000000000000000e+00
0.000000000000000000e+00
0.000000000000000000e+00
0.000000000000000000e+00
0.000000000000000000e+00
0.000000000000000000e+00
5.475400000000000267e-01
0.000000000000000000e+00
0.000000000000000000e+00
0.000000000000000000e+00
0.000000000000000000e+00
0.000000000000000000e+00
1.254250000000000087e+00
0.000000000000000000e+00
0.000000000000000000e+00
0.000000000000000000e+00
0.000000000000000000e+00
0.000000000000000000e+00
1.015020000000000033e+00
0.000000000000000000e+00
1.923070000000000057e+00
0.000000000000000000e+00
0.000000000000000000e+00
0.000000000000000000e+00
0.000000000000000000e+00
5.918200000000000127e-01
0.000000000000000000e+00
0.000000000000000000e+00
0.000000000000000000e+00
1.411389999999999922e+00
0.000000000000000000e+00
0.000000000000000000e+00
0.000000000000000000e+00
8.067600000000000326e-01
0.000000000000000000e+00
0.000000000000000000e+00
5.446900000000000075e-01
0.000000000000000000e+00
9.147199999999999775e-01
0.000000000000000000e+00
0.000000000000000000e+00
0.000000000000000000e+00
0.000000000000000000e+00
1.925419999999999909e+00
0.000000000000000000e+00
0.000000000000000000e+00
0.000000000000000000e+00
0.000000000000000000e+00
1.928660000000000041e+00
0.000000000000000000e+00
1.150940000000000074e+00
0.000000000000000000e+00
0.000000000000000000e+00
1.918360000000000065e+00
0.000000000000000000e+00
0.000000000000000000e+00
0.000000000000000000e+00
1.922090000000000076e+00
0.000000000000000000e+00
0.000000000000000000e+00
8.828700000000000436e-01
0.000000000000000000e+00
0.000000000000000000e+00
0.000000000000000000e+00
5.505999999999999783e-01
0.000000000000000000e+00
0.000000000000000000e+00
9.202299999999999924e-01
0.000000000000000000e+00
1.915380000000000082e+00
0.000000000000000000e+00
0.000000000000000000e+00
1.516620000000000079e+00
0.000000000000000000e+00
0.000000000000000000e+00
0.000000000000000000e+00
5.468199999999999728e-01
0.000000000000000000e+00
0.000000000000000000e+00
0.000000000000000000e+00
0.000000000000000000e+00
6.543900000000000272e-01
0.000000000000000000e+00
0.000000000000000000e+00
0.000000000000000000e+00
0.000000000000000000e+00
0.000000000000000000e+00
0.000000000000000000e+00
1.767300000000000093e+00
0.000000000000000000e+00
0.000000000000000000e+00
0.000000000000000000e+00
1.110340000000000105e+00
0.000000000000000000e+00
1.269309999999999938e+00
0.000000000000000000e+00
0.000000000000000000e+00
0.000000000000000000e+00
1.555320000000000036e+00
0.000000000000000000e+00
0.000000000000000000e+00
0.000000000000000000e+00
1.208820000000000006e+00
0.000000000000000000e+00
0.000000000000000000e+00
0.000000000000000000e+00
0.000000000000000000e+00
7.222399999999999931e-01
0.000000000000000000e+00
0.000000000000000000e+00
1.177810000000000024e+00
0.000000000000000000e+00
0.000000000000000000e+00
0.000000000000000000e+00
7.686899999999999844e-01
0.000000000000000000e+00
0.000000000000000000e+00
8.030000000000000471e-01
0.000000000000000000e+00
0.000000000000000000e+00
1.078589999999999938e+00
0.000000000000000000e+00
0.000000000000000000e+00
8.826000000000000512e-01
0.000000000000000000e+00
0.000000000000000000e+00
1.040350000000000108e+00
0.000000000000000000e+00
0.000000000000000000e+00
0.000000000000000000e+00
6.358200000000000518e-01
0.000000000000000000e+00
8.971400000000000485e-01
0.000000000000000000e+00
0.000000000000000000e+00
1.073090000000000099e+00
0.000000000000000000e+00
0.000000000000000000e+00
0.000000000000000000e+00
5.275100000000000344e-01
0.000000000000000000e+00
0.000000000000000000e+00
0.000000000000000000e+00
6.015200000000000546e-01
0.000000000000000000e+00
6.360500000000000043e-01
0.000000000000000000e+00
0.000000000000000000e+00
8.105799999999999672e-01
0.000000000000000000e+00
1.443670000000000009e+00
0.000000000000000000e+00
0.000000000000000000e+00
9.310800000000000187e-01
0.000000000000000000e+00
4.789700000000000069e-01
0.000000000000000000e+00
0.000000000000000000e+00
1.073280000000000012e+00
0.000000000000000000e+00
1.226080000000000059e+00
0.000000000000000000e+00
0.000000000000000000e+00
0.000000000000000000e+00
0.000000000000000000e+00
0.000000000000000000e+00
9.239600000000000035e-01
0.000000000000000000e+00
6.039799999999999613e-01
0.000000000000000000e+00
0.000000000000000000e+00
1.037860000000000005e+00
0.000000000000000000e+00
0.000000000000000000e+00
0.000000000000000000e+00
0.000000000000000000e+00
1.266939999999999955e+00
0.000000000000000000e+00
0.000000000000000000e+00
1.737279999999999935e+00
0.000000000000000000e+00
0.000000000000000000e+00
1.466010000000000035e+00
0.000000000000000000e+00
0.000000000000000000e+00
0.000000000000000000e+00
6.968600000000000350e-01
0.000000000000000000e+00
0.000000000000000000e+00
1.155520000000000103e+00
0.000000000000000000e+00
0.000000000000000000e+00
0.000000000000000000e+00
5.268199999999999550e-01
0.000000000000000000e+00
0.000000000000000000e+00
0.000000000000000000e+00
0.000000000000000000e+00
7.505199999999999649e-01
0.000000000000000000e+00
1.103569999999999940e+00
0.000000000000000000e+00
0.000000000000000000e+00
0.000000000000000000e+00
7.933700000000000196e-01
0.000000000000000000e+00
0.000000000000000000e+00
0.000000000000000000e+00
6.170299999999999674e-01
0.000000000000000000e+00
0.000000000000000000e+00
1.343590000000000062e+00
0.000000000000000000e+00
5.634700000000000264e-01
0.000000000000000000e+00
0.000000000000000000e+00
1.010410000000000030e+00
0.000000000000000000e+00
8.102899999999999547e-01
0.000000000000000000e+00
0.000000000000000000e+00
0.000000000000000000e+00
1.041870000000000074e+00
0.000000000000000000e+00
0.000000000000000000e+00
0.000000000000000000e+00
0.000000000000000000e+00
0.000000000000000000e+00
0.000000000000000000e+00
0.000000000000000000e+00
0.000000000000000000e+00
0.000000000000000000e+00
0.000000000000000000e+00
0.000000000000000000e+00
0.000000000000000000e+00
0.000000000000000000e+00
0.000000000000000000e+00
