0.000000000000000000e+00
0.000000000000000000e+00
0.000000000000000000e+00
0.000000000000000000e+00
0.000000000000000000e+00
0.000000000000000000e+00
0.000000000000000000e+00
0.000000000000000000e+00
0.000000000000000000e+00
0.000000000000000000e+00
8.394200000000000550e-01
0.000000000000000000e+00
0.000000000000000000e+00
6.754599999999999493e-01
0.000000000000000000e+00
0.000000000000000000e+00
0.000000000000000000e+00
1.499419999999999975e+00
0.000000000000000000e+00
6.763200000000000323e-01
0.000000000000000000e+00
0.000000000000000000e+00
0.000000000000000000e+00
6.375800000000000356e-01
0.000000000000000000e+00
6.391999999999999904e-01
0.000000000000000000e+00
0.000000000000000000e+00
5.743899999999999562e-01
0.000000000000000000e+00
7.060300000000000464e-01
0.000000000000000000e+00
0.000000000000000000e+00
0.000000000000000000e+00
6.051299999999999457e-01
0.000000000000000000e+00
0.000000000000000000e+00
0.000000000000000000e+00
6.015500000000000291e-01
0.000000000000000000e+00
0.000000000000000000e+00
0.000000000000000000e+00
6.188399999999999457e-01
0.000000000000000000e+00
0.000000000000000000e+00
6.300900000000000389e-01
0.000000000000000000e+00
7.029499999999999638e-01
0.000000000000000000e+00
0.000000000000000000e+00
5.560199999999999587e-01
0.000000000000000000e+00
0.000000000000000000e+00
8.021099999999999897e-01
0.000000000000000000e+00
0.000000000000000000e+00
0.000000000000000000e+00
0.000000000000000000e+00
0.000000000000000000e+00
5.913800000000000168e-01
0.000000000000000000e+00
0.000000000000000000e+00
7.962000000000000188e-01
0.000000000000000000e+00
0.000000000000000000e+00
0.000000000000000000e+00
0.000000000000000000e+00
0.000000000000000000e+00
0.000000000000000000e+00
7.100199999999999845e-01
0.000000000000000000e+00
0.000000000000000000e+00
6.632700000000000262e-01
0.000000000000000000e+00
0.000000000000000000e+00
6.303900000000000059e-01
0.000000000000000000e+00
0.000000000000000000e+00
0.000000000000000000e+00
7.393399999999999972e-01
0.000000000000000000e+00
5.977400000000000491e-01
0.000000000000000000e+00
0.000000000000000000e+00
6.751500000000000279e-01
0.000000000000000000e+00
0.000000000000000000e+00
0.000000000000000000e+00
6.741000000000000325e-01
0.000000000000000000e+00
0.000000000000000000e+00
0.000000000000000000e+00
7.078299999999999592e-01
0.000000000000000000e+00
0.000000000000000000e+00
5.781300000000000328e-01
0.000000000000000000e+00
0.000000000000000000e+00
6.756799999999999473e-01
0.000000000000000000e+00
0.000000000000000000e+00
0.000000000000000000e+00
5.704399999999999471e-01
0.000000000000000000e+00
0.000000000000000000e+00
0.000000000000000000e+00
0.000000000000000000e+00
0.000000000000000000e+00
0.000000000000000000e+00
0.000000000000000000e+00
6.474100000000000410e-01
0.000000000000000000e+00
9.367900000000000116e-01
0.000000000000000000e+00
7.753700000000000037e-01
0.000000000000000000e+00
8.659900000000000375e-01
0.000000000000000000e+00
0.000000000000000000e+00
7.290999999999999703e-01
0.000000000000000000e+00
0.000000000000000000e+00
6.334600000000000231e-01
0.000000000000000000e+00
0.000000000000000000e+00
0.000000000000000000e+00
0.000000000000000000e+00
0.000000000000000000e+00
6.925999999999999934e-01
0.000000000000000000e+00
0.000000000000000000e+00
5.670300000000000340e-01
0.000000000000000000e+00
6.977200000000000069e-01
0.000000000000000000e+00
6.899899999999999922e-01
0.000000000000000000e+00
0.000000000000000000e+00
0.000000000000000000e+00
0.000000000000000000e+00
6.228799999999999892e-01
0.000000000000000000e+00
0.000000000000000000e+00
5.680399999999999894e-01
0.000000000000000000e+00
0.000000000000000000e+00
0.000000000000000000e+00
0.000000000000000000e+00
9.786099999999999799e-01
0.000000000000000000e+00
0.000000000000000000e+00
9.487999999999999767e-01
0.000000000000000000e+00
0.000000000000000000e+00
7.080800000000000427e-01
0.000000000000000000e+00
8.907899999999999707e-01
0.000000000000000000e+00
0.000000000000000000e+00
0.000000000000000000e+00
6.426800000000000290e-01
0.000000000000000000e+00
0.000000000000000000e+00
0.000000000000000000e+00
6.979400000000000048e-01
0.000000000000000000e+00
0.000000000000000000e+00
8.497500000000000053e-01
0.000000000000000000e+00
1.934020000000000072e+00
0.000000000000000000e+00
0.000000000000000000e+00
0.000000000000000000e+00
8.162300000000000111e-01
0.000000000000000000e+00
0.000000000000000000e+00
0.000000000000000000e+00
8.947300000000000253e-01
0.000000000000000000e+00
0.000000000000000000e+00
7.097099999999999520e-01
0.000000000000000000e+00
0.000000000000000000e+00
0.000000000000000000e+00
8.854800000000000448e-01
0.000000000000000000e+00
9.129000000000000448e-01
0.000000000000000000e+00
0.000000000000000000e+00
7.412600000000000300e-01
0.000000000000000000e+00
5.806799999999999740e-01
0.000000000000000000e+00
0.000000000000000000e+00
8.178999999999999604e-01
0.000000000000000000e+00
0.000000000000000000e+00
1.002429999999999932e+00
0.000000000000000000e+00
1.358889999999999931e+00
0.000000000000000000e+00
6.130400000000000293e-01
0.000000000000000000e+00
0.000000000000000000e+00
1.011209999999999942e+00
0.000000000000000000e+00
0.000000000000000000e+00
0.000000000000000000e+00
6.914299999999999891e-01
0.000000000000000000e+00
0.000000000000000000e+00
1.433540000000000036e+00
0.000000000000000000e+00
0.000000000000000000e+00
6.258899999999999464e-01
0.000000000000000000e+00
0.000000000000000000e+00
0.000000000000000000e+00
0.000000000000000000e+00
8.584000000000000519e-01
0.000000000000000000e+00
0.000000000000000000e+00
6.297500000000000320e-01
0.000000000000000000e+00
0.000000000000000000e+00
0.000000000000000000e+00
0.000000000000000000e+00
7.373600000000000154e-01
0.000000000000000000e+00
9.928799999999999848e-01
0.000000000000000000e+00
0.000000000000000000e+00
6.502400000000000402e-01
0.000000000000000000e+00
0.000000000000000000e+00
7.554899999999999949e-01
0.000000000000000000e+00
6.197099999999999831e-01
0.000000000000000000e+00
1.335409999999999986e+00
0.000000000000000000e+00
0.000000000000000000e+00
6.815799999999999637e-01
0.000000000000000000e+00
0.000000000000000000e+00
0.000000000000000000e+00
6.436800000000000299e-01
0.000000000000000000e+00
0.000000000000000000e+00
0.000000000000000000e+00
0.000000000000000000e+00
6.257500000000000284e-01
0.000000000000000000e+00
0.000000000000000000e+00
6.443699999999999983e-01
0.000000000000000000e+00
0.000000000000000000e+00
0.000000000000000000e+00
7.685600000000000209e-01
0.000000000000000000e+00
7.109600000000000364e-01
0.000000000000000000e+00
0.000000000000000000e+00
6.943399999999999572e-01
0.000000000000000000e+00
0.000000000000000000e+00
0.000000000000000000e+00
0.000000000000000000e+00
0.000000000000000000e+00
5.364299999999999624e-01
0.000000000000000000e+00
6.430099999999999705e-01
0.000000000000000000e+00
0.000000000000000000e+00
0.000000000000000000e+00
0.000000000000000000e+00
0.000000000000000000e+00
0.000000000000000000e+00
0.000000000000000000e+00
0.000000000000000000e+00
0.000000000000000000e+00
0.000000000000000000e+00
0.000000000000000000e+00
0.000000000000000000e+00
0.000000000000000000e+00
0.000000000000000000e+00
0.000000000000000000e+00
0.000000000000000000e+00
0.000000000000000000e+00
0.000000000000000000e+00
0.000000000000000000e+00
0.000000000000000000e+00
0.000000000000000000e+00
0.000000000000000000e+00
0.000000000000000000e+00
7.076099999999999612e-01
0.000000000000000000e+00
0.000000000000000000e+00
0.000000000000000000e+00
0.000000000000000000e+00
1.270319999999999894e+00
0.000000000000000000e+00
0.000000000000000000e+00
0.000000000000000000e+00
0.000000000000000000e+00
6.545199999999999907e-01
0.000000000000000000e+00
0.000000000000000000e+00
0.000000000000000000e+00
6.338099999999999845e-01
0.000000000000000000e+00
6.738300000000000400e-01
0.000000000000000000e+00
5.619399999999999951e-01
0.000000000000000000e+00
6.003899999999999793e-01
0.000000000000000000e+00
5.217399999999999816e-01
0.000000000000000000e+00
0.000000000000000000e+00
0.000000000000000000e+00
0.000000000000000000e+00
0.000000000000000000e+00
5.803399999999999670e-01
0.000000000000000000e+00
1.643000000000000016e+00
0.000000000000000000e+00
6.255199999999999649e-01
0.000000000000000000e+00
0.000000000000000000e+00
0.000000000000000000e+00
5.533099999999999685e-01
0.000000000000000000e+00
0.000000000000000000e+00
5.283799999999999608e-01
0.000000000000000000e+00
0.000000000000000000e+00
0.000000000000000000e+00
6.145800000000000152e-01
0.000000000000000000e+00
0.000000000000000000e+00
5.553799999999999848e-01
0.000000000000000000e+00
7.804499999999999771e-01
0.000000000000000000e+00
7.201300000000000479e-01
0.000000000000000000e+00
0.000000000000000000e+00
0.000000000000000000e+00
1.205410000000000093e+00
0.000000000000000000e+00
0.000000000000000000e+00
0.000000000000000000e+00
0.000000000000000000e+00
0.000000000000000000e+00
0.000000000000000000e+00
5.824500000000000233e-01
0.000000000000000000e+00
0.000000000000000000e+00
0.000000000000000000e+00
0.000000000000000000e+00
5.887700000000000156e-01
0.000000000000000000e+00
0.000000000000000000e+00
0.000000000000000000e+00
0.000000000000000000e+00
6.241700000000000026e-01
0.000000000000000000e+00
0.000000000000000000e+00
0.000000000000000000e+00
6.244399999999999951e-01
0.000000000000000000e+00
0.000000000000000000e+00
0.000000000000000000e+00
5.990600000000000369e-01
0.000000000000000000e+00
0.000000000000000000e+00
5.378500000000000503e-01
0.000000000000000000e+00
0.000000000000000000e+00
0.000000000000000000e+00
4.807100000000000262e-01
0.000000000000000000e+00
7.005200000000000315e-01
0.000000000000000000e+00
0.000000000000000000e+00
5.162400000000000322e-01
0.000000000000000000e+00
0.000000000000000000e+00
6.021100000000000341e-01
0.000000000000000000e+00
0.000000000000000000e+00
5.458899999999999864e-01
0.000000000000000000e+00
6.021999999999999575e-01
0.000000000000000000e+00
6.678399999999999892e-01
0.000000000000000000e+00
0.000000000000000000e+00
0.000000000000000000e+00
0.000000000000000000e+00
5.180299999999999905e-01
0.000000000000000000e+00
0.000000000000000000e+00
0.000000000000000000e+00
0.000000000000000000e+00
0.000000000000000000e+00
1.278869999999999951e+00
0.000000000000000000e+00
0.000000000000000000e+00
0.000000000000000000e+00
1.044370000000000021e+00
0.000000000000000000e+00
0.000000000000000000e+00
6.651599999999999735e-01
0.000000000000000000e+00
0.000000000000000000e+00
7.016200000000000214e-01
0.000000000000000000e+00
0.000000000000000000e+00
6.567499999999999449e-01
0.000000000000000000e+00
8.129499999999999504e-01
0.000000000000000000e+00
1.392949999999999910e+00
0.000000000000000000e+00
0.000000000000000000e+00
0.000000000000000000e+00
0.000000000000000000e+00
0.000000000000000000e+00
5.584900000000000420e-01
0.000000000000000000e+00
0.000000000000000000e+00
1.005830000000000002e+00
0.000000000000000000e+00
0.000000000000000000e+00
0.000000000000000000e+00
6.800800000000000178e-01
0.000000000000000000e+00
0.000000000000000000e+00
0.000000000000000000e+00
0.000000000000000000e+00
5.878400000000000292e-01
0.000000000000000000e+00
0.000000000000000000e+00
0.000000000000000000e+00
0.000000000000000000e+00
0.000000000000000000e+00
5.424600000000000533e-01
0.000000000000000000e+00
0.000000000000000000e+00
0.000000000000000000e+00
6.689599999999999991e-01
0.000000000000000000e+00
0.000000000000000000e+00
7.015000000000000124e-01
0.000000000000000000e+00
0.000000000000000000e+00
5.716999999999999860e-01
0.000000000000000000e+00
5.626999999999999780e-01
0.000000000000000000e+00
0.000000000000000000e+00
5.806400000000000450e-01
0.000000000000000000e+00
0.000000000000000000e+00
0.000000000000000000e+00
0.000000000000000000e+00
7.854499999999999815e-01
0.000000000000000000e+00
0.000000000000000000e+00
0.000000000000000000e+00
6.509399999999999631e-01
0.000000000000000000e+00
0.000000000000000000e+00
0.000000000000000000e+00
6.540300000000000002e-01
0.000000000000000000e+00
0.000000000000000000e+00
0.000000000000000000e+00
5.161099999999999577e-01
0.000000000000000000e+00
0.000000000000000000e+00
0.000000000000000000e+00
0.000000000000000000e+00
6.969100000000000295e-01
0.000000000000000000e+00
0.000000000000000000e+00
1.218250000000000055e+00
0.000000000000000000e+00
0.000000000000000000e+00
0.000000000000000000e+00
0.000000000000000000e+00
0.000000000000000000e+00
0.000000000000000000e+00
6.892300000000000093e-01
0.000000000000000000e+00
0.000000000000000000e+00
6.504999999999999671e-01
0.000000000000000000e+00
0.000000000000000000e+00
0.000000000000000000e+00
6.225699999999999568e-01
0.000000000000000000e+00
0.000000000000000000e+00
0.000000000000000000e+00
6.565999999999999615e-01
0.000000000000000000e+00
5.001900000000000235e-01
0.000000000000000000e+00
0.000000000000000000e+00
5.832300000000000262e-01
0.000000000000000000e+00
0.000000000000000000e+00
0.000000000000000000e+00
6.221900000000000208e-01
0.000000000000000000e+00
0.000000000000000000e+00
0.000000000000000000e+00
5.598100000000000298e-01
0.000000000000000000e+00
8.397200000000000220e-01
0.000000000000000000e+00
0.000000000000000000e+00
0.000000000000000000e+00
6.442299999999999693e-01
0.000000000000000000e+00
0.000000000000000000e+00
0.000000000000000000e+00
0.000000000000000000e+00
0.000000000000000000e+00
0.000000000000000000e+00
1.193400000000000016e+00
0.000000000000000000e+00
0.000000000000000000e+00
0.000000000000000000e+00
0.000000000000000000e+00
6.141199999999999992e-01
0.000000000000000000e+00
0.000000000000000000e+00
5.854500000000000259e-01
0.000000000000000000e+00
0.000000000000000000e+00
0.000000000000000000e+00
5.480199999999999516e-01
0.000000000000000000e+00
0.000000000000000000e+00
0.000000000000000000e+00
5.737100000000000533e-01
0.000000000000000000e+00
6.201900000000000190e-01
0.000000000000000000e+00
6.036700000000000399e-01
0.000000000000000000e+00
0.000000000000000000e+00
0.000000000000000000e+00
0.000000000000000000e+00
0.000000000000000000e+00
4.897599999999999731e-01
0.000000000000000000e+00
0.000000000000000000e+00
0.000000000000000000e+00
5.312599999999999545e-01
0.000000000000000000e+00
6.705499999999999794e-01
0.000000000000000000e+00
5.181200000000000250e-01
0.000000000000000000e+00
0.000000000000000000e+00
0.000000000000000000e+00
0.000000000000000000e+00
5.427999999999999492e-01
0.000000000000000000e+00
0.000000000000000000e+00
0.000000000000000000e+00
5.914199999999999458e-01
0.000000000000000000e+00
0.000000000000000000e+00
5.672500000000000320e-01
0.000000000000000000e+00
0.000000000000000000e+00
0.000000000000000000e+00
5.599100000000000188e-01
0.000000000000000000e+00
0.000000000000000000e+00
0.000000000000000000e+00
0.000000000000000000e+00
0.000000000000000000e+00
0.000000000000000000e+00
0.000000000000000000e+00
0.000000000000000000e+00
0.000000000000000000e+00
0.000000000000000000e+00
0.000000000000000000e+00
0.000000000000000000e+00
0.000000000000000000e+00
0.000000000000000000e+00
0.000000000000000000e+00
0.000000000000000000e+00
0.000000000000000000e+00
0.000000000000000000e+00
0.000000000000000000e+00
0.000000000000000000e+00
0.000000000000000000e+00
0.000000000000000000e+00
0.000000000000000000e+00
0.000000000000000000e+00
1.264380000000000059e+00
0.000000000000000000e+00
0.000000000000000000e+00
0.000000000000000000e+00
0.000000000000000000e+00
0.000000000000000000e+00
7.306700000000000417e-01
0.000000000000000000e+00
0.000000000000000000e+00
5.550599999999999978e-01
0.000000000000000000e+00
0.000000000000000000e+00
0.000000000000000000e+00
0.000000000000000000e+00
0.000000000000000000e+00
6.514699999999999935e-01
0.000000000000000000e+00
6.129999999999999893e-01
0.000000000000000000e+00
9.927300000000000013e-01
0.000000000000000000e+00
0.000000000000000000e+00
7.119100000000000428e-01
0.000000000000000000e+00
0.000000000000000000e+00
0.000000000000000000e+00
8.405799999999999939e-01
0.000000000000000000e+00
0.000000000000000000e+00
6.112300000000000511e-01
0.000000000000000000e+00
5.144300000000000539e-01
0.000000000000000000e+00
0.000000000000000000e+00
0.000000000000000000e+00
9.101200000000000401e-01
0.000000000000000000e+00
0.000000000000000000e+00
5.448899999999999855e-01
0.000000000000000000e+00
0.000000000000000000e+00
5.142499999999999849e-01
0.000000000000000000e+00
6.015200000000000546e-01
0.000000000000000000e+00
0.000000000000000000e+00
0.000000000000000000e+00
0.000000000000000000e+00
0.000000000000000000e+00
6.318700000000000427e-01
0.000000000000000000e+00
0.000000000000000000e+00
0.000000000000000000e+00
6.839699999999999669e-01
0.000000000000000000e+00
0.000000000000000000e+00
6.931199999999999584e-01
0.000000000000000000e+00
5.775799999999999823e-01
0.000000000000000000e+00
0.000000000000000000e+00
0.000000000000000000e+00
5.414900000000000269e-01
0.000000000000000000e+00
0.000000000000000000e+00
6.705600000000000449e-01
0.000000000000000000e+00
5.681100000000000039e-01
0.000000000000000000e+00
0.000000000000000000e+00
0.000000000000000000e+00
6.141600000000000392e-01
0.000000000000000000e+00
0.000000000000000000e+00
1.256569999999999965e+00
0.000000000000000000e+00
0.000000000000000000e+00
7.404199999999999671e-01
0.000000000000000000e+00
5.119500000000000162e-01
0.000000000000000000e+00
0.000000000000000000e+00
6.874000000000000110e-01
0.000000000000000000e+00
0.000000000000000000e+00
0.000000000000000000e+00
8.234299999999999953e-01
0.000000000000000000e+00
0.000000000000000000e+00
6.507399999999999851e-01
0.000000000000000000e+00
0.000000000000000000e+00
6.029200000000000115e-01
0.000000000000000000e+00
5.905500000000000194e-01
0.000000000000000000e+00
0.000000000000000000e+00
0.000000000000000000e+00
5.513000000000000123e-01
0.000000000000000000e+00
0.000000000000000000e+00
0.000000000000000000e+00
6.421400000000000441e-01
0.000000000000000000e+00
0.000000000000000000e+00
0.000000000000000000e+00
0.000000000000000000e+00
0.000000000000000000e+00
1.002780000000000005e+00
0.000000000000000000e+00
0.000000000000000000e+00
6.541400000000000547e-01
0.000000000000000000e+00
0.000000000000000000e+00
0.000000000000000000e+00
0.000000000000000000e+00
5.711100000000000065e-01
0.000000000000000000e+00
0.000000000000000000e+00
0.000000000000000000e+00
5.825500000000000123e-01
0.000000000000000000e+00
0.000000000000000000e+00
8.128100000000000325e-01
0.000000000000000000e+00
0.000000000000000000e+00
5.563099999999999712e-01
0.000000000000000000e+00
0.000000000000000000e+00
0.000000000000000000e+00
0.000000000000000000e+00
0.000000000000000000e+00
6.243699999999999806e-01
0.000000000000000000e+00
0.000000000000000000e+00
1.159629999999999939e+00
0.000000000000000000e+00
0.000000000000000000e+00
0.000000000000000000e+00
0.000000000000000000e+00
5.484799999999999676e-01
0.000000000000000000e+00
0.000000000000000000e+00
0.000000000000000000e+00
5.369399999999999729e-01
0.000000000000000000e+00
5.140599999999999614e-01
0.000000000000000000e+00
0.000000000000000000e+00
0.000000000000000000e+00
6.726900000000000102e-01
0.000000000000000000e+00
0.000000000000000000e+00
0.000000000000000000e+00
0.000000000000000000e+00
5.995899999999999563e-01
0.000000000000000000e+00
9.881199999999999983e-01
0.000000000000000000e+00
5.895599999999999730e-01
0.000000000000000000e+00
6.722599999999999687e-01
0.000000000000000000e+00
6.831300000000000150e-01
0.000000000000000000e+00
0.000000000000000000e+00
7.347200000000000397e-01
0.000000000000000000e+00
0.000000000000000000e+00
0.000000000000000000e+00
0.000000000000000000e+00
0.000000000000000000e+00
4.162799999999999834e-01
0.000000000000000000e+00
4.613399999999999723e-01
0.000000000000000000e+00
0.000000000000000000e+00
0.000000000000000000e+00
5.759699999999999820e-01
0.000000000000000000e+00
0.000000000000000000e+00
5.893500000000000405e-01
0.000000000000000000e+00
0.000000000000000000e+00
0.000000000000000000e+00
7.258200000000000207e-01
0.000000000000000000e+00
0.000000000000000000e+00
0.000000000000000000e+00
6.518100000000000005e-01
0.000000000000000000e+00
0.000000000000000000e+00
1.147599999999999953e+00
0.000000000000000000e+00
0.000000000000000000e+00
0.000000000000000000e+00
0.000000000000000000e+00
8.598500000000000032e-01
0.000000000000000000e+00
0.000000000000000000e+00
0.000000000000000000e+00
0.000000000000000000e+00
0.000000000000000000e+00
0.000000000000000000e+00
6.141299999999999537e-01
0.000000000000000000e+00
0.000000000000000000e+00
0.000000000000000000e+00
5.864599999999999813e-01
0.000000000000000000e+00
0.000000000000000000e+00
0.000000000000000000e+00
6.060499999999999776e-01
0.000000000000000000e+00
0.000000000000000000e+00
0.000000000000000000e+00
0.000000000000000000e+00
0.000000000000000000e+00
6.496600000000000152e-01
0.000000000000000000e+00
0.000000000000000000e+00
0.000000000000000000e+00
0.000000000000000000e+00
5.840100000000000291e-01
0.000000000000000000e+00
0.000000000000000000e+00
0.000000000000000000e+00
1.216599999999999904e+00
0.000000000000000000e+00
0.000000000000000000e+00
0.000000000000000000e+00
0.000000000000000000e+00
0.000000000000000000e+00
0.000000000000000000e+00
6.654400000000000315e-01
0.000000000000000000e+00
0.000000000000000000e+00
0.000000000000000000e+00
7.974900000000000322e-01
0.000000000000000000e+00
0.000000000000000000e+00
0.000000000000000000e+00
0.000000000000000000e+00
6.025399999999999645e-01
0.000000000000000000e+00
0.000000000000000000e+00
6.752399999999999514e-01
0.000000000000000000e+00
0.000000000000000000e+00
0.000000000000000000e+00
0.000000000000000000e+00
0.000000000000000000e+00
6.007900000000000462e-01
0.000000000000000000e+00
0.000000000000000000e+00
6.588399999999999812e-01
0.000000000000000000e+00
0.000000000000000000e+00
6.440900000000000514e-01
0.000000000000000000e+00
6.067299999999999915e-01
0.000000000000000000e+00
6.871699999999999475e-01
0.000000000000000000e+00
0.000000000000000000e+00
0.000000000000000000e+00
1.301320000000000032e+00
0.000000000000000000e+00
0.000000000000000000e+00
0.000000000000000000e+00
0.000000000000000000e+00
0.000000000000000000e+00
0.000000000000000000e+00
0.000000000000000000e+00
5.432700000000000307e-01
0.000000000000000000e+00
0.000000000000000000e+00
6.080200000000000049e-01
0.000000000000000000e+00
6.128700000000000259e-01
0.000000000000000000e+00
1.007600000000000051e+00
0.000000000000000000e+00
0.000000000000000000e+00
6.291900000000000270e-01
0.000000000000000000e+00
8.511600000000000277e-01
0.000000000000000000e+00
0.000000000000000000e+00
0.000000000000000000e+00
0.000000000000000000e+00
0.000000000000000000e+00
0.000000000000000000e+00
0.000000000000000000e+00
0.000000000000000000e+00
0.000000000000000000e+00
0.000000000000000000e+00
0.000000000000000000e+00
0.000000000000000000e+00
0.000000000000000000e+00
0.000000000000000000e+00
0.000000000000000000e+00
0.000000000000000000e+00
0.000000000000000000e+00
0.000000000000000000e+00
0.000000000000000000e+00
0.000000000000000000e+00
0.000000000000000000e+00
0.000000000000000000e+00
0.000000000000000000e+00
0.000000000000000000e+00
6.511400000000000521e-01
0.000000000000000000e+00
6.685499999999999776e-01
0.000000000000000000e+00
0.000000000000000000e+00
0.000000000000000000e+00
6.405999999999999472e-01
0.000000000000000000e+00
0.000000000000000000e+00
0.000000000000000000e+00
0.000000000000000000e+00
5.631500000000000394e-01
0.000000000000000000e+00
0.000000000000000000e+00
7.008499999999999730e-01
0.000000000000000000e+00
0.000000000000000000e+00
0.000000000000000000e+00
0.000000000000000000e+00
5.821600000000000108e-01
0.000000000000000000e+00
7.301499999999999657e-01
0.000000000000000000e+00
1.220159999999999911e+00
0.000000000000000000e+00
0.000000000000000000e+00
6.964399999999999480e-01
0.000000000000000000e+00
6.571200000000000374e-01
0.000000000000000000e+00
0.000000000000000000e+00
6.142300000000000537e-01
0.000000000000000000e+00
1.493400000000000061e+00
0.000000000000000000e+00
0.000000000000000000e+00
5.805099999999999705e-01
0.000000000000000000e+00
0.000000000000000000e+00
6.059900000000000286e-01
0.000000000000000000e+00
0.000000000000000000e+00
0.000000000000000000e+00
0.000000000000000000e+00
9.958399999999999475e-01
0.000000000000000000e+00
0.000000000000000000e+00
5.562399999999999567e-01
0.000000000000000000e+00
0.000000000000000000e+00
0.000000000000000000e+00
5.559600000000000097e-01
0.000000000000000000e+00
0.000000000000000000e+00
1.583110000000000017e+00
0.000000000000000000e+00
6.675900000000000167e-01
0.000000000000000000e+00
0.000000000000000000e+00
0.000000000000000000e+00
1.021640000000000104e+00
0.000000000000000000e+00
0.000000000000000000e+00
0.000000000000000000e+00
1.178779999999999939e+00
0.000000000000000000e+00
6.605199999999999960e-01
0.000000000000000000e+00
0.000000000000000000e+00
5.952600000000000113e-01
0.000000000000000000e+00
0.000000000000000000e+00
0.000000000000000000e+00
6.409099999999999797e-01
0.000000000000000000e+00
0.000000000000000000e+00
6.417500000000000426e-01
0.000000000000000000e+00
5.940900000000000070e-01
0.000000000000000000e+00
0.000000000000000000e+00
0.000000000000000000e+00
0.000000000000000000e+00
0.000000000000000000e+00
5.532200000000000450e-01
0.000000000000000000e+00
0.000000000000000000e+00
0.000000000000000000e+00
0.000000000000000000e+00
5.302000000000000046e-01
0.000000000000000000e+00
0.000000000000000000e+00
5.738400000000000167e-01
0.000000000000000000e+00
0.000000000000000000e+00
6.293199999999999905e-01
0.000000000000000000e+00
0.000000000000000000e+00
0.000000000000000000e+00
5.402500000000000080e-01
0.000000000000000000e+00
6.233300000000000507e-01
0.000000000000000000e+00
0.000000000000000000e+00
7.086900000000000421e-01
0.000000000000000000e+00
0.000000000000000000e+00
0.000000000000000000e+00
6.403499999999999748e-01
0.000000000000000000e+00
1.022809999999999997e+00
0.000000000000000000e+00
6.463799999999999546e-01
0.000000000000000000e+00
8.948500000000000343e-01
0.000000000000000000e+00
0.000000000000000000e+00
0.000000000000000000e+00
0.000000000000000000e+00
0.000000000000000000e+00
5.674700000000000299e-01
0.000000000000000000e+00
0.000000000000000000e+00
0.000000000000000000e+00
7.191499999999999559e-01
0.000000000000000000e+00
0.000000000000000000e+00
0.000000000000000000e+00
0.000000000000000000e+00
5.363099999999999534e-01
0.000000000000000000e+00
0.000000000000000000e+00
0.000000000000000000e+00
5.349199999999999511e-01
0.000000000000000000e+00
0.000000000000000000e+00
6.148700000000000276e-01
0.000000000000000000e+00
5.838299999999999601e-01
0.000000000000000000e+00
0.000000000000000000e+00
5.288599999999999968e-01
0.000000000000000000e+00
7.603799999999999448e-01
0.000000000000000000e+00
0.000000000000000000e+00
0.000000000000000000e+00
7.134700000000000486e-01
0.000000000000000000e+00
0.000000000000000000e+00
0.000000000000000000e+00
0.000000000000000000e+00
5.278399999999999759e-01
0.000000000000000000e+00
0.000000000000000000e+00
0.000000000000000000e+00
0.000000000000000000e+00
6.596499999999999586e-01
0.000000000000000000e+00
0.000000000000000000e+00
0.000000000000000000e+00
0.000000000000000000e+00
0.000000000000000000e+00
6.512099999999999556e-01
0.000000000000000000e+00
6.087500000000000133e-01
0.000000000000000000e+00
1.337329999999999908e+00
0.000000000000000000e+00
0.000000000000000000e+00
6.196199999999999486e-01
0.000000000000000000e+00
0.000000000000000000e+00
0.000000000000000000e+00
1.372670000000000057e+00
0.000000000000000000e+00
9.002000000000000002e-01
0.000000000000000000e+00
0.000000000000000000e+00
0.000000000000000000e+00
6.482900000000000329e-01
0.000000000000000000e+00
0.000000000000000000e+00
5.331500000000000128e-01
0.000000000000000000e+00
0.000000000000000000e+00
0.000000000000000000e+00
5.648800000000000487e-01
0.000000000000000000e+00
6.217700000000000449e-01
0.000000000000000000e+00
6.442600000000000549e-01
0.000000000000000000e+00
5.634099999999999664e-01
0.000000000000000000e+00
0.000000000000000000e+00
0.000000000000000000e+00
0.000000000000000000e+00
8.182599999999999874e-01
0.000000000000000000e+00
1.111690000000000067e+00
0.000000000000000000e+00
6.023699999999999610e-01
0.000000000000000000e+00
0.000000000000000000e+00
0.000000000000000000e+00
6.884500000000000064e-01
0.000000000000000000e+00
0.000000000000000000e+00
0.000000000000000000e+00
0.000000000000000000e+00
0.000000000000000000e+00
5.925899999999999501e-01
0.000000000000000000e+00
0.000000000000000000e+00
0.000000000000000000e+00
0.000000000000000000e+00
6.263999999999999568e-01
0.000000000000000000e+00
0.000000000000000000e+00
9.156600000000000295e-01
0.000000000000000000e+00
5.995899999999999563e-01
0.000000000000000000e+00
0.000000000000000000e+00
0.000000000000000000e+00
7.192399999999999904e-01
0.000000000000000000e+00
9.446999999999999842e-01
0.000000000000000000e+00
0.000000000000000000e+00
1.033749999999999947e+00
0.000000000000000000e+00
0.000000000000000000e+00
0.000000000000000000e+00
0.000000000000000000e+00
0.000000000000000000e+00
0.000000000000000000e+00
5.480099999999999971e-01
0.000000000000000000e+00
0.000000000000000000e+00
5.014899999999999913e-01
0.000000000000000000e+00
5.010299999999999754e-01
0.000000000000000000e+00
0.000000000000000000e+00
0.000000000000000000e+00
6.695799999999999530e-01
0.000000000000000000e+00
8.236200000000000188e-01
0.000000000000000000e+00
5.167599999999999971e-01
0.000000000000000000e+00
0.000000000000000000e+00
0.000000000000000000e+00
5.127599999999999936e-01
0.000000000000000000e+00
0.000000000000000000e+00
0.000000000000000000e+00
0.000000000000000000e+00
6.964700000000000335e-01
0.000000000000000000e+00
5.901300000000000434e-01
0.000000000000000000e+00
0.000000000000000000e+00
0.000000000000000000e+00
0.000000000000000000e+00
0.000000000000000000e+00
0.000000000000000000e+00
0.000000000000000000e+00
0.000000000000000000e+00
0.000000000000000000e+00
0.000000000000000000e+00
0.000000000000000000e+00
0.000000000000000000e+00
0.000000000000000000e+00
0.000000000000000000e+00
0.000000000000000000e+00
0.000000000000000000e+00
0.000000000000000000e+00
0.000000000000000000e+00
0.000000000000000000e+00
0.000000000000000000e+00
0.000000000000000000e+00
0.000000000000000000e+00
4.940499999999999892e-01
0.000000000000000000e+00
0.000000000000000000e+00
0.000000000000000000e+00
6.590000000000000302e-01
0.000000000000000000e+00
0.000000000000000000e+00
0.000000000000000000e+00
5.388399999999999856e-01
0.000000000000000000e+00
0.000000000000000000e+00
0.000000000000000000e+00
0.000000000000000000e+00
5.650800000000000267e-01
0.000000000000000000e+00
0.000000000000000000e+00
0.000000000000000000e+00
5.710899999999999865e-01
0.000000000000000000e+00
5.204800000000000537e-01
0.000000000000000000e+00
0.000000000000000000e+00
0.000000000000000000e+00
5.101299999999999724e-01
0.000000000000000000e+00
0.000000000000000000e+00
7.846899999999999986e-01
0.000000000000000000e+00
4.776900000000000035e-01
0.000000000000000000e+00
0.000000000000000000e+00
5.564700000000000202e-01
0.000000000000000000e+00
0.000000000000000000e+00
0.000000000000000000e+00
5.144900000000000029e-01
0.000000000000000000e+00
5.121999999999999886e-01
0.000000000000000000e+00
4.990399999999999836e-01
0.000000000000000000e+00
6.074699999999999545e-01
0.000000000000000000e+00
0.000000000000000000e+00
4.984199999999999742e-01
0.000000000000000000e+00
0.000000000000000000e+00
5.497600000000000264e-01
0.000000000000000000e+00
0.000000000000000000e+00
5.631000000000000449e-01
0.000000000000000000e+00
0.000000000000000000e+00
0.000000000000000000e+00
6.160499999999999865e-01
0.000000000000000000e+00
6.256300000000000194e-01
0.000000000000000000e+00
0.000000000000000000e+00
0.000000000000000000e+00
6.303900000000000059e-01
0.000000000000000000e+00
0.000000000000000000e+00
0.000000000000000000e+00
0.000000000000000000e+00
7.637899999999999689e-01
0.000000000000000000e+00
8.480799999999999450e-01
0.000000000000000000e+00
0.000000000000000000e+00
0.000000000000000000e+00
7.156700000000000284e-01
0.000000000000000000e+00
0.000000000000000000e+00
6.950600000000000112e-01
0.000000000000000000e+00
0.000000000000000000e+00
0.000000000000000000e+00
0.000000000000000000e+00
0.000000000000000000e+00
5.573900000000000521e-01
0.000000000000000000e+00
5.998499999999999943e-01
0.000000000000000000e+00
0.000000000000000000e+00
0.000000000000000000e+00
6.179700000000000193e-01
0.000000000000000000e+00
0.000000000000000000e+00
0.000000000000000000e+00
0.000000000000000000e+00
6.696299999999999475e-01
0.000000000000000000e+00
0.000000000000000000e+00
1.409690000000000110e+00
0.000000000000000000e+00
0.000000000000000000e+00
8.278400000000000203e-01
0.000000000000000000e+00
0.000000000000000000e+00
0.000000000000000000e+00
5.528699999999999726e-01
0.000000000000000000e+00
0.000000000000000000e+00
1.217340000000000089e+00
0.000000000000000000e+00
0.000000000000000000e+00
6.115099999999999980e-01
0.000000000000000000e+00
0.000000000000000000e+00
0.000000000000000000e+00
5.700499999999999456e-01
0.000000000000000000e+00
6.358500000000000263e-01
0.000000000000000000e+00
7.323499999999999455e-01
0.000000000000000000e+00
0.000000000000000000e+00
0.000000000000000000e+00
0.000000000000000000e+00
5.557499999999999662e-01
0.000000000000000000e+00
0.000000000000000000e+00
5.664599999999999635e-01
0.000000000000000000e+00
0.000000000000000000e+00
0.000000000000000000e+00
5.168700000000000516e-01
0.000000000000000000e+00
0.000000000000000000e+00
0.000000000000000000e+00
7.484499999999999487e-01
0.000000000000000000e+00
8.308200000000000029e-01
0.000000000000000000e+00
0.000000000000000000e+00
0.000000000000000000e+00
0.000000000000000000e+00
4.873899999999999899e-01
0.000000000000000000e+00
0.000000000000000000e+00
5.037099999999999911e-01
0.000000000000000000e+00
0.000000000000000000e+00
6.557699999999999640e-01
0.000000000000000000e+00
0.000000000000000000e+00
0.000000000000000000e+00
5.900600000000000289e-01
0.000000000000000000e+00
0.000000000000000000e+00
1.053460000000000063e+00
0.000000000000000000e+00
6.365699999999999692e-01
0.000000000000000000e+00
0.000000000000000000e+00
0.000000000000000000e+00
6.100900000000000212e-01
0.000000000000000000e+00
0.000000000000000000e+00
5.978700000000000125e-01
0.000000000000000000e+00
0.000000000000000000e+00
0.000000000000000000e+00
7.728800000000000114e-01
0.000000000000000000e+00
0.000000000000000000e+00
0.000000000000000000e+00
6.286599999999999966e-01
0.000000000000000000e+00
0.000000000000000000e+00
6.049099999999999477e-01
0.000000000000000000e+00
0.000000000000000000e+00
0.000000000000000000e+00
0.000000000000000000e+00
0.000000000000000000e+00
0.000000000000000000e+00
0.000000000000000000e+00
6.470500000000000140e-01
0.000000000000000000e+00
0.000000000000000000e+00
0.000000000000000000e+00
5.487900000000000000e-01
0.000000000000000000e+00
0.000000000000000000e+00
0.000000000000000000e+00
0.000000000000000000e+00
0.000000000000000000e+00
5.788699999999999957e-01
0.000000000000000000e+00
0.000000000000000000e+00
1.933710000000000040e+00
0.000000000000000000e+00
1.594219999999999970e+00
0.000000000000000000e+00
0.000000000000000000e+00
5.510800000000000143e-01
0.000000000000000000e+00
0.000000000000000000e+00
0.000000000000000000e+00
0.000000000000000000e+00
0.000000000000000000e+00
1.077530000000000099e+00
0.000000000000000000e+00
0.000000000000000000e+00
0.000000000000000000e+00
0.000000000000000000e+00
5.098899999999999544e-01
0.000000000000000000e+00
8.659799999999999720e-01
0.000000000000000000e+00
0.000000000000000000e+00
0.000000000000000000e+00
0.000000000000000000e+00
5.236699999999999688e-01
0.000000000000000000e+00
0.000000000000000000e+00
0.000000000000000000e+00
0.000000000000000000e+00
0.000000000000000000e+00
5.015300000000000313e-01
0.000000000000000000e+00
0.000000000000000000e+00
5.438899999999999846e-01
0.000000000000000000e+00
0.000000000000000000e+00
4.717100000000000182e-01
0.000000000000000000e+00
0.000000000000000000e+00
1.136430000000000051e+00
0.000000000000000000e+00
0.000000000000000000e+00
1.185210000000000097e+00
0.000000000000000000e+00
0.000000000000000000e+00
0.000000000000000000e+00
6.328099999999999836e-01
0.000000000000000000e+00
0.000000000000000000e+00
9.427100000000000479e-01
0.000000000000000000e+00
5.473900000000000432e-01
0.000000000000000000e+00
0.000000000000000000e+00
5.705700000000000216e-01
0.000000000000000000e+00
0.000000000000000000e+00
7.945100000000000495e-01
0.000000000000000000e+00
0.000000000000000000e+00
5.111900000000000333e-01
0.000000000000000000e+00
0.000000000000000000e+00
0.000000000000000000e+00
6.976400000000000379e-01
0.000000000000000000e+00
0.000000000000000000e+00
0.000000000000000000e+00
8.137299999999999534e-01
0.000000000000000000e+00
6.706800000000000539e-01
0.000000000000000000e+00
0.000000000000000000e+00
5.153799999999999493e-01
0.000000000000000000e+00
0.000000000000000000e+00
6.644900000000000251e-01
0.000000000000000000e+00
0.000000000000000000e+00
0.000000000000000000e+00
0.000000000000000000e+00
0.000000000000000000e+00
1.611900000000000110e+00
0.000000000000000000e+00
0.000000000000000000e+00
6.644400000000000306e-01
0.000000000000000000e+00
0.000000000000000000e+00
0.000000000000000000e+00
0.000000000000000000e+00
0.000000000000000000e+00
0.000000000000000000e+00
0.000000000000000000e+00
0.000000000000000000e+00
0.000000000000000000e+00
0.000000000000000000e+00
0.000000000000000000e+00
0.000000000000000000e+00
0.000000000000000000e+00
0.000000000000000000e+00
0.000000000000000000e+00
0.000000000000000000e+00
0.000000000000000000e+00
0.000000000000000000e+00
0.000000000000000000e+00
0.000000000000000000e+00
0.000000000000000000e+00
0.000000000000000000e+00
6.032699999999999729e-01
0.000000000000000000e+00
0.000000000000000000e+00
6.338000000000000300e-01
0.000000000000000000e+00
0.000000000000000000e+00
8.221899999999999764e-01
0.000000000000000000e+00
0.000000000000000000e+00
6.411200000000000232e-01
0.000000000000000000e+00
6.535900000000000043e-01
0.000000000000000000e+00
5.320899999999999519e-01
0.000000000000000000e+00
0.000000000000000000e+00
5.905799999999999939e-01
0.000000000000000000e+00
5.930100000000000371e-01
0.000000000000000000e+00
0.000000000000000000e+00
7.926999999999999602e-01
0.000000000000000000e+00
0.000000000000000000e+00
7.015000000000000124e-01
0.000000000000000000e+00
0.000000000000000000e+00
9.749100000000000543e-01
0.000000000000000000e+00
0.000000000000000000e+00
0.000000000000000000e+00
0.000000000000000000e+00
5.764299999999999979e-01
0.000000000000000000e+00
0.000000000000000000e+00
0.000000000000000000e+00
8.227100000000000524e-01
0.000000000000000000e+00
6.778100000000000236e-01
0.000000000000000000e+00
0.000000000000000000e+00
5.668299999999999450e-01
0.000000000000000000e+00
7.672400000000000331e-01
0.000000000000000000e+00
0.000000000000000000e+00
5.855900000000000549e-01
0.000000000000000000e+00
0.000000000000000000e+00
0.000000000000000000e+00
6.382799999999999585e-01
0.000000000000000000e+00
0.000000000000000000e+00
6.869899999999999896e-01
0.000000000000000000e+00
8.835699999999999665e-01
0.000000000000000000e+00
1.045150000000000023e+00
0.000000000000000000e+00
0.000000000000000000e+00
0.000000000000000000e+00
6.620800000000000018e-01
0.000000000000000000e+00
0.000000000000000000e+00
0.000000000000000000e+00
7.179200000000000026e-01
0.000000000000000000e+00
6.073800000000000310e-01
0.000000000000000000e+00
0.000000000000000000e+00
0.000000000000000000e+00
0.000000000000000000e+00
0.000000000000000000e+00
6.258700000000000374e-01
0.000000000000000000e+00
0.000000000000000000e+00
5.273999999999999799e-01
0.000000000000000000e+00
0.000000000000000000e+00
0.000000000000000000e+00
0.000000000000000000e+00
0.000000000000000000e+00
6.014500000000000401e-01
0.000000000000000000e+00
0.000000000000000000e+00
6.651099999999999790e-01
0.000000000000000000e+00
0.000000000000000000e+00
6.808899999999999952e-01
0.000000000000000000e+00
0.000000000000000000e+00
0.000000000000000000e+00
0.000000000000000000e+00
0.000000000000000000e+00
6.011400000000000077e-01
0.000000000000000000e+00
0.000000000000000000e+00
6.898100000000000342e-01
0.000000000000000000e+00
0.000000000000000000e+00
5.735200000000000298e-01
0.000000000000000000e+00
0.000000000000000000e+00
0.000000000000000000e+00
0.000000000000000000e+00
7.080300000000000482e-01
0.000000000000000000e+00
0.000000000000000000e+00
5.589899999999999869e-01
0.000000000000000000e+00
0.000000000000000000e+00
5.422200000000000353e-01
0.000000000000000000e+00
0.000000000000000000e+00
5.748499999999999721e-01
0.000000000000000000e+00
0.000000000000000000e+00
0.000000000000000000e+00
0.000000000000000000e+00
0.000000000000000000e+00
0.000000000000000000e+00
0.000000000000000000e+00
6.662900000000000489e-01
0.000000000000000000e+00
0.000000000000000000e+00
5.110500000000000043e-01
0.000000000000000000e+00
5.160400000000000542e-01
0.000000000000000000e+00
0.000000000000000000e+00
5.214199999999999946e-01
0.000000000000000000e+00
0.000000000000000000e+00
0.000000000000000000e+00
0.000000000000000000e+00
1.141359999999999930e+00
0.000000000000000000e+00
0.000000000000000000e+00
0.000000000000000000e+00
5.458399999999999919e-01
0.000000000000000000e+00
6.444100000000000383e-01
0.000000000000000000e+00
0.000000000000000000e+00
1.367799999999999905e+00
0.000000000000000000e+00
0.000000000000000000e+00
6.179799999999999738e-01
0.000000000000000000e+00
0.000000000000000000e+00
0.000000000000000000e+00
9.039500000000000313e-01
0.000000000000000000e+00
6.925499999999999989e-01
0.000000000000000000e+00
5.783700000000000507e-01
0.000000000000000000e+00
0.000000000000000000e+00
0.000000000000000000e+00
5.592399999999999594e-01
0.000000000000000000e+00
6.364199999999999857e-01
0.000000000000000000e+00
5.887599999999999500e-01
0.000000000000000000e+00
0.000000000000000000e+00
5.600800000000000223e-01
0.000000000000000000e+00
0.000000000000000000e+00
0.000000000000000000e+00
5.871899999999999897e-01
0.000000000000000000e+00
0.000000000000000000e+00
0.000000000000000000e+00
9.034499999999999753e-01
0.000000000000000000e+00
0.000000000000000000e+00
6.011100000000000332e-01
0.000000000000000000e+00
0.000000000000000000e+00
9.695000000000000284e-01
0.000000000000000000e+00
0.000000000000000000e+00
7.147999999999999909e-01
0.000000000000000000e+00
6.999800000000000466e-01
0.000000000000000000e+00
0.000000000000000000e+00
6.845400000000000373e-01
0.000000000000000000e+00
0.000000000000000000e+00
0.000000000000000000e+00
5.727999999999999758e-01
0.000000000000000000e+00
0.000000000000000000e+00
4.915800000000000169e-01
0.000000000000000000e+00
0.000000000000000000e+00
0.000000000000000000e+00
5.356100000000000305e-01
0.000000000000000000e+00
5.881899999999999906e-01
0.000000000000000000e+00
0.000000000000000000e+00
0.000000000000000000e+00
0.000000000000000000e+00
0.000000000000000000e+00
7.348099999999999632e-01
0.000000000000000000e+00
0.000000000000000000e+00
0.000000000000000000e+00
6.114199999999999635e-01
0.000000000000000000e+00
0.000000000000000000e+00
7.407799999999999940e-01
0.000000000000000000e+00
0.000000000000000000e+00
0.000000000000000000e+00
0.000000000000000000e+00
5.735400000000000498e-01
0.000000000000000000e+00
6.252900000000000125e-01
0.000000000000000000e+00
0.000000000000000000e+00
0.000000000000000000e+00
0.000000000000000000e+00
5.870999999999999552e-01
0.000000000000000000e+00
0.000000000000000000e+00
0.000000000000000000e+00
5.895500000000000185e-01
0.000000000000000000e+00
5.669899999999999940e-01
0.000000000000000000e+00
0.000000000000000000e+00
0.000000000000000000e+00
5.630800000000000249e-01
0.000000000000000000e+00
0.000000000000000000e+00
0.000000000000000000e+00
0.000000000000000000e+00
0.000000000000000000e+00
0.000000000000000000e+00
6.336500000000000465e-01
0.000000000000000000e+00
0.000000000000000000e+00
0.000000000000000000e+00
5.131799999999999695e-01
0.000000000000000000e+00
0.000000000000000000e+00
0.000000000000000000e+00
5.764000000000000234e-01
0.000000000000000000e+00
0.000000000000000000e+00
5.945799999999999974e-01
0.000000000000000000e+00
6.570599999999999774e-01
0.000000000000000000e+00
0.000000000000000000e+00
0.000000000000000000e+00
0.000000000000000000e+00
0.000000000000000000e+00
0.000000000000000000e+00
5.201500000000000012e-01
0.000000000000000000e+00
0.000000000000000000e+00
0.000000000000000000e+00
0.000000000000000000e+00
0.000000000000000000e+00
6.347099999999999964e-01
0.000000000000000000e+00
0.000000000000000000e+00
0.000000000000000000e+00
0.000000000000000000e+00
0.000000000000000000e+00
7.077400000000000357e-01
0.000000000000000000e+00
0.000000000000000000e+00
0.000000000000000000e+00
0.000000000000000000e+00
0.000000000000000000e+00
0.000000000000000000e+00
0.000000000000000000e+00
0.000000000000000000e+00
0.000000000000000000e+00
0.000000000000000000e+00
0.000000000000000000e+00
