0.000000000000000000e+00
0.000000000000000000e+00
0.000000000000000000e+00
0.000000000000000000e+00
0.000000000000000000e+00
0.000000000000000000e+00
0.000000000000000000e+00
0.000000000000000000e+00
0.000000000000000000e+00
0.000000000000000000e+00
6.873099999999999765e-01
0.000000000000000000e+00
5.546400000000000219e-01
0.000000000000000000e+00
0.000000000000000000e+00
3.947300000000000253e-01
0.000000000000000000e+00
0.000000000000000000e+00
7.068100000000000493e-01
0.000000000000000000e+00
5.954599999999999893e-01
0.000000000000000000e+00
0.000000000000000000e+00
0.000000000000000000e+00
6.183899999999999952e-01
0.000000000000000000e+00
0.000000000000000000e+00
0.000000000000000000e+00
6.674799999999999622e-01
0.000000000000000000e+00
0.000000000000000000e+00
3.848500000000000254e-01
0.000000000000000000e+00
0.000000000000000000e+00
0.000000000000000000e+00
3.798400000000000110e-01
0.000000000000000000e+00
4.831199999999999939e-01
0.000000000000000000e+00
0.000000000000000000e+00
1.367429999999999923e+00
0.000000000000000000e+00
5.447899999999999965e-01
0.000000000000000000e+00
4.973600000000000243e-01
0.000000000000000000e+00
0.000000000000000000e+00
0.000000000000000000e+00
0.000000000000000000e+00
4.106400000000000050e-01
0.000000000000000000e+00
0.000000000000000000e+00
0.000000000000000000e+00
5.453700000000000214e-01
0.000000000000000000e+00
5.009299999999999864e-01
0.000000000000000000e+00
0.000000000000000000e+00
4.226300000000000057e-01
0.000000000000000000e+00
0.000000000000000000e+00
0.000000000000000000e+00
4.482999999999999763e-01
0.000000000000000000e+00
0.000000000000000000e+00
0.000000000000000000e+00
4.868199999999999750e-01
0.000000000000000000e+00
0.000000000000000000e+00
0.000000000000000000e+00
0.000000000000000000e+00
0.000000000000000000e+00
0.000000000000000000e+00
9.307800000000000518e-01
0.000000000000000000e+00
0.000000000000000000e+00
0.000000000000000000e+00
5.178599999999999870e-01
0.000000000000000000e+00
0.000000000000000000e+00
0.000000000000000000e+00
4.344299999999999828e-01
0.000000000000000000e+00
0.000000000000000000e+00
4.251699999999999924e-01
0.000000000000000000e+00
4.957900000000000085e-01
0.000000000000000000e+00
0.000000000000000000e+00
0.000000000000000000e+00
4.928799999999999848e-01
0.000000000000000000e+00
0.000000000000000000e+00
0.000000000000000000e+00
0.000000000000000000e+00
4.963600000000000234e-01
0.000000000000000000e+00
0.000000000000000000e+00
0.000000000000000000e+00
0.000000000000000000e+00
0.000000000000000000e+00
6.337699999999999445e-01
0.000000000000000000e+00
0.000000000000000000e+00
0.000000000000000000e+00
0.000000000000000000e+00
4.678899999999999726e-01
0.000000000000000000e+00
0.000000000000000000e+00
0.000000000000000000e+00
0.000000000000000000e+00
7.380200000000000093e-01
0.000000000000000000e+00
6.616199999999999859e-01
0.000000000000000000e+00
5.672199999999999465e-01
0.000000000000000000e+00
0.000000000000000000e+00
0.000000000000000000e+00
9.731100000000000305e-01
0.000000000000000000e+00
0.000000000000000000e+00
5.059200000000000363e-01
0.000000000000000000e+00
0.000000000000000000e+00
0.000000000000000000e+00
5.795799999999999841e-01
0.000000000000000000e+00
0.000000000000000000e+00
8.783900000000000041e-01
0.000000000000000000e+00
0.000000000000000000e+00
0.000000000000000000e+00
4.620900000000000007e-01
0.000000000000000000e+00
0.000000000000000000e+00
6.787800000000000500e-01
0.000000000000000000e+00
0.000000000000000000e+00
0.000000000000000000e+00
6.148500000000000076e-01
0.000000000000000000e+00
0.000000000000000000e+00
0.000000000000000000e+00
0.000000000000000000e+00
5.818200000000000038e-01
0.000000000000000000e+00
0.000000000000000000e+00
0.000000000000000000e+00
5.443999999999999950e-01
0.000000000000000000e+00
0.000000000000000000e+00
0.000000000000000000e+00
5.670600000000000085e-01
0.000000000000000000e+00
0.000000000000000000e+00
0.000000000000000000e+00
0.000000000000000000e+00
4.607200000000000184e-01
0.000000000000000000e+00
0.000000000000000000e+00
6.852500000000000258e-01
0.000000000000000000e+00
0.000000000000000000e+00
0.000000000000000000e+00
0.000000000000000000e+00
5.350399999999999601e-01
0.000000000000000000e+00
0.000000000000000000e+00
0.000000000000000000e+00
4.816300000000000026e-01
0.000000000000000000e+00
1.313609999999999944e+00
0.000000000000000000e+00
0.000000000000000000e+00
0.000000000000000000e+00
3.466799999999999882e-01
0.000000000000000000e+00
0.000000000000000000e+00
8.955800000000000427e-01
0.000000000000000000e+00
0.000000000000000000e+00
1.270990000000000064e+00
0.000000000000000000e+00
0.000000000000000000e+00
4.095900000000000096e-01
0.000000000000000000e+00
0.000000000000000000e+00
0.000000000000000000e+00
5.151799999999999713e-01
0.000000000000000000e+00
0.000000000000000000e+00
0.000000000000000000e+00
5.593700000000000339e-01
0.000000000000000000e+00
0.000000000000000000e+00
0.000000000000000000e+00
0.000000000000000000e+00
7.876400000000000068e-01
0.000000000000000000e+00
5.077199999999999491e-01
0.000000000000000000e+00
0.000000000000000000e+00
5.876400000000000512e-01
0.000000000000000000e+00
1.028750000000000053e+00
0.000000000000000000e+00
0.000000000000000000e+00
0.000000000000000000e+00
0.000000000000000000e+00
0.000000000000000000e+00
0.000000000000000000e+00
7.958499999999999464e-01
0.000000000000000000e+00
0.000000000000000000e+00
0.000000000000000000e+00
0.000000000000000000e+00
1.024839999999999973e+00
0.000000000000000000e+00
0.000000000000000000e+00
0.000000000000000000e+00
0.000000000000000000e+00
8.421999999999999487e-01
0.000000000000000000e+00
0.000000000000000000e+00
0.000000000000000000e+00
6.127500000000000169e-01
0.000000000000000000e+00
0.000000000000000000e+00
6.859899999999999887e-01
0.000000000000000000e+00
6.745299999999999629e-01
0.000000000000000000e+00
0.000000000000000000e+00
0.000000000000000000e+00
0.000000000000000000e+00
0.000000000000000000e+00
0.000000000000000000e+00
0.000000000000000000e+00
5.452799999999999869e-01
0.000000000000000000e+00
0.000000000000000000e+00
5.516199999999999992e-01
0.000000000000000000e+00
0.000000000000000000e+00
6.203699999999999770e-01
0.000000000000000000e+00
0.000000000000000000e+00
6.458399999999999697e-01
0.000000000000000000e+00
7.439200000000000257e-01
0.000000000000000000e+00
0.000000000000000000e+00
0.000000000000000000e+00
4.425000000000000044e-01
0.000000000000000000e+00
0.000000000000000000e+00
0.000000000000000000e+00
0.000000000000000000e+00
4.726000000000000201e-01
0.000000000000000000e+00
0.000000000000000000e+00
0.000000000000000000e+00
4.838399999999999923e-01
0.000000000000000000e+00
0.000000000000000000e+00
4.941800000000000082e-01
0.000000000000000000e+00
0.000000000000000000e+00
4.511399999999999855e-01
0.000000000000000000e+00
0.000000000000000000e+00
1.933529999999999971e+00
0.000000000000000000e+00
0.000000000000000000e+00
0.000000000000000000e+00
0.000000000000000000e+00
5.332200000000000273e-01
0.000000000000000000e+00
0.000000000000000000e+00
4.649599999999999844e-01
0.000000000000000000e+00
0.000000000000000000e+00
0.000000000000000000e+00
1.107189999999999896e+00
0.000000000000000000e+00
0.000000000000000000e+00
5.050000000000000044e-01
0.000000000000000000e+00
0.000000000000000000e+00
0.000000000000000000e+00
0.000000000000000000e+00
4.687399999999999900e-01
0.000000000000000000e+00
0.000000000000000000e+00
0.000000000000000000e+00
0.000000000000000000e+00
0.000000000000000000e+00
5.594299999999999828e-01
0.000000000000000000e+00
7.797899999999999832e-01
0.000000000000000000e+00
0.000000000000000000e+00
0.000000000000000000e+00
0.000000000000000000e+00
0.000000000000000000e+00
0.000000000000000000e+00
0.000000000000000000e+00
0.000000000000000000e+00
0.000000000000000000e+00
0.000000000000000000e+00
0.000000000000000000e+00
0.000000000000000000e+00
0.000000000000000000e+00
0.000000000000000000e+00
0.000000000000000000e+00
0.000000000000000000e+00
0.000000000000000000e+00
0.000000000000000000e+00
0.000000000000000000e+00
0.000000000000000000e+00
0.000000000000000000e+00
0.000000000000000000e+00
0.000000000000000000e+00
0.000000000000000000e+00
0.000000000000000000e+00
0.000000000000000000e+00
7.389000000000000012e-01
0.000000000000000000e+00
0.000000000000000000e+00
6.717600000000000238e-01
0.000000000000000000e+00
1.459189999999999987e+00
0.000000000000000000e+00
0.000000000000000000e+00
0.000000000000000000e+00
0.000000000000000000e+00
5.055699999999999639e-01
0.000000000000000000e+00
6.096899999999999542e-01
0.000000000000000000e+00
0.000000000000000000e+00
5.482500000000000151e-01
0.000000000000000000e+00
0.000000000000000000e+00
0.000000000000000000e+00
8.189999999999999503e-01
0.000000000000000000e+00
0.000000000000000000e+00
7.879599999999999937e-01
0.000000000000000000e+00
0.000000000000000000e+00
0.000000000000000000e+00
4.479400000000000048e-01
0.000000000000000000e+00
9.230800000000000116e-01
0.000000000000000000e+00
0.000000000000000000e+00
0.000000000000000000e+00
4.794100000000000028e-01
0.000000000000000000e+00
6.839800000000000324e-01
0.000000000000000000e+00
4.730400000000000160e-01
0.000000000000000000e+00
0.000000000000000000e+00
0.000000000000000000e+00
0.000000000000000000e+00
5.599199999999999733e-01
0.000000000000000000e+00
0.000000000000000000e+00
0.000000000000000000e+00
0.000000000000000000e+00
6.129400000000000404e-01
0.000000000000000000e+00
6.203800000000000425e-01
0.000000000000000000e+00
6.749500000000000499e-01
0.000000000000000000e+00
4.575000000000000178e-01
0.000000000000000000e+00
0.000000000000000000e+00
0.000000000000000000e+00
4.590299999999999936e-01
0.000000000000000000e+00
1.718669999999999920e+00
0.000000000000000000e+00
0.000000000000000000e+00
0.000000000000000000e+00
5.406300000000000550e-01
0.000000000000000000e+00
0.000000000000000000e+00
9.556200000000000250e-01
0.000000000000000000e+00
1.418500000000000094e+00
0.000000000000000000e+00
0.000000000000000000e+00
5.078000000000000291e-01
0.000000000000000000e+00
0.000000000000000000e+00
1.943000000000000060e+00
0.000000000000000000e+00
0.000000000000000000e+00
1.433499999999999996e+00
0.000000000000000000e+00
0.000000000000000000e+00
0.000000000000000000e+00
0.000000000000000000e+00
0.000000000000000000e+00
0.000000000000000000e+00
5.238300000000000178e-01
0.000000000000000000e+00
0.000000000000000000e+00
5.146300000000000319e-01
0.000000000000000000e+00
5.742800000000000127e-01
0.000000000000000000e+00
5.167300000000000226e-01
0.000000000000000000e+00
9.835199999999999498e-01
0.000000000000000000e+00
0.000000000000000000e+00
0.000000000000000000e+00
0.000000000000000000e+00
6.127299999999999969e-01
0.000000000000000000e+00
0.000000000000000000e+00
6.245199999999999640e-01
0.000000000000000000e+00
0.000000000000000000e+00
1.938269999999999937e+00
0.000000000000000000e+00
0.000000000000000000e+00
0.000000000000000000e+00
0.000000000000000000e+00
0.000000000000000000e+00
9.508799999999999475e-01
0.000000000000000000e+00
6.449599999999999778e-01
0.000000000000000000e+00
4.285200000000000120e-01
0.000000000000000000e+00
4.470500000000000029e-01
0.000000000000000000e+00
9.335099999999999509e-01
0.000000000000000000e+00
0.000000000000000000e+00
6.548199999999999577e-01
0.000000000000000000e+00
0.000000000000000000e+00
0.000000000000000000e+00
5.469199999999999617e-01
0.000000000000000000e+00
0.000000000000000000e+00
0.000000000000000000e+00
0.000000000000000000e+00
4.648399999999999754e-01
0.000000000000000000e+00
0.000000000000000000e+00
9.707599999999999563e-01
0.000000000000000000e+00
0.000000000000000000e+00
0.000000000000000000e+00
7.568799999999999972e-01
0.000000000000000000e+00
0.000000000000000000e+00
0.000000000000000000e+00
0.000000000000000000e+00
0.000000000000000000e+00
8.279499999999999638e-01
0.000000000000000000e+00
5.693099999999999827e-01
0.000000000000000000e+00
0.000000000000000000e+00
0.000000000000000000e+00
6.940499999999999448e-01
0.000000000000000000e+00
0.000000000000000000e+00
5.533400000000000540e-01
0.000000000000000000e+00
6.884599999999999609e-01
0.000000000000000000e+00
0.000000000000000000e+00
5.366900000000000004e-01
0.000000000000000000e+00
0.000000000000000000e+00
1.939049999999999940e+00
0.000000000000000000e+00
5.175699999999999745e-01
0.000000000000000000e+00
0.000000000000000000e+00
0.000000000000000000e+00
4.924399999999999888e-01
0.000000000000000000e+00
0.000000000000000000e+00
0.000000000000000000e+00
6.542400000000000437e-01
0.000000000000000000e+00
0.000000000000000000e+00
0.000000000000000000e+00
4.619199999999999973e-01
0.000000000000000000e+00
0.000000000000000000e+00
0.000000000000000000e+00
0.000000000000000000e+00
0.000000000000000000e+00
5.305299999999999461e-01
0.000000000000000000e+00
1.102449999999999930e+00
0.000000000000000000e+00
5.777299999999999658e-01
0.000000000000000000e+00
9.301899999999999613e-01
0.000000000000000000e+00
0.000000000000000000e+00
0.000000000000000000e+00
0.000000000000000000e+00
0.000000000000000000e+00
0.000000000000000000e+00
3.864799999999999902e-01
0.000000000000000000e+00
0.000000000000000000e+00
0.000000000000000000e+00
4.581100000000000172e-01
0.000000000000000000e+00
0.000000000000000000e+00
7.027499999999999858e-01
0.000000000000000000e+00
1.752510000000000012e+00
0.000000000000000000e+00
0.000000000000000000e+00
0.000000000000000000e+00
0.000000000000000000e+00
6.204499999999999460e-01
0.000000000000000000e+00
0.000000000000000000e+00
0.000000000000000000e+00
8.978000000000000425e-01
0.000000000000000000e+00
6.048999999999999932e-01
0.000000000000000000e+00
0.000000000000000000e+00
1.940099999999999936e+00
0.000000000000000000e+00
0.000000000000000000e+00
5.589600000000000124e-01
0.000000000000000000e+00
5.860899999999999999e-01
0.000000000000000000e+00
0.000000000000000000e+00
0.000000000000000000e+00
0.000000000000000000e+00
8.922999999999999821e-01
0.000000000000000000e+00
0.000000000000000000e+00
0.000000000000000000e+00
0.000000000000000000e+00
5.853099999999999969e-01
0.000000000000000000e+00
8.404000000000000359e-01
0.000000000000000000e+00
0.000000000000000000e+00
0.000000000000000000e+00
0.000000000000000000e+00
1.378840000000000066e+00
0.000000000000000000e+00
0.000000000000000000e+00
5.520500000000000407e-01
0.000000000000000000e+00
0.000000000000000000e+00
0.000000000000000000e+00
5.376400000000000068e-01
0.000000000000000000e+00
0.000000000000000000e+00
1.291479999999999961e+00
0.000000000000000000e+00
0.000000000000000000e+00
5.485600000000000476e-01
0.000000000000000000e+00
0.000000000000000000e+00
7.474600000000000133e-01
0.000000000000000000e+00
0.000000000000000000e+00
0.000000000000000000e+00
6.782099999999999795e-01
0.000000000000000000e+00
0.000000000000000000e+00
0.000000000000000000e+00
0.000000000000000000e+00
1.935999999999999943e+00
0.000000000000000000e+00
0.000000000000000000e+00
0.000000000000000000e+00
0.000000000000000000e+00
0.000000000000000000e+00
0.000000000000000000e+00
0.000000000000000000e+00
0.000000000000000000e+00
0.000000000000000000e+00
0.000000000000000000e+00
0.000000000000000000e+00
0.000000000000000000e+00
0.000000000000000000e+00
0.000000000000000000e+00
0.000000000000000000e+00
0.000000000000000000e+00
0.000000000000000000e+00
0.000000000000000000e+00
0.000000000000000000e+00
0.000000000000000000e+00
0.000000000000000000e+00
0.000000000000000000e+00
0.000000000000000000e+00
0.000000000000000000e+00
5.526100000000000456e-01
0.000000000000000000e+00
0.000000000000000000e+00
0.000000000000000000e+00
6.302299999999999569e-01
0.000000000000000000e+00
0.000000000000000000e+00
0.000000000000000000e+00
9.781100000000000350e-01
0.000000000000000000e+00
0.000000000000000000e+00
0.000000000000000000e+00
0.000000000000000000e+00
5.649199999999999777e-01
0.000000000000000000e+00
0.000000000000000000e+00
0.000000000000000000e+00
0.000000000000000000e+00
5.837299999999999711e-01
0.000000000000000000e+00
0.000000000000000000e+00
7.697800000000000198e-01
0.000000000000000000e+00
0.000000000000000000e+00
7.330200000000000049e-01
0.000000000000000000e+00
0.000000000000000000e+00
0.000000000000000000e+00
0.000000000000000000e+00
0.000000000000000000e+00
0.000000000000000000e+00
7.954200000000000159e-01
0.000000000000000000e+00
1.943370000000000042e+00
0.000000000000000000e+00
0.000000000000000000e+00
6.110299999999999621e-01
0.000000000000000000e+00
0.000000000000000000e+00
5.910600000000000298e-01
0.000000000000000000e+00
0.000000000000000000e+00
5.397999999999999465e-01
0.000000000000000000e+00
0.000000000000000000e+00
0.000000000000000000e+00
1.938399999999999901e+00
0.000000000000000000e+00
0.000000000000000000e+00
0.000000000000000000e+00
0.000000000000000000e+00
5.204400000000000137e-01
0.000000000000000000e+00
0.000000000000000000e+00
6.293699999999999850e-01
0.000000000000000000e+00
5.636900000000000244e-01
0.000000000000000000e+00
0.000000000000000000e+00
0.000000000000000000e+00
5.492099999999999760e-01
0.000000000000000000e+00
0.000000000000000000e+00
6.401299999999999768e-01
0.000000000000000000e+00
1.162700000000000067e+00
0.000000000000000000e+00
1.658160000000000078e+00
0.000000000000000000e+00
0.000000000000000000e+00
6.045899999999999608e-01
0.000000000000000000e+00
0.000000000000000000e+00
0.000000000000000000e+00
0.000000000000000000e+00
6.353900000000000103e-01
0.000000000000000000e+00
0.000000000000000000e+00
1.018359999999999932e+00
0.000000000000000000e+00
0.000000000000000000e+00
0.000000000000000000e+00
0.000000000000000000e+00
1.938499999999999890e+00
0.000000000000000000e+00
0.000000000000000000e+00
0.000000000000000000e+00
5.036000000000000476e-01
0.000000000000000000e+00
0.000000000000000000e+00
0.000000000000000000e+00
5.427999999999999492e-01
0.000000000000000000e+00
5.513200000000000323e-01
0.000000000000000000e+00
0.000000000000000000e+00
0.000000000000000000e+00
0.000000000000000000e+00
5.690699999999999648e-01
0.000000000000000000e+00
6.255800000000000249e-01
0.000000000000000000e+00
0.000000000000000000e+00
0.000000000000000000e+00
0.000000000000000000e+00
0.000000000000000000e+00
5.616200000000000081e-01
0.000000000000000000e+00
0.000000000000000000e+00
0.000000000000000000e+00
5.684299999999999908e-01
0.000000000000000000e+00
7.094700000000000450e-01
0.000000000000000000e+00
0.000000000000000000e+00
6.906900000000000261e-01
0.000000000000000000e+00
1.937410000000000077e+00
0.000000000000000000e+00
5.487800000000000455e-01
0.000000000000000000e+00
0.000000000000000000e+00
5.254600000000000382e-01
0.000000000000000000e+00
0.000000000000000000e+00
0.000000000000000000e+00
0.000000000000000000e+00
1.932670000000000110e+00
0.000000000000000000e+00
6.316000000000000503e-01
0.000000000000000000e+00
0.000000000000000000e+00
0.000000000000000000e+00
4.665699999999999847e-01
0.000000000000000000e+00
0.000000000000000000e+00
0.000000000000000000e+00
0.000000000000000000e+00
1.639489999999999892e+00
0.000000000000000000e+00
0.000000000000000000e+00
4.577600000000000002e-01
0.000000000000000000e+00
0.000000000000000000e+00
5.461300000000000043e-01
0.000000000000000000e+00
0.000000000000000000e+00
0.000000000000000000e+00
0.000000000000000000e+00
5.885299999999999976e-01
0.000000000000000000e+00
0.000000000000000000e+00
0.000000000000000000e+00
1.111529999999999907e+00
0.000000000000000000e+00
0.000000000000000000e+00
0.000000000000000000e+00
0.000000000000000000e+00
5.497499999999999609e-01
0.000000000000000000e+00
0.000000000000000000e+00
0.000000000000000000e+00
0.000000000000000000e+00
7.457599999999999785e-01
0.000000000000000000e+00
6.077500000000000124e-01
0.000000000000000000e+00
0.000000000000000000e+00
0.000000000000000000e+00
1.589869999999999894e+00
0.000000000000000000e+00
0.000000000000000000e+00
0.000000000000000000e+00
5.839499999999999691e-01
0.000000000000000000e+00
0.000000000000000000e+00
0.000000000000000000e+00
0.000000000000000000e+00
5.767600000000000504e-01
0.000000000000000000e+00
1.139019999999999921e+00
0.000000000000000000e+00
0.000000000000000000e+00
8.516599999999999726e-01
0.000000000000000000e+00
0.000000000000000000e+00
0.000000000000000000e+00
4.734200000000000075e-01
0.000000000000000000e+00
0.000000000000000000e+00
0.000000000000000000e+00
0.000000000000000000e+00
0.000000000000000000e+00
8.188499999999999668e-01
0.000000000000000000e+00
0.000000000000000000e+00
0.000000000000000000e+00
0.000000000000000000e+00
7.457799999999999985e-01
0.000000000000000000e+00
0.000000000000000000e+00
4.303000000000000158e-01
0.000000000000000000e+00
0.000000000000000000e+00
0.000000000000000000e+00
1.653769999999999962e+00
0.000000000000000000e+00
5.852199999999999624e-01
0.000000000000000000e+00
1.591520000000000046e+00
0.000000000000000000e+00
0.000000000000000000e+00
0.000000000000000000e+00
9.047300000000000342e-01
0.000000000000000000e+00
0.000000000000000000e+00
4.237699999999999800e-01
0.000000000000000000e+00
0.000000000000000000e+00
0.000000000000000000e+00
5.857400000000000384e-01
0.000000000000000000e+00
0.000000000000000000e+00
0.000000000000000000e+00
5.708299999999999486e-01
0.000000000000000000e+00
7.851500000000000146e-01
0.000000000000000000e+00
5.792399999999999771e-01
0.000000000000000000e+00
5.484499999999999931e-01
0.000000000000000000e+00
0.000000000000000000e+00
6.907600000000000406e-01
0.000000000000000000e+00
0.000000000000000000e+00
1.931219999999999937e+00
0.000000000000000000e+00
0.000000000000000000e+00
0.000000000000000000e+00
0.000000000000000000e+00
5.074899999999999967e-01
0.000000000000000000e+00
0.000000000000000000e+00
0.000000000000000000e+00
6.195100000000000051e-01
0.000000000000000000e+00
0.000000000000000000e+00
4.957099999999999840e-01
0.000000000000000000e+00
1.071409999999999973e+00
0.000000000000000000e+00
0.000000000000000000e+00
0.000000000000000000e+00
0.000000000000000000e+00
4.977099999999999858e-01
0.000000000000000000e+00
0.000000000000000000e+00
5.937000000000000055e-01
0.000000000000000000e+00
0.000000000000000000e+00
0.000000000000000000e+00
5.150700000000000278e-01
0.000000000000000000e+00
0.000000000000000000e+00
5.664500000000000091e-01
0.000000000000000000e+00
0.000000000000000000e+00
6.256000000000000449e-01
0.000000000000000000e+00
0.000000000000000000e+00
0.000000000000000000e+00
1.416069999999999940e+00
0.000000000000000000e+00
0.000000000000000000e+00
1.600000000000000131e-04
0.000000000000000000e+00
0.000000000000000000e+00
0.000000000000000000e+00
5.558100000000000263e-01
0.000000000000000000e+00
0.000000000000000000e+00
0.000000000000000000e+00
0.000000000000000000e+00
0.000000000000000000e+00
0.000000000000000000e+00
0.000000000000000000e+00
0.000000000000000000e+00
0.000000000000000000e+00
0.000000000000000000e+00
0.000000000000000000e+00
0.000000000000000000e+00
0.000000000000000000e+00
0.000000000000000000e+00
0.000000000000000000e+00
0.000000000000000000e+00
0.000000000000000000e+00
0.000000000000000000e+00
0.000000000000000000e+00
0.000000000000000000e+00
0.000000000000000000e+00
4.884200000000000208e-01
0.000000000000000000e+00
0.000000000000000000e+00
0.000000000000000000e+00
4.978899999999999992e-01
0.000000000000000000e+00
5.518199999999999772e-01
0.000000000000000000e+00
0.000000000000000000e+00
5.636900000000000244e-01
0.000000000000000000e+00
0.000000000000000000e+00
0.000000000000000000e+00
4.425700000000000189e-01
0.000000000000000000e+00
0.000000000000000000e+00
5.864300000000000068e-01
0.000000000000000000e+00
0.000000000000000000e+00
5.334499999999999797e-01
0.000000000000000000e+00
0.000000000000000000e+00
6.511700000000000266e-01
0.000000000000000000e+00
0.000000000000000000e+00
0.000000000000000000e+00
6.047299999999999898e-01
0.000000000000000000e+00
0.000000000000000000e+00
1.938139999999999974e+00
0.000000000000000000e+00
5.956399999999999473e-01
0.000000000000000000e+00
0.000000000000000000e+00
0.000000000000000000e+00
4.652800000000000269e-01
0.000000000000000000e+00
0.000000000000000000e+00
5.325800000000000534e-01
0.000000000000000000e+00
0.000000000000000000e+00
0.000000000000000000e+00
7.426700000000000523e-01
0.000000000000000000e+00
5.050999999999999934e-01
0.000000000000000000e+00
0.000000000000000000e+00
0.000000000000000000e+00
7.130800000000000471e-01
0.000000000000000000e+00
0.000000000000000000e+00
0.000000000000000000e+00
0.000000000000000000e+00
5.436499999999999666e-01
0.000000000000000000e+00
0.000000000000000000e+00
8.198400000000000132e-01
0.000000000000000000e+00
0.000000000000000000e+00
0.000000000000000000e+00
5.655000000000000027e-01
0.000000000000000000e+00
0.000000000000000000e+00
0.000000000000000000e+00
4.905399999999999761e-01
0.000000000000000000e+00
1.939619999999999900e+00
0.000000000000000000e+00
5.656400000000000317e-01
0.000000000000000000e+00
6.051600000000000312e-01
0.000000000000000000e+00
0.000000000000000000e+00
0.000000000000000000e+00
6.223699999999999788e-01
0.000000000000000000e+00
0.000000000000000000e+00
0.000000000000000000e+00
8.368299999999999628e-01
0.000000000000000000e+00
0.000000000000000000e+00
0.000000000000000000e+00
1.203419999999999934e+00
0.000000000000000000e+00
6.978900000000000103e-01
0.000000000000000000e+00
0.000000000000000000e+00
0.000000000000000000e+00
4.530799999999999828e-01
0.000000000000000000e+00
0.000000000000000000e+00
0.000000000000000000e+00
0.000000000000000000e+00
0.000000000000000000e+00
0.000000000000000000e+00
6.865499999999999936e-01
0.000000000000000000e+00
6.146300000000000097e-01
0.000000000000000000e+00
6.459599999999999786e-01
0.000000000000000000e+00
7.287200000000000344e-01
0.000000000000000000e+00
0.000000000000000000e+00
0.000000000000000000e+00
0.000000000000000000e+00
5.391099999999999781e-01
0.000000000000000000e+00
0.000000000000000000e+00
1.278399999999999981e+00
0.000000000000000000e+00
1.931920000000000082e+00
0.000000000000000000e+00
1.515430000000000055e+00
0.000000000000000000e+00
0.000000000000000000e+00
0.000000000000000000e+00
5.474599999999999467e-01
0.000000000000000000e+00
0.000000000000000000e+00
7.457200000000000495e-01
0.000000000000000000e+00
0.000000000000000000e+00
7.405100000000000016e-01
0.000000000000000000e+00
0.000000000000000000e+00
5.560800000000000187e-01
0.000000000000000000e+00
6.754799999999999693e-01
0.000000000000000000e+00
0.000000000000000000e+00
5.065199999999999703e-01
0.000000000000000000e+00
0.000000000000000000e+00
0.000000000000000000e+00
1.470169999999999977e+00
0.000000000000000000e+00
1.938390000000000057e+00
0.000000000000000000e+00
0.000000000000000000e+00
5.347100000000000186e-01
0.000000000000000000e+00
0.000000000000000000e+00
1.943019999999999969e+00
0.000000000000000000e+00
0.000000000000000000e+00
4.028300000000000214e-01
0.000000000000000000e+00
4.120300000000000074e-01
0.000000000000000000e+00
0.000000000000000000e+00
0.000000000000000000e+00
0.000000000000000000e+00
4.572899999999999743e-01
0.000000000000000000e+00
0.000000000000000000e+00
0.000000000000000000e+00
0.000000000000000000e+00
0.000000000000000000e+00
4.743700000000000139e-01
0.000000000000000000e+00
0.000000000000000000e+00
0.000000000000000000e+00
4.756699999999999817e-01
0.000000000000000000e+00
0.000000000000000000e+00
0.000000000000000000e+00
0.000000000000000000e+00
0.000000000000000000e+00
7.306500000000000217e-01
0.000000000000000000e+00
0.000000000000000000e+00
5.204499999999999682e-01
0.000000000000000000e+00
1.136819999999999942e+00
0.000000000000000000e+00
0.000000000000000000e+00
0.000000000000000000e+00
0.000000000000000000e+00
7.367500000000000160e-01
0.000000000000000000e+00
0.000000000000000000e+00
1.930690000000000017e+00
0.000000000000000000e+00
7.062399999999999789e-01
0.000000000000000000e+00
5.127699999999999481e-01
0.000000000000000000e+00
0.000000000000000000e+00
4.839300000000000268e-01
0.000000000000000000e+00
0.000000000000000000e+00
5.033100000000000351e-01
0.000000000000000000e+00
0.000000000000000000e+00
0.000000000000000000e+00
5.347699999999999676e-01
0.000000000000000000e+00
5.574000000000000066e-01
0.000000000000000000e+00
0.000000000000000000e+00
6.719100000000000072e-01
0.000000000000000000e+00
0.000000000000000000e+00
0.000000000000000000e+00
1.378360000000000030e+00
0.000000000000000000e+00
0.000000000000000000e+00
0.000000000000000000e+00
0.000000000000000000e+00
7.276799999999999935e-01
0.000000000000000000e+00
9.052999999999999936e-01
0.000000000000000000e+00
0.000000000000000000e+00
0.000000000000000000e+00
1.929910000000000014e+00
0.000000000000000000e+00
0.000000000000000000e+00
9.951100000000000501e-01
0.000000000000000000e+00
0.000000000000000000e+00
0.000000000000000000e+00
4.687799999999999745e-01
0.000000000000000000e+00
0.000000000000000000e+00
0.000000000000000000e+00
5.557999999999999607e-01
0.000000000000000000e+00
1.130940000000000056e+00
0.000000000000000000e+00
0.000000000000000000e+00
6.850300000000000278e-01
0.000000000000000000e+00
0.000000000000000000e+00
0.000000000000000000e+00
8.149300000000000432e-01
0.000000000000000000e+00
0.000000000000000000e+00
0.000000000000000000e+00
0.000000000000000000e+00
7.872299999999999853e-01
0.000000000000000000e+00
1.936169999999999947e+00
0.000000000000000000e+00
6.227000000000000313e-01
0.000000000000000000e+00
1.892149999999999999e+00
0.000000000000000000e+00
0.000000000000000000e+00
3.784699999999999731e-01
0.000000000000000000e+00
0.000000000000000000e+00
0.000000000000000000e+00
8.026499999999999746e-01
0.000000000000000000e+00
0.000000000000000000e+00
9.370500000000000496e-01
0.000000000000000000e+00
0.000000000000000000e+00
0.000000000000000000e+00
0.000000000000000000e+00
0.000000000000000000e+00
0.000000000000000000e+00
0.000000000000000000e+00
0.000000000000000000e+00
0.000000000000000000e+00
0.000000000000000000e+00
0.000000000000000000e+00
0.000000000000000000e+00
0.000000000000000000e+00
0.000000000000000000e+00
0.000000000000000000e+00
0.000000000000000000e+00
0.000000000000000000e+00
0.000000000000000000e+00
0.000000000000000000e+00
0.000000000000000000e+00
0.000000000000000000e+00
5.619100000000000206e-01
0.000000000000000000e+00
0.000000000000000000e+00
0.000000000000000000e+00
0.000000000000000000e+00
4.693599999999999994e-01
0.000000000000000000e+00
5.532899999999999485e-01
0.000000000000000000e+00
0.000000000000000000e+00
0.000000000000000000e+00
0.000000000000000000e+00
5.944000000000000394e-01
0.000000000000000000e+00
5.767799999999999594e-01
0.000000000000000000e+00
0.000000000000000000e+00
0.000000000000000000e+00
5.754299999999999971e-01
0.000000000000000000e+00
0.000000000000000000e+00
0.000000000000000000e+00
6.894500000000000073e-01
0.000000000000000000e+00
0.000000000000000000e+00
0.000000000000000000e+00
0.000000000000000000e+00
0.000000000000000000e+00
5.204400000000000137e-01
0.000000000000000000e+00
0.000000000000000000e+00
5.149700000000000388e-01
0.000000000000000000e+00
0.000000000000000000e+00
0.000000000000000000e+00
0.000000000000000000e+00
6.576499999999999568e-01
0.000000000000000000e+00
0.000000000000000000e+00
0.000000000000000000e+00
7.543100000000000360e-01
0.000000000000000000e+00
0.000000000000000000e+00
4.630900000000000016e-01
0.000000000000000000e+00
5.415600000000000414e-01
0.000000000000000000e+00
0.000000000000000000e+00
0.000000000000000000e+00
0.000000000000000000e+00
4.695599999999999774e-01
0.000000000000000000e+00
0.000000000000000000e+00
0.000000000000000000e+00
0.000000000000000000e+00
0.000000000000000000e+00
0.000000000000000000e+00
7.224199999999999511e-01
0.000000000000000000e+00
0.000000000000000000e+00
0.000000000000000000e+00
6.334699999999999775e-01
0.000000000000000000e+00
0.000000000000000000e+00
5.847700000000000120e-01
0.000000000000000000e+00
0.000000000000000000e+00
8.048699999999999743e-01
0.000000000000000000e+00
0.000000000000000000e+00
0.000000000000000000e+00
0.000000000000000000e+00
0.000000000000000000e+00
6.692799999999999860e-01
0.000000000000000000e+00
0.000000000000000000e+00
7.665499999999999536e-01
0.000000000000000000e+00
0.000000000000000000e+00
5.437999999999999501e-01
0.000000000000000000e+00
0.000000000000000000e+00
0.000000000000000000e+00
7.608200000000000518e-01
0.000000000000000000e+00
6.330799999999999761e-01
0.000000000000000000e+00
5.945200000000000484e-01
0.000000000000000000e+00
4.730800000000000005e-01
0.000000000000000000e+00
0.000000000000000000e+00
0.000000000000000000e+00
0.000000000000000000e+00
1.295449999999999990e+00
0.000000000000000000e+00
4.274999999999999911e-01
0.000000000000000000e+00
0.000000000000000000e+00
0.000000000000000000e+00
4.362300000000000066e-01
0.000000000000000000e+00
0.000000000000000000e+00
4.475000000000000089e-01
0.000000000000000000e+00
0.000000000000000000e+00
4.507300000000000195e-01
0.000000000000000000e+00
0.000000000000000000e+00
0.000000000000000000e+00
5.513400000000000523e-01
0.000000000000000000e+00
0.000000000000000000e+00
0.000000000000000000e+00
0.000000000000000000e+00
0.000000000000000000e+00
4.933000000000000163e-01
0.000000000000000000e+00
0.000000000000000000e+00
0.000000000000000000e+00
1.554059999999999997e+00
0.000000000000000000e+00
8.710599999999999454e-01
0.000000000000000000e+00
0.000000000000000000e+00
5.019400000000000528e-01
0.000000000000000000e+00
0.000000000000000000e+00
0.000000000000000000e+00
0.000000000000000000e+00
0.000000000000000000e+00
4.844300000000000272e-01
0.000000000000000000e+00
0.000000000000000000e+00
6.597300000000000386e-01
0.000000000000000000e+00
0.000000000000000000e+00
0.000000000000000000e+00
5.794899999999999496e-01
0.000000000000000000e+00
0.000000000000000000e+00
0.000000000000000000e+00
0.000000000000000000e+00
5.502299999999999969e-01
0.000000000000000000e+00
4.888899999999999912e-01
0.000000000000000000e+00
0.000000000000000000e+00
4.435700000000000198e-01
0.000000000000000000e+00
0.000000000000000000e+00
0.000000000000000000e+00
0.000000000000000000e+00
1.941899999999999959e+00
0.000000000000000000e+00
0.000000000000000000e+00
0.000000000000000000e+00
0.000000000000000000e+00
0.000000000000000000e+00
0.000000000000000000e+00
0.000000000000000000e+00
5.197699999999999543e-01
0.000000000000000000e+00
7.811099999999999710e-01
0.000000000000000000e+00
5.737600000000000477e-01
0.000000000000000000e+00
5.388699999999999601e-01
0.000000000000000000e+00
5.714200000000000390e-01
0.000000000000000000e+00
0.000000000000000000e+00
6.481799999999999784e-01
0.000000000000000000e+00
0.000000000000000000e+00
0.000000000000000000e+00
0.000000000000000000e+00
0.000000000000000000e+00
1.933189999999999964e+00
0.000000000000000000e+00
5.794399999999999551e-01
0.000000000000000000e+00
4.232500000000000151e-01
0.000000000000000000e+00
0.000000000000000000e+00
0.000000000000000000e+00
5.857900000000000329e-01
0.000000000000000000e+00
6.438300000000000134e-01
0.000000000000000000e+00
0.000000000000000000e+00
0.000000000000000000e+00
5.161499999999999977e-01
0.000000000000000000e+00
4.960499999999999909e-01
0.000000000000000000e+00
0.000000000000000000e+00
0.000000000000000000e+00
0.000000000000000000e+00
4.145099999999999896e-01
0.000000000000000000e+00
0.000000000000000000e+00
0.000000000000000000e+00
0.000000000000000000e+00
0.000000000000000000e+00
0.000000000000000000e+00
1.131839999999999957e+00
0.000000000000000000e+00
0.000000000000000000e+00
0.000000000000000000e+00
8.437400000000000455e-01
0.000000000000000000e+00
0.000000000000000000e+00
6.943399999999999572e-01
0.000000000000000000e+00
0.000000000000000000e+00
0.000000000000000000e+00
1.935429999999999984e+00
0.000000000000000000e+00
0.000000000000000000e+00
4.555899999999999950e-01
0.000000000000000000e+00
0.000000000000000000e+00
0.000000000000000000e+00
0.000000000000000000e+00
0.000000000000000000e+00
6.482200000000000184e-01
0.000000000000000000e+00
6.024699999999999500e-01
0.000000000000000000e+00
0.000000000000000000e+00
4.918399999999999994e-01
0.000000000000000000e+00
0.000000000000000000e+00
0.000000000000000000e+00
0.000000000000000000e+00
6.631200000000000427e-01
0.000000000000000000e+00
0.000000000000000000e+00
0.000000000000000000e+00
0.000000000000000000e+00
1.771670000000000078e+00
0.000000000000000000e+00
0.000000000000000000e+00
5.817299999999999693e-01
0.000000000000000000e+00
1.930709999999999926e+00
0.000000000000000000e+00
5.869299999999999518e-01
0.000000000000000000e+00
5.083299999999999486e-01
0.000000000000000000e+00
5.859299999999999509e-01
0.000000000000000000e+00
0.000000000000000000e+00
7.131199999999999761e-01
0.000000000000000000e+00
0.000000000000000000e+00
5.757299999999999640e-01
0.000000000000000000e+00
0.000000000000000000e+00
6.038000000000000034e-01
0.000000000000000000e+00
0.000000000000000000e+00
4.971099999999999963e-01
0.000000000000000000e+00
0.000000000000000000e+00
0.000000000000000000e+00
4.941400000000000237e-01
0.000000000000000000e+00
5.468300000000000383e-01
0.000000000000000000e+00
0.000000000000000000e+00
1.936960000000000015e+00
0.000000000000000000e+00
0.000000000000000000e+00
4.903799999999999826e-01
0.000000000000000000e+00
0.000000000000000000e+00
0.000000000000000000e+00
0.000000000000000000e+00
5.796900000000000386e-01
0.000000000000000000e+00
0.000000000000000000e+00
0.000000000000000000e+00
0.000000000000000000e+00
0.000000000000000000e+00
0.000000000000000000e+00
0.000000000000000000e+00
0.000000000000000000e+00
0.000000000000000000e+00
0.000000000000000000e+00
0.000000000000000000e+00
0.000000000000000000e+00
0.000000000000000000e+00
0.000000000000000000e+00
0.000000000000000000e+00
0.000000000000000000e+00
0.000000000000000000e+00
0.000000000000000000e+00
0.000000000000000000e+00
0.000000000000000000e+00
0.000000000000000000e+00
0.000000000000000000e+00
0.000000000000000000e+00
7.066099999999999604e-01
0.000000000000000000e+00
0.000000000000000000e+00
5.595099999999999518e-01
0.000000000000000000e+00
0.000000000000000000e+00
5.278300000000000214e-01
0.000000000000000000e+00
0.000000000000000000e+00
0.000000000000000000e+00
5.256100000000000216e-01
0.000000000000000000e+00
0.000000000000000000e+00
0.000000000000000000e+00
0.000000000000000000e+00
5.638300000000000534e-01
0.000000000000000000e+00
0.000000000000000000e+00
4.688800000000000190e-01
0.000000000000000000e+00
0.000000000000000000e+00
0.000000000000000000e+00
5.421599999999999753e-01
0.000000000000000000e+00
0.000000000000000000e+00
0.000000000000000000e+00
4.287099999999999800e-01
0.000000000000000000e+00
0.000000000000000000e+00
4.846500000000000252e-01
0.000000000000000000e+00
4.121199999999999863e-01
0.000000000000000000e+00
4.626700000000000257e-01
0.000000000000000000e+00
0.000000000000000000e+00
0.000000000000000000e+00
4.943799999999999861e-01
0.000000000000000000e+00
5.603200000000000403e-01
0.000000000000000000e+00
0.000000000000000000e+00
0.000000000000000000e+00
0.000000000000000000e+00
4.517499999999999849e-01
0.000000000000000000e+00
0.000000000000000000e+00
0.000000000000000000e+00
0.000000000000000000e+00
4.402300000000000102e-01
0.000000000000000000e+00
0.000000000000000000e+00
5.218199999999999505e-01
0.000000000000000000e+00
4.867799999999999905e-01
0.000000000000000000e+00
5.699899999999999967e-01
0.000000000000000000e+00
0.000000000000000000e+00
0.000000000000000000e+00
0.000000000000000000e+00
4.651100000000000234e-01
0.000000000000000000e+00
0.000000000000000000e+00
8.986899999999999888e-01
0.000000000000000000e+00
0.000000000000000000e+00
4.544599999999999751e-01
0.000000000000000000e+00
0.000000000000000000e+00
1.073690000000000033e+00
0.000000000000000000e+00
0.000000000000000000e+00
5.024600000000000177e-01
0.000000000000000000e+00
0.000000000000000000e+00
5.197699999999999543e-01
0.000000000000000000e+00
0.000000000000000000e+00
0.000000000000000000e+00
0.000000000000000000e+00
0.000000000000000000e+00
0.000000000000000000e+00
4.103499999999999925e-01
0.000000000000000000e+00
0.000000000000000000e+00
0.000000000000000000e+00
0.000000000000000000e+00
4.345499999999999918e-01
0.000000000000000000e+00
0.000000000000000000e+00
0.000000000000000000e+00
5.280799999999999939e-01
0.000000000000000000e+00
0.000000000000000000e+00
5.654599999999999627e-01
0.000000000000000000e+00
7.209600000000000453e-01
0.000000000000000000e+00
0.000000000000000000e+00
3.931399999999999895e-01
0.000000000000000000e+00
0.000000000000000000e+00
5.221000000000000085e-01
0.000000000000000000e+00
0.000000000000000000e+00
0.000000000000000000e+00
0.000000000000000000e+00
0.000000000000000000e+00
4.197299999999999920e-01
0.000000000000000000e+00
4.469099999999999739e-01
0.000000000000000000e+00
7.784900000000000153e-01
0.000000000000000000e+00
4.805699999999999972e-01
0.000000000000000000e+00
0.000000000000000000e+00
4.003399999999999737e-01
0.000000000000000000e+00
0.000000000000000000e+00
6.500299999999999967e-01
0.000000000000000000e+00
0.000000000000000000e+00
6.219500000000000028e-01
0.000000000000000000e+00
0.000000000000000000e+00
0.000000000000000000e+00
0.000000000000000000e+00
8.252399999999999736e-01
0.000000000000000000e+00
0.000000000000000000e+00
0.000000000000000000e+00
6.432799999999999629e-01
0.000000000000000000e+00
6.724200000000000177e-01
0.000000000000000000e+00
0.000000000000000000e+00
0.000000000000000000e+00
6.885599999999999499e-01
0.000000000000000000e+00
6.899499999999999522e-01
0.000000000000000000e+00
0.000000000000000000e+00
0.000000000000000000e+00
4.525500000000000078e-01
0.000000000000000000e+00
1.130679999999999907e+00
0.000000000000000000e+00
0.000000000000000000e+00
0.000000000000000000e+00
0.000000000000000000e+00
0.000000000000000000e+00
5.149000000000000243e-01
0.000000000000000000e+00
6.523999999999999799e-01
0.000000000000000000e+00
0.000000000000000000e+00
0.000000000000000000e+00
5.214900000000000091e-01
0.000000000000000000e+00
9.184499999999999886e-01
0.000000000000000000e+00
0.000000000000000000e+00
0.000000000000000000e+00
0.000000000000000000e+00
0.000000000000000000e+00
0.000000000000000000e+00
8.577099999999999724e-01
0.000000000000000000e+00
0.000000000000000000e+00
0.000000000000000000e+00
5.259500000000000286e-01
0.000000000000000000e+00
0.000000000000000000e+00
0.000000000000000000e+00
5.205600000000000227e-01
0.000000000000000000e+00
0.000000000000000000e+00
8.323000000000000398e-01
0.000000000000000000e+00
0.000000000000000000e+00
4.600400000000000045e-01
0.000000000000000000e+00
5.490500000000000380e-01
0.000000000000000000e+00
0.000000000000000000e+00
4.290200000000000125e-01
0.000000000000000000e+00
0.000000000000000000e+00
0.000000000000000000e+00
0.000000000000000000e+00
5.058899999999999508e-01
0.000000000000000000e+00
5.963699999999999557e-01
0.000000000000000000e+00
0.000000000000000000e+00
0.000000000000000000e+00
0.000000000000000000e+00
4.562399999999999789e-01
0.000000000000000000e+00
0.000000000000000000e+00
0.000000000000000000e+00
4.871500000000000274e-01
0.000000000000000000e+00
5.393000000000000016e-01
0.000000000000000000e+00
0.000000000000000000e+00
0.000000000000000000e+00
0.000000000000000000e+00
5.092799999999999550e-01
0.000000000000000000e+00
0.000000000000000000e+00
0.000000000000000000e+00
0.000000000000000000e+00
0.000000000000000000e+00
5.537800000000000500e-01
0.000000000000000000e+00
0.000000000000000000e+00
0.000000000000000000e+00
0.000000000000000000e+00
5.088599999999999790e-01
0.000000000000000000e+00
0.000000000000000000e+00
4.857299999999999951e-01
0.000000000000000000e+00
7.428500000000000103e-01
0.000000000000000000e+00
0.000000000000000000e+00
4.934700000000000197e-01
0.000000000000000000e+00
0.000000000000000000e+00
4.112100000000000199e-01
0.000000000000000000e+00
0.000000000000000000e+00
0.000000000000000000e+00
0.000000000000000000e+00
4.819700000000000095e-01
0.000000000000000000e+00
5.306400000000000006e-01
0.000000000000000000e+00
0.000000000000000000e+00
4.894399999999999862e-01
0.000000000000000000e+00
0.000000000000000000e+00
5.702099999999999946e-01
0.000000000000000000e+00
0.000000000000000000e+00
0.000000000000000000e+00
5.955000000000000293e-01
0.000000000000000000e+00
1.935920000000000085e+00
0.000000000000000000e+00
0.000000000000000000e+00
5.078300000000000036e-01
0.000000000000000000e+00
4.065900000000000070e-01
0.000000000000000000e+00
4.551700000000000190e-01
0.000000000000000000e+00
3.887599999999999945e-01
0.000000000000000000e+00
0.000000000000000000e+00
0.000000000000000000e+00
0.000000000000000000e+00
4.885599999999999943e-01
0.000000000000000000e+00
0.000000000000000000e+00
8.544899999999999718e-01
0.000000000000000000e+00
0.000000000000000000e+00
0.000000000000000000e+00
0.000000000000000000e+00
0.000000000000000000e+00
0.000000000000000000e+00
0.000000000000000000e+00
0.000000000000000000e+00
0.000000000000000000e+00
0.000000000000000000e+00
0.000000000000000000e+00
0.000000000000000000e+00
0.000000000000000000e+00
