0.000000000000000000e+00
0.000000000000000000e+00
0.000000000000000000e+00
0.000000000000000000e+00
0.000000000000000000e+00
0.000000000000000000e+00
0.000000000000000000e+00
0.000000000000000000e+00
0.000000000000000000e+00
0.000000000000000000e+00
7.744900000000000118e-01
0.000000000000000000e+00
0.000000000000000000e+00
6.183300000000000463e-01
0.000000000000000000e+00
0.000000000000000000e+00
0.000000000000000000e+00
5.828200000000000047e-01
0.000000000000000000e+00
5.800300000000000455e-01
0.000000000000000000e+00
0.000000000000000000e+00
0.000000000000000000e+00
5.251900000000000457e-01
0.000000000000000000e+00
5.501000000000000334e-01
0.000000000000000000e+00
0.000000000000000000e+00
5.507400000000000073e-01
0.000000000000000000e+00
5.534099999999999575e-01
0.000000000000000000e+00
0.000000000000000000e+00
0.000000000000000000e+00
6.853599999999999692e-01
0.000000000000000000e+00
0.000000000000000000e+00
0.000000000000000000e+00
5.587100000000000399e-01
0.000000000000000000e+00
0.000000000000000000e+00
0.000000000000000000e+00
5.701800000000000201e-01
0.000000000000000000e+00
0.000000000000000000e+00
6.940800000000000303e-01
0.000000000000000000e+00
5.168899999999999606e-01
0.000000000000000000e+00
0.000000000000000000e+00
4.934000000000000052e-01
0.000000000000000000e+00
0.000000000000000000e+00
6.871399999999999730e-01
0.000000000000000000e+00
0.000000000000000000e+00
0.000000000000000000e+00
0.000000000000000000e+00
0.000000000000000000e+00
5.072100000000000497e-01
0.000000000000000000e+00
0.000000000000000000e+00
5.780499999999999527e-01
0.000000000000000000e+00
0.000000000000000000e+00
0.000000000000000000e+00
0.000000000000000000e+00
0.000000000000000000e+00
0.000000000000000000e+00
6.569099999999999939e-01
0.000000000000000000e+00
0.000000000000000000e+00
5.234199999999999964e-01
0.000000000000000000e+00
0.000000000000000000e+00
6.946600000000000552e-01
0.000000000000000000e+00
0.000000000000000000e+00
0.000000000000000000e+00
5.037899999999999601e-01
0.000000000000000000e+00
5.181700000000000195e-01
0.000000000000000000e+00
0.000000000000000000e+00
5.305299999999999461e-01
0.000000000000000000e+00
0.000000000000000000e+00
0.000000000000000000e+00
5.678499999999999659e-01
0.000000000000000000e+00
0.000000000000000000e+00
0.000000000000000000e+00
4.262699999999999823e-01
0.000000000000000000e+00
0.000000000000000000e+00
4.835699999999999998e-01
0.000000000000000000e+00
0.000000000000000000e+00
5.784000000000000252e-01
0.000000000000000000e+00
0.000000000000000000e+00
0.000000000000000000e+00
1.083809999999999940e+00
0.000000000000000000e+00
0.000000000000000000e+00
0.000000000000000000e+00
0.000000000000000000e+00
0.000000000000000000e+00
0.000000000000000000e+00
0.000000000000000000e+00
9.527600000000000513e-01
0.000000000000000000e+00
6.092100000000000293e-01
0.000000000000000000e+00
4.877400000000000069e-01
0.000000000000000000e+00
6.012699999999999712e-01
0.000000000000000000e+00
0.000000000000000000e+00
5.075800000000000312e-01
0.000000000000000000e+00
0.000000000000000000e+00
5.657900000000000151e-01
0.000000000000000000e+00
0.000000000000000000e+00
0.000000000000000000e+00
0.000000000000000000e+00
0.000000000000000000e+00
6.021300000000000541e-01
0.000000000000000000e+00
0.000000000000000000e+00
4.848500000000000032e-01
0.000000000000000000e+00
8.018800000000000372e-01
0.000000000000000000e+00
5.394600000000000506e-01
0.000000000000000000e+00
0.000000000000000000e+00
0.000000000000000000e+00
0.000000000000000000e+00
5.228699999999999459e-01
0.000000000000000000e+00
0.000000000000000000e+00
7.425000000000000488e-01
0.000000000000000000e+00
0.000000000000000000e+00
0.000000000000000000e+00
0.000000000000000000e+00
5.099299999999999944e-01
0.000000000000000000e+00
0.000000000000000000e+00
5.497800000000000464e-01
0.000000000000000000e+00
0.000000000000000000e+00
6.315600000000000103e-01
0.000000000000000000e+00
5.091099999999999515e-01
0.000000000000000000e+00
0.000000000000000000e+00
0.000000000000000000e+00
5.109599999999999698e-01
0.000000000000000000e+00
0.000000000000000000e+00
0.000000000000000000e+00
4.754700000000000037e-01
0.000000000000000000e+00
0.000000000000000000e+00
5.652800000000000047e-01
0.000000000000000000e+00
5.585999999999999854e-01
0.000000000000000000e+00
0.000000000000000000e+00
0.000000000000000000e+00
8.286599999999999522e-01
0.000000000000000000e+00
0.000000000000000000e+00
0.000000000000000000e+00
5.608300000000000507e-01
0.000000000000000000e+00
0.000000000000000000e+00
5.931699999999999751e-01
0.000000000000000000e+00
0.000000000000000000e+00
0.000000000000000000e+00
5.117399999999999727e-01
0.000000000000000000e+00
8.162700000000000511e-01
0.000000000000000000e+00
0.000000000000000000e+00
5.896099999999999675e-01
0.000000000000000000e+00
6.571599999999999664e-01
0.000000000000000000e+00
0.000000000000000000e+00
6.244800000000000351e-01
0.000000000000000000e+00
0.000000000000000000e+00
8.524399999999999755e-01
0.000000000000000000e+00
5.389699999999999491e-01
0.000000000000000000e+00
6.454699999999999882e-01
0.000000000000000000e+00
0.000000000000000000e+00
6.267700000000000493e-01
0.000000000000000000e+00
0.000000000000000000e+00
0.000000000000000000e+00
5.288300000000000223e-01
0.000000000000000000e+00
0.000000000000000000e+00
6.161799999999999500e-01
0.000000000000000000e+00
0.000000000000000000e+00
5.272999999999999909e-01
0.000000000000000000e+00
0.000000000000000000e+00
0.000000000000000000e+00
0.000000000000000000e+00
4.337500000000000244e-01
0.000000000000000000e+00
0.000000000000000000e+00
8.440600000000000325e-01
0.000000000000000000e+00
0.000000000000000000e+00
0.000000000000000000e+00
0.000000000000000000e+00
5.047899999999999610e-01
0.000000000000000000e+00
5.344700000000000006e-01
0.000000000000000000e+00
0.000000000000000000e+00
5.118200000000000527e-01
0.000000000000000000e+00
0.000000000000000000e+00
5.726799999999999669e-01
0.000000000000000000e+00
8.531499999999999639e-01
0.000000000000000000e+00
9.307100000000000373e-01
0.000000000000000000e+00
0.000000000000000000e+00
4.573999999999999733e-01
0.000000000000000000e+00
0.000000000000000000e+00
0.000000000000000000e+00
5.149200000000000443e-01
0.000000000000000000e+00
0.000000000000000000e+00
0.000000000000000000e+00
0.000000000000000000e+00
5.268000000000000460e-01
0.000000000000000000e+00
0.000000000000000000e+00
5.090500000000000025e-01
0.000000000000000000e+00
0.000000000000000000e+00
0.000000000000000000e+00
1.121750000000000025e+00
0.000000000000000000e+00
6.235000000000000542e-01
0.000000000000000000e+00
0.000000000000000000e+00
4.442800000000000082e-01
0.000000000000000000e+00
0.000000000000000000e+00
0.000000000000000000e+00
0.000000000000000000e+00
0.000000000000000000e+00
5.753700000000000481e-01
0.000000000000000000e+00
9.665000000000000258e-01
0.000000000000000000e+00
0.000000000000000000e+00
0.000000000000000000e+00
0.000000000000000000e+00
0.000000000000000000e+00
0.000000000000000000e+00
0.000000000000000000e+00
0.000000000000000000e+00
0.000000000000000000e+00
0.000000000000000000e+00
0.000000000000000000e+00
0.000000000000000000e+00
0.000000000000000000e+00
0.000000000000000000e+00
0.000000000000000000e+00
0.000000000000000000e+00
0.000000000000000000e+00
0.000000000000000000e+00
0.000000000000000000e+00
0.000000000000000000e+00
0.000000000000000000e+00
0.000000000000000000e+00
0.000000000000000000e+00
1.049709999999999921e+00
0.000000000000000000e+00
0.000000000000000000e+00
0.000000000000000000e+00
0.000000000000000000e+00
5.445100000000000495e-01
0.000000000000000000e+00
0.000000000000000000e+00
0.000000000000000000e+00
0.000000000000000000e+00
5.629199999999999759e-01
0.000000000000000000e+00
0.000000000000000000e+00
0.000000000000000000e+00
5.118099999999999872e-01
0.000000000000000000e+00
6.372900000000000231e-01
0.000000000000000000e+00
8.836399999999999810e-01
0.000000000000000000e+00
7.768800000000000150e-01
0.000000000000000000e+00
1.595920000000000005e+00
0.000000000000000000e+00
0.000000000000000000e+00
0.000000000000000000e+00
0.000000000000000000e+00
0.000000000000000000e+00
4.678800000000000181e-01
0.000000000000000000e+00
1.107220000000000093e+00
0.000000000000000000e+00
6.281700000000000061e-01
0.000000000000000000e+00
0.000000000000000000e+00
0.000000000000000000e+00
8.215700000000000225e-01
0.000000000000000000e+00
0.000000000000000000e+00
4.874200000000000199e-01
0.000000000000000000e+00
0.000000000000000000e+00
0.000000000000000000e+00
5.384700000000000042e-01
0.000000000000000000e+00
0.000000000000000000e+00
6.242100000000000426e-01
0.000000000000000000e+00
7.672400000000000331e-01
0.000000000000000000e+00
6.244899999999999896e-01
0.000000000000000000e+00
0.000000000000000000e+00
0.000000000000000000e+00
5.164900000000000047e-01
0.000000000000000000e+00
0.000000000000000000e+00
0.000000000000000000e+00
0.000000000000000000e+00
0.000000000000000000e+00
0.000000000000000000e+00
6.127700000000000369e-01
0.000000000000000000e+00
0.000000000000000000e+00
0.000000000000000000e+00
0.000000000000000000e+00
4.846599999999999797e-01
0.000000000000000000e+00
0.000000000000000000e+00
0.000000000000000000e+00
0.000000000000000000e+00
4.431399999999999784e-01
0.000000000000000000e+00
0.000000000000000000e+00
0.000000000000000000e+00
6.491799999999999793e-01
0.000000000000000000e+00
0.000000000000000000e+00
0.000000000000000000e+00
5.811899999999999844e-01
0.000000000000000000e+00
0.000000000000000000e+00
5.645000000000000018e-01
0.000000000000000000e+00
0.000000000000000000e+00
0.000000000000000000e+00
4.641100000000000225e-01
0.000000000000000000e+00
5.667200000000000015e-01
0.000000000000000000e+00
0.000000000000000000e+00
5.600000000000000533e-01
0.000000000000000000e+00
0.000000000000000000e+00
4.814100000000000046e-01
0.000000000000000000e+00
0.000000000000000000e+00
6.805400000000000338e-01
0.000000000000000000e+00
5.952100000000000168e-01
0.000000000000000000e+00
6.326899999999999746e-01
0.000000000000000000e+00
0.000000000000000000e+00
0.000000000000000000e+00
0.000000000000000000e+00
6.000699999999999923e-01
0.000000000000000000e+00
0.000000000000000000e+00
0.000000000000000000e+00
0.000000000000000000e+00
0.000000000000000000e+00
6.043699999999999628e-01
0.000000000000000000e+00
0.000000000000000000e+00
0.000000000000000000e+00
5.487999999999999545e-01
0.000000000000000000e+00
0.000000000000000000e+00
5.689699999999999758e-01
0.000000000000000000e+00
0.000000000000000000e+00
7.629799999999999915e-01
0.000000000000000000e+00
0.000000000000000000e+00
5.353900000000000325e-01
0.000000000000000000e+00
9.826399999999999579e-01
0.000000000000000000e+00
1.725410000000000110e+00
0.000000000000000000e+00
0.000000000000000000e+00
0.000000000000000000e+00
0.000000000000000000e+00
0.000000000000000000e+00
6.468699999999999450e-01
0.000000000000000000e+00
0.000000000000000000e+00
4.967599999999999794e-01
0.000000000000000000e+00
0.000000000000000000e+00
0.000000000000000000e+00
5.938299999999999690e-01
0.000000000000000000e+00
0.000000000000000000e+00
0.000000000000000000e+00
0.000000000000000000e+00
9.101599999999999691e-01
0.000000000000000000e+00
0.000000000000000000e+00
0.000000000000000000e+00
0.000000000000000000e+00
0.000000000000000000e+00
4.897500000000000187e-01
0.000000000000000000e+00
0.000000000000000000e+00
0.000000000000000000e+00
8.664300000000000335e-01
0.000000000000000000e+00
0.000000000000000000e+00
4.404600000000000182e-01
0.000000000000000000e+00
0.000000000000000000e+00
4.225900000000000212e-01
0.000000000000000000e+00
4.900300000000000211e-01
0.000000000000000000e+00
0.000000000000000000e+00
4.544599999999999751e-01
0.000000000000000000e+00
0.000000000000000000e+00
0.000000000000000000e+00
0.000000000000000000e+00
5.381099999999999772e-01
0.000000000000000000e+00
0.000000000000000000e+00
0.000000000000000000e+00
5.078500000000000236e-01
0.000000000000000000e+00
0.000000000000000000e+00
0.000000000000000000e+00
6.628600000000000048e-01
0.000000000000000000e+00
0.000000000000000000e+00
0.000000000000000000e+00
5.379800000000000137e-01
0.000000000000000000e+00
0.000000000000000000e+00
0.000000000000000000e+00
0.000000000000000000e+00
5.842800000000000216e-01
0.000000000000000000e+00
0.000000000000000000e+00
7.884799999999999587e-01
0.000000000000000000e+00
0.000000000000000000e+00
0.000000000000000000e+00
0.000000000000000000e+00
0.000000000000000000e+00
0.000000000000000000e+00
1.112049999999999983e+00
0.000000000000000000e+00
0.000000000000000000e+00
1.061469999999999914e+00
0.000000000000000000e+00
0.000000000000000000e+00
0.000000000000000000e+00
7.495300000000000296e-01
0.000000000000000000e+00
0.000000000000000000e+00
0.000000000000000000e+00
6.857799999999999452e-01
0.000000000000000000e+00
3.906499999999999972e-01
0.000000000000000000e+00
0.000000000000000000e+00
5.719499999999999584e-01
0.000000000000000000e+00
0.000000000000000000e+00
0.000000000000000000e+00
4.210200000000000053e-01
0.000000000000000000e+00
0.000000000000000000e+00
0.000000000000000000e+00
4.610500000000000154e-01
0.000000000000000000e+00
1.664660000000000029e+00
0.000000000000000000e+00
0.000000000000000000e+00
0.000000000000000000e+00
4.289799999999999724e-01
0.000000000000000000e+00
0.000000000000000000e+00
0.000000000000000000e+00
0.000000000000000000e+00
0.000000000000000000e+00
0.000000000000000000e+00
5.576200000000000045e-01
0.000000000000000000e+00
0.000000000000000000e+00
0.000000000000000000e+00
0.000000000000000000e+00
6.269299999999999873e-01
0.000000000000000000e+00
0.000000000000000000e+00
5.678499999999999659e-01
0.000000000000000000e+00
0.000000000000000000e+00
0.000000000000000000e+00
4.705500000000000238e-01
0.000000000000000000e+00
0.000000000000000000e+00
0.000000000000000000e+00
6.405399999999999983e-01
0.000000000000000000e+00
5.040299999999999780e-01
0.000000000000000000e+00
7.295500000000000318e-01
0.000000000000000000e+00
0.000000000000000000e+00
0.000000000000000000e+00
0.000000000000000000e+00
0.000000000000000000e+00
6.542200000000000237e-01
0.000000000000000000e+00
0.000000000000000000e+00
0.000000000000000000e+00
9.338199999999999834e-01
0.000000000000000000e+00
7.654400000000000093e-01
0.000000000000000000e+00
7.078299999999999592e-01
0.000000000000000000e+00
0.000000000000000000e+00
0.000000000000000000e+00
0.000000000000000000e+00
6.456899999999999862e-01
0.000000000000000000e+00
0.000000000000000000e+00
0.000000000000000000e+00
6.936600000000000543e-01
0.000000000000000000e+00
0.000000000000000000e+00
7.207700000000000218e-01
0.000000000000000000e+00
0.000000000000000000e+00
0.000000000000000000e+00
4.396900000000000253e-01
0.000000000000000000e+00
0.000000000000000000e+00
0.000000000000000000e+00
0.000000000000000000e+00
0.000000000000000000e+00
0.000000000000000000e+00
0.000000000000000000e+00
0.000000000000000000e+00
0.000000000000000000e+00
0.000000000000000000e+00
0.000000000000000000e+00
0.000000000000000000e+00
0.000000000000000000e+00
0.000000000000000000e+00
0.000000000000000000e+00
0.000000000000000000e+00
0.000000000000000000e+00
0.000000000000000000e+00
0.000000000000000000e+00
0.000000000000000000e+00
0.000000000000000000e+00
0.000000000000000000e+00
0.000000000000000000e+00
0.000000000000000000e+00
1.082289999999999974e+00
0.000000000000000000e+00
0.000000000000000000e+00
0.000000000000000000e+00
0.000000000000000000e+00
0.000000000000000000e+00
5.238899999999999668e-01
0.000000000000000000e+00
0.000000000000000000e+00
1.019190000000000040e+00
0.000000000000000000e+00
0.000000000000000000e+00
0.000000000000000000e+00
0.000000000000000000e+00
0.000000000000000000e+00
6.152900000000000036e-01
0.000000000000000000e+00
7.178499999999999881e-01
0.000000000000000000e+00
8.146799999999999597e-01
0.000000000000000000e+00
0.000000000000000000e+00
4.587600000000000011e-01
0.000000000000000000e+00
0.000000000000000000e+00
0.000000000000000000e+00
4.896499999999999742e-01
0.000000000000000000e+00
0.000000000000000000e+00
1.031949999999999923e+00
0.000000000000000000e+00
5.635999999999999899e-01
0.000000000000000000e+00
0.000000000000000000e+00
0.000000000000000000e+00
9.205499999999999794e-01
0.000000000000000000e+00
0.000000000000000000e+00
5.015300000000000313e-01
0.000000000000000000e+00
0.000000000000000000e+00
1.208839999999999915e+00
0.000000000000000000e+00
8.333899999999999642e-01
0.000000000000000000e+00
0.000000000000000000e+00
0.000000000000000000e+00
0.000000000000000000e+00
0.000000000000000000e+00
5.720699999999999674e-01
0.000000000000000000e+00
0.000000000000000000e+00
0.000000000000000000e+00
4.286400000000000210e-01
0.000000000000000000e+00
0.000000000000000000e+00
8.193099999999999827e-01
0.000000000000000000e+00
4.767299999999999871e-01
0.000000000000000000e+00
0.000000000000000000e+00
0.000000000000000000e+00
5.323999999999999844e-01
0.000000000000000000e+00
0.000000000000000000e+00
8.801799999999999624e-01
0.000000000000000000e+00
4.724400000000000266e-01
0.000000000000000000e+00
0.000000000000000000e+00
0.000000000000000000e+00
8.060100000000000042e-01
0.000000000000000000e+00
0.000000000000000000e+00
7.564400000000000013e-01
0.000000000000000000e+00
0.000000000000000000e+00
5.326400000000000023e-01
0.000000000000000000e+00
5.202799999999999647e-01
0.000000000000000000e+00
0.000000000000000000e+00
7.640500000000000069e-01
0.000000000000000000e+00
0.000000000000000000e+00
0.000000000000000000e+00
9.525400000000000533e-01
0.000000000000000000e+00
0.000000000000000000e+00
5.557999999999999607e-01
0.000000000000000000e+00
0.000000000000000000e+00
5.433599999999999541e-01
0.000000000000000000e+00
1.179159999999999986e+00
0.000000000000000000e+00
0.000000000000000000e+00
0.000000000000000000e+00
5.573900000000000521e-01
0.000000000000000000e+00
0.000000000000000000e+00
0.000000000000000000e+00
1.468420000000000059e+00
0.000000000000000000e+00
0.000000000000000000e+00
0.000000000000000000e+00
0.000000000000000000e+00
0.000000000000000000e+00
6.654999999999999805e-01
0.000000000000000000e+00
0.000000000000000000e+00
1.273050000000000015e+00
0.000000000000000000e+00
0.000000000000000000e+00
0.000000000000000000e+00
0.000000000000000000e+00
5.526400000000000201e-01
0.000000000000000000e+00
0.000000000000000000e+00
0.000000000000000000e+00
8.417599999999999527e-01
0.000000000000000000e+00
0.000000000000000000e+00
7.309400000000000341e-01
0.000000000000000000e+00
0.000000000000000000e+00
6.868600000000000261e-01
0.000000000000000000e+00
0.000000000000000000e+00
0.000000000000000000e+00
0.000000000000000000e+00
0.000000000000000000e+00
4.916400000000000214e-01
0.000000000000000000e+00
0.000000000000000000e+00
4.492599999999999927e-01
0.000000000000000000e+00
0.000000000000000000e+00
0.000000000000000000e+00
0.000000000000000000e+00
4.776699999999999835e-01
0.000000000000000000e+00
0.000000000000000000e+00
0.000000000000000000e+00
5.945099999999999829e-01
0.000000000000000000e+00
7.199699999999999989e-01
0.000000000000000000e+00
0.000000000000000000e+00
0.000000000000000000e+00
7.748199999999999532e-01
0.000000000000000000e+00
0.000000000000000000e+00
0.000000000000000000e+00
0.000000000000000000e+00
5.061999999999999833e-01
0.000000000000000000e+00
1.348260000000000014e+00
0.000000000000000000e+00
5.487400000000000055e-01
0.000000000000000000e+00
6.809100000000000152e-01
0.000000000000000000e+00
4.940499999999999892e-01
0.000000000000000000e+00
0.000000000000000000e+00
7.193399999999999794e-01
0.000000000000000000e+00
0.000000000000000000e+00
0.000000000000000000e+00
0.000000000000000000e+00
0.000000000000000000e+00
6.289900000000000491e-01
0.000000000000000000e+00
8.207999999999999741e-01
0.000000000000000000e+00
0.000000000000000000e+00
0.000000000000000000e+00
5.418699999999999628e-01
0.000000000000000000e+00
0.000000000000000000e+00
6.043399999999999883e-01
0.000000000000000000e+00
0.000000000000000000e+00
0.000000000000000000e+00
6.478899999999999659e-01
0.000000000000000000e+00
0.000000000000000000e+00
0.000000000000000000e+00
8.852100000000000524e-01
0.000000000000000000e+00
0.000000000000000000e+00
4.539199999999999902e-01
0.000000000000000000e+00
0.000000000000000000e+00
0.000000000000000000e+00
0.000000000000000000e+00
6.056899999999999507e-01
0.000000000000000000e+00
0.000000000000000000e+00
0.000000000000000000e+00
0.000000000000000000e+00
0.000000000000000000e+00
0.000000000000000000e+00
4.330700000000000105e-01
0.000000000000000000e+00
0.000000000000000000e+00
0.000000000000000000e+00
1.118130000000000068e+00
0.000000000000000000e+00
0.000000000000000000e+00
0.000000000000000000e+00
6.257800000000000029e-01
0.000000000000000000e+00
0.000000000000000000e+00
0.000000000000000000e+00
0.000000000000000000e+00
0.000000000000000000e+00
6.374300000000000521e-01
0.000000000000000000e+00
0.000000000000000000e+00
0.000000000000000000e+00
0.000000000000000000e+00
5.852000000000000535e-01
0.000000000000000000e+00
0.000000000000000000e+00
0.000000000000000000e+00
6.317700000000000538e-01
0.000000000000000000e+00
0.000000000000000000e+00
0.000000000000000000e+00
0.000000000000000000e+00
0.000000000000000000e+00
0.000000000000000000e+00
1.559160000000000101e+00
0.000000000000000000e+00
0.000000000000000000e+00
0.000000000000000000e+00
4.634400000000000186e-01
0.000000000000000000e+00
0.000000000000000000e+00
0.000000000000000000e+00
0.000000000000000000e+00
5.545799999999999619e-01
0.000000000000000000e+00
0.000000000000000000e+00
7.379599999999999493e-01
0.000000000000000000e+00
0.000000000000000000e+00
0.000000000000000000e+00
0.000000000000000000e+00
0.000000000000000000e+00
6.615400000000000169e-01
0.000000000000000000e+00
0.000000000000000000e+00
7.184300000000000130e-01
0.000000000000000000e+00
0.000000000000000000e+00
4.537900000000000267e-01
0.000000000000000000e+00
6.717499999999999583e-01
0.000000000000000000e+00
1.224210000000000020e+00
0.000000000000000000e+00
0.000000000000000000e+00
0.000000000000000000e+00
5.249200000000000532e-01
0.000000000000000000e+00
0.000000000000000000e+00
0.000000000000000000e+00
0.000000000000000000e+00
0.000000000000000000e+00
0.000000000000000000e+00
0.000000000000000000e+00
1.933210000000000095e+00
0.000000000000000000e+00
0.000000000000000000e+00
5.577800000000000535e-01
0.000000000000000000e+00
7.940000000000000391e-01
0.000000000000000000e+00
1.938839999999999897e+00
0.000000000000000000e+00
0.000000000000000000e+00
5.034999999999999476e-01
0.000000000000000000e+00
4.701899999999999968e-01
0.000000000000000000e+00
0.000000000000000000e+00
0.000000000000000000e+00
0.000000000000000000e+00
0.000000000000000000e+00
0.000000000000000000e+00
0.000000000000000000e+00
0.000000000000000000e+00
0.000000000000000000e+00
0.000000000000000000e+00
0.000000000000000000e+00
0.000000000000000000e+00
0.000000000000000000e+00
0.000000000000000000e+00
0.000000000000000000e+00
0.000000000000000000e+00
0.000000000000000000e+00
0.000000000000000000e+00
0.000000000000000000e+00
0.000000000000000000e+00
0.000000000000000000e+00
0.000000000000000000e+00
0.000000000000000000e+00
0.000000000000000000e+00
5.627999999999999670e-01
0.000000000000000000e+00
5.743899999999999562e-01
0.000000000000000000e+00
0.000000000000000000e+00
0.000000000000000000e+00
6.531500000000000083e-01
0.000000000000000000e+00
0.000000000000000000e+00
0.000000000000000000e+00
0.000000000000000000e+00
1.126940000000000053e+00
0.000000000000000000e+00
0.000000000000000000e+00
6.802399999999999558e-01
0.000000000000000000e+00
0.000000000000000000e+00
0.000000000000000000e+00
0.000000000000000000e+00
4.834399999999999809e-01
0.000000000000000000e+00
5.174900000000000055e-01
0.000000000000000000e+00
7.558899999999999508e-01
0.000000000000000000e+00
0.000000000000000000e+00
4.429899999999999949e-01
0.000000000000000000e+00
6.394499999999999629e-01
0.000000000000000000e+00
0.000000000000000000e+00
1.209659999999999958e+00
0.000000000000000000e+00
5.563099999999999712e-01
0.000000000000000000e+00
0.000000000000000000e+00
5.154300000000000548e-01
0.000000000000000000e+00
0.000000000000000000e+00
6.737499999999999600e-01
0.000000000000000000e+00
0.000000000000000000e+00
0.000000000000000000e+00
0.000000000000000000e+00
6.993899999999999562e-01
0.000000000000000000e+00
0.000000000000000000e+00
1.651720000000000077e+00
0.000000000000000000e+00
0.000000000000000000e+00
0.000000000000000000e+00
6.655699999999999950e-01
0.000000000000000000e+00
0.000000000000000000e+00
8.650099999999999456e-01
0.000000000000000000e+00
1.314510000000000067e+00
0.000000000000000000e+00
0.000000000000000000e+00
0.000000000000000000e+00
4.900700000000000056e-01
0.000000000000000000e+00
0.000000000000000000e+00
0.000000000000000000e+00
8.023799999999999821e-01
0.000000000000000000e+00
8.927100000000000035e-01
0.000000000000000000e+00
0.000000000000000000e+00
7.590999999999999970e-01
0.000000000000000000e+00
0.000000000000000000e+00
0.000000000000000000e+00
4.981700000000000017e-01
0.000000000000000000e+00
0.000000000000000000e+00
5.928499999999999881e-01
0.000000000000000000e+00
1.043539999999999912e+00
0.000000000000000000e+00
0.000000000000000000e+00
0.000000000000000000e+00
0.000000000000000000e+00
0.000000000000000000e+00
4.994000000000000106e-01
0.000000000000000000e+00
0.000000000000000000e+00
0.000000000000000000e+00
0.000000000000000000e+00
5.349000000000000421e-01
0.000000000000000000e+00
0.000000000000000000e+00
1.016140000000000043e+00
0.000000000000000000e+00
0.000000000000000000e+00
8.085299999999999709e-01
0.000000000000000000e+00
0.000000000000000000e+00
0.000000000000000000e+00
5.333400000000000363e-01
0.000000000000000000e+00
4.906699999999999950e-01
0.000000000000000000e+00
0.000000000000000000e+00
5.020799999999999708e-01
0.000000000000000000e+00
0.000000000000000000e+00
0.000000000000000000e+00
9.830699999999999994e-01
0.000000000000000000e+00
7.665699999999999736e-01
0.000000000000000000e+00
1.105580000000000007e+00
0.000000000000000000e+00
1.929380000000000095e+00
0.000000000000000000e+00
0.000000000000000000e+00
0.000000000000000000e+00
0.000000000000000000e+00
0.000000000000000000e+00
5.099900000000000544e-01
0.000000000000000000e+00
0.000000000000000000e+00
0.000000000000000000e+00
6.555900000000000061e-01
0.000000000000000000e+00
0.000000000000000000e+00
0.000000000000000000e+00
0.000000000000000000e+00
5.576400000000000245e-01
0.000000000000000000e+00
0.000000000000000000e+00
0.000000000000000000e+00
6.095000000000000417e-01
0.000000000000000000e+00
0.000000000000000000e+00
3.998599999999999932e-01
0.000000000000000000e+00
6.004199999999999537e-01
0.000000000000000000e+00
0.000000000000000000e+00
1.936660000000000048e+00
0.000000000000000000e+00
5.090000000000000080e-01
0.000000000000000000e+00
0.000000000000000000e+00
0.000000000000000000e+00
4.510700000000000265e-01
0.000000000000000000e+00
0.000000000000000000e+00
0.000000000000000000e+00
0.000000000000000000e+00
4.027000000000000024e-01
0.000000000000000000e+00
0.000000000000000000e+00
0.000000000000000000e+00
0.000000000000000000e+00
7.414500000000000535e-01
0.000000000000000000e+00
0.000000000000000000e+00
0.000000000000000000e+00
0.000000000000000000e+00
0.000000000000000000e+00
4.340800000000000214e-01
0.000000000000000000e+00
1.512520000000000087e+00
0.000000000000000000e+00
6.830899999999999750e-01
0.000000000000000000e+00
0.000000000000000000e+00
5.796400000000000441e-01
0.000000000000000000e+00
0.000000000000000000e+00
0.000000000000000000e+00
9.031599999999999628e-01
0.000000000000000000e+00
6.016200000000000436e-01
0.000000000000000000e+00
0.000000000000000000e+00
0.000000000000000000e+00
7.341699999999999893e-01
0.000000000000000000e+00
0.000000000000000000e+00
4.585000000000000187e-01
0.000000000000000000e+00
0.000000000000000000e+00
0.000000000000000000e+00
1.930700000000000083e+00
0.000000000000000000e+00
4.722899999999999876e-01
0.000000000000000000e+00
5.716599999999999460e-01
0.000000000000000000e+00
4.421399999999999775e-01
0.000000000000000000e+00
0.000000000000000000e+00
0.000000000000000000e+00
0.000000000000000000e+00
1.394449999999999967e+00
0.000000000000000000e+00
6.316300000000000248e-01
0.000000000000000000e+00
1.941079999999999917e+00
0.000000000000000000e+00
0.000000000000000000e+00
0.000000000000000000e+00
4.827000000000000179e-01
0.000000000000000000e+00
0.000000000000000000e+00
0.000000000000000000e+00
0.000000000000000000e+00
0.000000000000000000e+00
4.079200000000000048e-01
0.000000000000000000e+00
0.000000000000000000e+00
0.000000000000000000e+00
0.000000000000000000e+00
4.011000000000000121e-01
0.000000000000000000e+00
0.000000000000000000e+00
4.520199999999999774e-01
0.000000000000000000e+00
1.700000000000000122e-04
0.000000000000000000e+00
0.000000000000000000e+00
0.000000000000000000e+00
7.107900000000000329e-01
0.000000000000000000e+00
7.251100000000000323e-01
0.000000000000000000e+00
0.000000000000000000e+00
7.995600000000000485e-01
0.000000000000000000e+00
0.000000000000000000e+00
0.000000000000000000e+00
0.000000000000000000e+00
0.000000000000000000e+00
0.000000000000000000e+00
5.597600000000000353e-01
0.000000000000000000e+00
0.000000000000000000e+00
6.978799999999999448e-01
0.000000000000000000e+00
1.423040000000000083e+00
0.000000000000000000e+00
0.000000000000000000e+00
0.000000000000000000e+00
5.770399999999999974e-01
0.000000000000000000e+00
5.839999999999999636e-01
0.000000000000000000e+00
5.244699999999999918e-01
0.000000000000000000e+00
0.000000000000000000e+00
0.000000000000000000e+00
1.685119999999999951e+00
0.000000000000000000e+00
0.000000000000000000e+00
0.000000000000000000e+00
0.000000000000000000e+00
4.110900000000000110e-01
0.000000000000000000e+00
5.694700000000000317e-01
0.000000000000000000e+00
0.000000000000000000e+00
0.000000000000000000e+00
0.000000000000000000e+00
0.000000000000000000e+00
0.000000000000000000e+00
0.000000000000000000e+00
0.000000000000000000e+00
0.000000000000000000e+00
0.000000000000000000e+00
0.000000000000000000e+00
0.000000000000000000e+00
0.000000000000000000e+00
0.000000000000000000e+00
0.000000000000000000e+00
0.000000000000000000e+00
0.000000000000000000e+00
0.000000000000000000e+00
0.000000000000000000e+00
0.000000000000000000e+00
0.000000000000000000e+00
0.000000000000000000e+00
7.028299999999999548e-01
0.000000000000000000e+00
0.000000000000000000e+00
0.000000000000000000e+00
9.708900000000000308e-01
0.000000000000000000e+00
0.000000000000000000e+00
0.000000000000000000e+00
8.135400000000000409e-01
0.000000000000000000e+00
0.000000000000000000e+00
0.000000000000000000e+00
0.000000000000000000e+00
4.615199999999999858e-01
0.000000000000000000e+00
0.000000000000000000e+00
0.000000000000000000e+00
1.876600000000000046e+00
0.000000000000000000e+00
5.990199999999999969e-01
0.000000000000000000e+00
0.000000000000000000e+00
0.000000000000000000e+00
4.910200000000000120e-01
0.000000000000000000e+00
0.000000000000000000e+00
5.178899999999999615e-01
0.000000000000000000e+00
4.635099999999999776e-01
0.000000000000000000e+00
0.000000000000000000e+00
8.937899999999999734e-01
0.000000000000000000e+00
0.000000000000000000e+00
0.000000000000000000e+00
1.935859999999999914e+00
0.000000000000000000e+00
5.743899999999999562e-01
0.000000000000000000e+00
4.498199999999999976e-01
0.000000000000000000e+00
5.024600000000000177e-01
0.000000000000000000e+00
0.000000000000000000e+00
5.028500000000000192e-01
0.000000000000000000e+00
0.000000000000000000e+00
5.319300000000000139e-01
0.000000000000000000e+00
0.000000000000000000e+00
5.285199999999999898e-01
0.000000000000000000e+00
0.000000000000000000e+00
0.000000000000000000e+00
7.540200000000000236e-01
0.000000000000000000e+00
4.984799999999999787e-01
0.000000000000000000e+00
0.000000000000000000e+00
0.000000000000000000e+00
6.010400000000000187e-01
0.000000000000000000e+00
0.000000000000000000e+00
0.000000000000000000e+00
0.000000000000000000e+00
5.745700000000000252e-01
0.000000000000000000e+00
1.257179999999999964e+00
0.000000000000000000e+00
0.000000000000000000e+00
0.000000000000000000e+00
4.311699999999999977e-01
0.000000000000000000e+00
0.000000000000000000e+00
1.028489999999999904e+00
0.000000000000000000e+00
0.000000000000000000e+00
0.000000000000000000e+00
0.000000000000000000e+00
0.000000000000000000e+00
6.864599999999999591e-01
0.000000000000000000e+00
4.448199999999999932e-01
0.000000000000000000e+00
0.000000000000000000e+00
0.000000000000000000e+00
6.262600000000000389e-01
0.000000000000000000e+00
0.000000000000000000e+00
0.000000000000000000e+00
0.000000000000000000e+00
5.136899999999999800e-01
0.000000000000000000e+00
0.000000000000000000e+00
5.519399999999999862e-01
0.000000000000000000e+00
0.000000000000000000e+00
4.625900000000000012e-01
0.000000000000000000e+00
0.000000000000000000e+00
0.000000000000000000e+00
4.314500000000000002e-01
0.000000000000000000e+00
0.000000000000000000e+00
1.934080000000000021e+00
0.000000000000000000e+00
0.000000000000000000e+00
1.060489999999999933e+00
0.000000000000000000e+00
0.000000000000000000e+00
0.000000000000000000e+00
4.609300000000000064e-01
0.000000000000000000e+00
8.128900000000000015e-01
0.000000000000000000e+00
4.274399999999999866e-01
0.000000000000000000e+00
0.000000000000000000e+00
0.000000000000000000e+00
0.000000000000000000e+00
5.728799999999999448e-01
0.000000000000000000e+00
0.000000000000000000e+00
7.163500000000000423e-01
0.000000000000000000e+00
0.000000000000000000e+00
0.000000000000000000e+00
5.266499999999999515e-01
0.000000000000000000e+00
0.000000000000000000e+00
0.000000000000000000e+00
4.067500000000000004e-01
0.000000000000000000e+00
8.244299999999999962e-01
0.000000000000000000e+00
0.000000000000000000e+00
0.000000000000000000e+00
0.000000000000000000e+00
6.094800000000000217e-01
0.000000000000000000e+00
0.000000000000000000e+00
5.777200000000000113e-01
0.000000000000000000e+00
0.000000000000000000e+00
5.069500000000000117e-01
0.000000000000000000e+00
0.000000000000000000e+00
0.000000000000000000e+00
1.938890000000000002e+00
0.000000000000000000e+00
0.000000000000000000e+00
4.836400000000000143e-01
0.000000000000000000e+00
5.774200000000000443e-01
0.000000000000000000e+00
0.000000000000000000e+00
0.000000000000000000e+00
1.474509999999999987e+00
0.000000000000000000e+00
0.000000000000000000e+00
1.478709999999999969e+00
0.000000000000000000e+00
0.000000000000000000e+00
0.000000000000000000e+00
7.268400000000000416e-01
0.000000000000000000e+00
0.000000000000000000e+00
0.000000000000000000e+00
5.934899999999999620e-01
0.000000000000000000e+00
0.000000000000000000e+00
5.718699999999999894e-01
0.000000000000000000e+00
0.000000000000000000e+00
0.000000000000000000e+00
0.000000000000000000e+00
0.000000000000000000e+00
0.000000000000000000e+00
0.000000000000000000e+00
5.976000000000000201e-01
0.000000000000000000e+00
0.000000000000000000e+00
0.000000000000000000e+00
4.824300000000000255e-01
0.000000000000000000e+00
0.000000000000000000e+00
0.000000000000000000e+00
0.000000000000000000e+00
0.000000000000000000e+00
7.432100000000000373e-01
0.000000000000000000e+00
0.000000000000000000e+00
7.606000000000000538e-01
0.000000000000000000e+00
1.599120000000000097e+00
0.000000000000000000e+00
0.000000000000000000e+00
4.824100000000000055e-01
0.000000000000000000e+00
0.000000000000000000e+00
0.000000000000000000e+00
0.000000000000000000e+00
0.000000000000000000e+00
1.939880000000000049e+00
0.000000000000000000e+00
0.000000000000000000e+00
0.000000000000000000e+00
0.000000000000000000e+00
6.100400000000000267e-01
0.000000000000000000e+00
5.348399999999999821e-01
0.000000000000000000e+00
0.000000000000000000e+00
0.000000000000000000e+00
0.000000000000000000e+00
1.075430000000000108e+00
0.000000000000000000e+00
0.000000000000000000e+00
0.000000000000000000e+00
0.000000000000000000e+00
0.000000000000000000e+00
5.303499999999999881e-01
0.000000000000000000e+00
0.000000000000000000e+00
4.402300000000000102e-01
0.000000000000000000e+00
0.000000000000000000e+00
5.056399999999999784e-01
0.000000000000000000e+00
0.000000000000000000e+00
9.867799999999999905e-01
0.000000000000000000e+00
0.000000000000000000e+00
1.936069999999999958e+00
0.000000000000000000e+00
0.000000000000000000e+00
0.000000000000000000e+00
4.671399999999999997e-01
0.000000000000000000e+00
0.000000000000000000e+00
1.395489999999999897e+00
0.000000000000000000e+00
6.471999999999999975e-01
0.000000000000000000e+00
0.000000000000000000e+00
4.469600000000000239e-01
0.000000000000000000e+00
0.000000000000000000e+00
8.999399999999999622e-01
0.000000000000000000e+00
0.000000000000000000e+00
6.040200000000000014e-01
0.000000000000000000e+00
0.000000000000000000e+00
0.000000000000000000e+00
1.051449999999999996e+00
0.000000000000000000e+00
0.000000000000000000e+00
0.000000000000000000e+00
5.097000000000000419e-01
0.000000000000000000e+00
1.929789999999999894e+00
0.000000000000000000e+00
0.000000000000000000e+00
4.820099999999999940e-01
0.000000000000000000e+00
0.000000000000000000e+00
4.103999999999999870e-01
0.000000000000000000e+00
0.000000000000000000e+00
0.000000000000000000e+00
0.000000000000000000e+00
0.000000000000000000e+00
1.938830000000000053e+00
0.000000000000000000e+00
0.000000000000000000e+00
7.637100000000000000e-01
0.000000000000000000e+00
0.000000000000000000e+00
0.000000000000000000e+00
0.000000000000000000e+00
0.000000000000000000e+00
0.000000000000000000e+00
0.000000000000000000e+00
0.000000000000000000e+00
0.000000000000000000e+00
0.000000000000000000e+00
0.000000000000000000e+00
0.000000000000000000e+00
0.000000000000000000e+00
0.000000000000000000e+00
0.000000000000000000e+00
0.000000000000000000e+00
0.000000000000000000e+00
0.000000000000000000e+00
0.000000000000000000e+00
0.000000000000000000e+00
0.000000000000000000e+00
0.000000000000000000e+00
5.979100000000000525e-01
0.000000000000000000e+00
0.000000000000000000e+00
8.213599999999999790e-01
0.000000000000000000e+00
0.000000000000000000e+00
6.627300000000000413e-01
0.000000000000000000e+00
0.000000000000000000e+00
4.958199999999999830e-01
0.000000000000000000e+00
1.062419999999999920e+00
0.000000000000000000e+00
8.927599999999999980e-01
0.000000000000000000e+00
0.000000000000000000e+00
6.491500000000000048e-01
0.000000000000000000e+00
6.390200000000000324e-01
0.000000000000000000e+00
0.000000000000000000e+00
8.077299999999999480e-01
0.000000000000000000e+00
0.000000000000000000e+00
4.964000000000000079e-01
0.000000000000000000e+00
0.000000000000000000e+00
4.952300000000000035e-01
0.000000000000000000e+00
0.000000000000000000e+00
0.000000000000000000e+00
0.000000000000000000e+00
7.195700000000000429e-01
0.000000000000000000e+00
0.000000000000000000e+00
0.000000000000000000e+00
7.444399999999999906e-01
0.000000000000000000e+00
5.603700000000000347e-01
0.000000000000000000e+00
0.000000000000000000e+00
1.252099999999999991e+00
0.000000000000000000e+00
5.401200000000000445e-01
0.000000000000000000e+00
0.000000000000000000e+00
5.880400000000000071e-01
0.000000000000000000e+00
0.000000000000000000e+00
0.000000000000000000e+00
4.702899999999999858e-01
0.000000000000000000e+00
0.000000000000000000e+00
4.938100000000000267e-01
0.000000000000000000e+00
8.366500000000000048e-01
0.000000000000000000e+00
1.584410000000000096e+00
0.000000000000000000e+00
0.000000000000000000e+00
0.000000000000000000e+00
1.060459999999999958e+00
0.000000000000000000e+00
0.000000000000000000e+00
0.000000000000000000e+00
7.797199999999999687e-01
0.000000000000000000e+00
4.680199999999999916e-01
0.000000000000000000e+00
0.000000000000000000e+00
0.000000000000000000e+00
0.000000000000000000e+00
0.000000000000000000e+00
5.843699999999999450e-01
0.000000000000000000e+00
0.000000000000000000e+00
5.855599999999999694e-01
0.000000000000000000e+00
0.000000000000000000e+00
0.000000000000000000e+00
0.000000000000000000e+00
0.000000000000000000e+00
6.236699999999999466e-01
0.000000000000000000e+00
0.000000000000000000e+00
5.240799999999999903e-01
0.000000000000000000e+00
0.000000000000000000e+00
8.692699999999999871e-01
0.000000000000000000e+00
0.000000000000000000e+00
0.000000000000000000e+00
0.000000000000000000e+00
0.000000000000000000e+00
4.039499999999999758e-01
0.000000000000000000e+00
0.000000000000000000e+00
8.781200000000000117e-01
0.000000000000000000e+00
0.000000000000000000e+00
6.985299999999999843e-01
0.000000000000000000e+00
0.000000000000000000e+00
0.000000000000000000e+00
0.000000000000000000e+00
4.858999999999999986e-01
0.000000000000000000e+00
0.000000000000000000e+00
3.904299999999999993e-01
0.000000000000000000e+00
0.000000000000000000e+00
6.905999999999999917e-01
0.000000000000000000e+00
0.000000000000000000e+00
4.758600000000000052e-01
0.000000000000000000e+00
0.000000000000000000e+00
0.000000000000000000e+00
0.000000000000000000e+00
0.000000000000000000e+00
0.000000000000000000e+00
0.000000000000000000e+00
5.236600000000000144e-01
0.000000000000000000e+00
0.000000000000000000e+00
6.370799999999999796e-01
0.000000000000000000e+00
8.186600000000000543e-01
0.000000000000000000e+00
0.000000000000000000e+00
1.117210000000000036e+00
0.000000000000000000e+00
0.000000000000000000e+00
0.000000000000000000e+00
0.000000000000000000e+00
4.852000000000000202e-01
0.000000000000000000e+00
0.000000000000000000e+00
0.000000000000000000e+00
5.616200000000000081e-01
0.000000000000000000e+00
1.036529999999999951e+00
0.000000000000000000e+00
0.000000000000000000e+00
1.930099999999999927e+00
0.000000000000000000e+00
0.000000000000000000e+00
6.388599999999999834e-01
0.000000000000000000e+00
0.000000000000000000e+00
0.000000000000000000e+00
5.454400000000000359e-01
0.000000000000000000e+00
5.186199999999999699e-01
0.000000000000000000e+00
5.425600000000000422e-01
0.000000000000000000e+00
0.000000000000000000e+00
0.000000000000000000e+00
1.494059999999999944e+00
0.000000000000000000e+00
7.726800000000000335e-01
0.000000000000000000e+00
1.931349999999999900e+00
0.000000000000000000e+00
0.000000000000000000e+00
3.865399999999999947e-01
0.000000000000000000e+00
0.000000000000000000e+00
0.000000000000000000e+00
5.243100000000000538e-01
0.000000000000000000e+00
0.000000000000000000e+00
0.000000000000000000e+00
5.721600000000000019e-01
0.000000000000000000e+00
0.000000000000000000e+00
7.524399999999999977e-01
0.000000000000000000e+00
0.000000000000000000e+00
4.784100000000000019e-01
0.000000000000000000e+00
0.000000000000000000e+00
4.945700000000000096e-01
0.000000000000000000e+00
1.934050000000000047e+00
0.000000000000000000e+00
0.000000000000000000e+00
3.931499999999999995e-01
0.000000000000000000e+00
0.000000000000000000e+00
0.000000000000000000e+00
5.799699999999999855e-01
0.000000000000000000e+00
0.000000000000000000e+00
5.457100000000000284e-01
0.000000000000000000e+00
0.000000000000000000e+00
0.000000000000000000e+00
1.512680000000000025e+00
0.000000000000000000e+00
7.834699999999999998e-01
0.000000000000000000e+00
0.000000000000000000e+00
0.000000000000000000e+00
0.000000000000000000e+00
0.000000000000000000e+00
1.936909999999999910e+00
0.000000000000000000e+00
0.000000000000000000e+00
0.000000000000000000e+00
4.991300000000000181e-01
0.000000000000000000e+00
0.000000000000000000e+00
9.874800000000000244e-01
0.000000000000000000e+00
0.000000000000000000e+00
0.000000000000000000e+00
0.000000000000000000e+00
1.932469999999999910e+00
0.000000000000000000e+00
5.038700000000000401e-01
0.000000000000000000e+00
0.000000000000000000e+00
0.000000000000000000e+00
0.000000000000000000e+00
5.556600000000000428e-01
0.000000000000000000e+00
0.000000000000000000e+00
0.000000000000000000e+00
5.774500000000000188e-01
0.000000000000000000e+00
8.614199999999999635e-01
0.000000000000000000e+00
0.000000000000000000e+00
0.000000000000000000e+00
1.238120000000000109e+00
0.000000000000000000e+00
0.000000000000000000e+00
0.000000000000000000e+00
0.000000000000000000e+00
0.000000000000000000e+00
0.000000000000000000e+00
5.064199999999999813e-01
0.000000000000000000e+00
0.000000000000000000e+00
0.000000000000000000e+00
7.104099999999999859e-01
0.000000000000000000e+00
0.000000000000000000e+00
0.000000000000000000e+00
5.398399999999999865e-01
0.000000000000000000e+00
0.000000000000000000e+00
1.171349999999999891e+00
0.000000000000000000e+00
5.238000000000000295e-02
0.000000000000000000e+00
0.000000000000000000e+00
0.000000000000000000e+00
0.000000000000000000e+00
0.000000000000000000e+00
0.000000000000000000e+00
4.758100000000000107e-01
0.000000000000000000e+00
0.000000000000000000e+00
0.000000000000000000e+00
0.000000000000000000e+00
0.000000000000000000e+00
5.884800000000000031e-01
0.000000000000000000e+00
0.000000000000000000e+00
0.000000000000000000e+00
0.000000000000000000e+00
0.000000000000000000e+00
5.360800000000000010e-01
0.000000000000000000e+00
0.000000000000000000e+00
0.000000000000000000e+00
0.000000000000000000e+00
0.000000000000000000e+00
0.000000000000000000e+00
0.000000000000000000e+00
0.000000000000000000e+00
0.000000000000000000e+00
0.000000000000000000e+00
0.000000000000000000e+00
