0.000000000000000000e+00
0.000000000000000000e+00
0.000000000000000000e+00
0.000000000000000000e+00
0.000000000000000000e+00
0.000000000000000000e+00
0.000000000000000000e+00
0.000000000000000000e+00
0.000000000000000000e+00
0.000000000000000000e+00
1.574600000000000000e+00
0.000000000000000000e+00
7.483100000000000307e-01
0.000000000000000000e+00
0.000000000000000000e+00
5.599800000000000333e-01
0.000000000000000000e+00
0.000000000000000000e+00
7.089600000000000346e-01
0.000000000000000000e+00
5.128099999999999881e-01
0.000000000000000000e+00
0.000000000000000000e+00
0.000000000000000000e+00
8.059899999999999842e-01
0.000000000000000000e+00
0.000000000000000000e+00
0.000000000000000000e+00
6.805799999999999628e-01
0.000000000000000000e+00
0.000000000000000000e+00
9.822699999999999765e-01
0.000000000000000000e+00
0.000000000000000000e+00
0.000000000000000000e+00
5.208899999999999642e-01
0.000000000000000000e+00
4.809399999999999786e-01
0.000000000000000000e+00
0.000000000000000000e+00
5.976299999999999946e-01
0.000000000000000000e+00
9.127499999999999503e-01
0.000000000000000000e+00
4.879700000000000149e-01
0.000000000000000000e+00
0.000000000000000000e+00
0.000000000000000000e+00
0.000000000000000000e+00
8.978399999999999714e-01
0.000000000000000000e+00
0.000000000000000000e+00
0.000000000000000000e+00
4.921699999999999964e-01
0.000000000000000000e+00
7.518899999999999473e-01
0.000000000000000000e+00
0.000000000000000000e+00
5.479699999999999571e-01
0.000000000000000000e+00
0.000000000000000000e+00
0.000000000000000000e+00
5.866900000000000448e-01
0.000000000000000000e+00
0.000000000000000000e+00
0.000000000000000000e+00
5.029200000000000337e-01
0.000000000000000000e+00
0.000000000000000000e+00
0.000000000000000000e+00
0.000000000000000000e+00
0.000000000000000000e+00
0.000000000000000000e+00
9.492199999999999527e-01
0.000000000000000000e+00
0.000000000000000000e+00
0.000000000000000000e+00
5.107099999999999973e-01
0.000000000000000000e+00
0.000000000000000000e+00
0.000000000000000000e+00
6.428399999999999670e-01
0.000000000000000000e+00
0.000000000000000000e+00
4.504099999999999770e-01
0.000000000000000000e+00
5.907000000000000028e-01
0.000000000000000000e+00
0.000000000000000000e+00
0.000000000000000000e+00
3.527100000000000235e-01
0.000000000000000000e+00
0.000000000000000000e+00
0.000000000000000000e+00
0.000000000000000000e+00
7.548000000000000265e-01
0.000000000000000000e+00
0.000000000000000000e+00
0.000000000000000000e+00
0.000000000000000000e+00
0.000000000000000000e+00
7.291900000000000048e-01
0.000000000000000000e+00
0.000000000000000000e+00
0.000000000000000000e+00
0.000000000000000000e+00
5.350700000000000456e-01
0.000000000000000000e+00
0.000000000000000000e+00
0.000000000000000000e+00
0.000000000000000000e+00
8.224799999999999889e-01
0.000000000000000000e+00
9.598700000000000010e-01
0.000000000000000000e+00
1.285679999999999934e+00
0.000000000000000000e+00
0.000000000000000000e+00
0.000000000000000000e+00
4.335399999999999809e-01
0.000000000000000000e+00
0.000000000000000000e+00
7.867899999999999894e-01
0.000000000000000000e+00
0.000000000000000000e+00
0.000000000000000000e+00
6.195100000000000051e-01
0.000000000000000000e+00
0.000000000000000000e+00
1.303790000000000004e+00
0.000000000000000000e+00
0.000000000000000000e+00
0.000000000000000000e+00
5.536400000000000210e-01
0.000000000000000000e+00
0.000000000000000000e+00
5.051799999999999624e-01
0.000000000000000000e+00
0.000000000000000000e+00
0.000000000000000000e+00
4.738299999999999734e-01
0.000000000000000000e+00
0.000000000000000000e+00
0.000000000000000000e+00
0.000000000000000000e+00
5.331200000000000383e-01
0.000000000000000000e+00
0.000000000000000000e+00
0.000000000000000000e+00
8.458299999999999708e-01
0.000000000000000000e+00
0.000000000000000000e+00
0.000000000000000000e+00
5.565099999999999492e-01
0.000000000000000000e+00
0.000000000000000000e+00
0.000000000000000000e+00
0.000000000000000000e+00
5.681899999999999729e-01
0.000000000000000000e+00
0.000000000000000000e+00
1.231840000000000046e+00
0.000000000000000000e+00
0.000000000000000000e+00
0.000000000000000000e+00
0.000000000000000000e+00
6.176300000000000123e-01
0.000000000000000000e+00
0.000000000000000000e+00
0.000000000000000000e+00
5.334799999999999542e-01
0.000000000000000000e+00
6.035700000000000509e-01
0.000000000000000000e+00
0.000000000000000000e+00
0.000000000000000000e+00
5.082400000000000251e-01
0.000000000000000000e+00
0.000000000000000000e+00
1.202909999999999924e+00
0.000000000000000000e+00
0.000000000000000000e+00
9.931200000000000028e-01
0.000000000000000000e+00
0.000000000000000000e+00
4.622999999999999887e-01
0.000000000000000000e+00
0.000000000000000000e+00
0.000000000000000000e+00
1.590170000000000083e+00
0.000000000000000000e+00
0.000000000000000000e+00
0.000000000000000000e+00
5.429800000000000182e-01
0.000000000000000000e+00
0.000000000000000000e+00
0.000000000000000000e+00
0.000000000000000000e+00
6.231499999999999817e-01
0.000000000000000000e+00
5.584999999999999964e-01
0.000000000000000000e+00
0.000000000000000000e+00
4.742600000000000149e-01
0.000000000000000000e+00
7.396500000000000297e-01
0.000000000000000000e+00
0.000000000000000000e+00
0.000000000000000000e+00
0.000000000000000000e+00
0.000000000000000000e+00
0.000000000000000000e+00
1.310910000000000020e+00
0.000000000000000000e+00
0.000000000000000000e+00
0.000000000000000000e+00
0.000000000000000000e+00
6.871599999999999930e-01
0.000000000000000000e+00
0.000000000000000000e+00
0.000000000000000000e+00
0.000000000000000000e+00
7.346700000000000452e-01
0.000000000000000000e+00
0.000000000000000000e+00
0.000000000000000000e+00
1.934379999999999988e+00
0.000000000000000000e+00
0.000000000000000000e+00
5.705400000000000471e-01
0.000000000000000000e+00
5.085100000000000176e-01
0.000000000000000000e+00
0.000000000000000000e+00
0.000000000000000000e+00
0.000000000000000000e+00
0.000000000000000000e+00
0.000000000000000000e+00
0.000000000000000000e+00
6.237399999999999611e-01
0.000000000000000000e+00
0.000000000000000000e+00
5.936700000000000310e-01
0.000000000000000000e+00
0.000000000000000000e+00
5.929200000000000026e-01
0.000000000000000000e+00
0.000000000000000000e+00
6.901100000000000012e-01
0.000000000000000000e+00
6.598300000000000276e-01
0.000000000000000000e+00
0.000000000000000000e+00
0.000000000000000000e+00
7.967499999999999583e-01
0.000000000000000000e+00
0.000000000000000000e+00
0.000000000000000000e+00
0.000000000000000000e+00
6.161699999999999955e-01
0.000000000000000000e+00
0.000000000000000000e+00
0.000000000000000000e+00
8.093000000000000194e-01
0.000000000000000000e+00
0.000000000000000000e+00
4.740300000000000069e-01
0.000000000000000000e+00
0.000000000000000000e+00
6.831099999999999950e-01
0.000000000000000000e+00
0.000000000000000000e+00
6.286100000000000021e-01
0.000000000000000000e+00
0.000000000000000000e+00
0.000000000000000000e+00
0.000000000000000000e+00
5.716200000000000170e-01
0.000000000000000000e+00
0.000000000000000000e+00
1.105359999999999898e+00
0.000000000000000000e+00
0.000000000000000000e+00
0.000000000000000000e+00
7.338900000000000423e-01
0.000000000000000000e+00
0.000000000000000000e+00
5.346999999999999531e-01
0.000000000000000000e+00
0.000000000000000000e+00
0.000000000000000000e+00
0.000000000000000000e+00
8.404700000000000504e-01
0.000000000000000000e+00
0.000000000000000000e+00
0.000000000000000000e+00
0.000000000000000000e+00
0.000000000000000000e+00
4.762500000000000067e-01
0.000000000000000000e+00
1.719300000000000050e+00
0.000000000000000000e+00
0.000000000000000000e+00
0.000000000000000000e+00
0.000000000000000000e+00
0.000000000000000000e+00
0.000000000000000000e+00
0.000000000000000000e+00
0.000000000000000000e+00
0.000000000000000000e+00
0.000000000000000000e+00
0.000000000000000000e+00
0.000000000000000000e+00
0.000000000000000000e+00
0.000000000000000000e+00
0.000000000000000000e+00
0.000000000000000000e+00
0.000000000000000000e+00
0.000000000000000000e+00
0.000000000000000000e+00
0.000000000000000000e+00
0.000000000000000000e+00
0.000000000000000000e+00
0.000000000000000000e+00
0.000000000000000000e+00
0.000000000000000000e+00
0.000000000000000000e+00
1.114849999999999897e+00
0.000000000000000000e+00
0.000000000000000000e+00
1.108119999999999994e+00
0.000000000000000000e+00
7.446399999999999686e-01
0.000000000000000000e+00
0.000000000000000000e+00
0.000000000000000000e+00
0.000000000000000000e+00
4.353000000000000203e-01
0.000000000000000000e+00
7.096599999999999575e-01
0.000000000000000000e+00
0.000000000000000000e+00
1.164390000000000036e+00
0.000000000000000000e+00
0.000000000000000000e+00
0.000000000000000000e+00
8.565800000000000081e-01
0.000000000000000000e+00
0.000000000000000000e+00
6.438199999999999479e-01
0.000000000000000000e+00
0.000000000000000000e+00
0.000000000000000000e+00
5.294900000000000162e-01
0.000000000000000000e+00
7.825600000000000334e-01
0.000000000000000000e+00
0.000000000000000000e+00
0.000000000000000000e+00
6.665299999999999558e-01
0.000000000000000000e+00
6.851199999999999513e-01
0.000000000000000000e+00
7.489000000000000101e-01
0.000000000000000000e+00
0.000000000000000000e+00
0.000000000000000000e+00
0.000000000000000000e+00
4.485799999999999788e-01
0.000000000000000000e+00
0.000000000000000000e+00
0.000000000000000000e+00
0.000000000000000000e+00
8.889500000000000179e-01
0.000000000000000000e+00
1.860149999999999970e+00
0.000000000000000000e+00
7.024700000000000388e-01
0.000000000000000000e+00
5.825500000000000123e-01
0.000000000000000000e+00
0.000000000000000000e+00
0.000000000000000000e+00
5.316199999999999815e-01
0.000000000000000000e+00
9.656400000000000539e-01
0.000000000000000000e+00
0.000000000000000000e+00
0.000000000000000000e+00
6.931199999999999584e-01
0.000000000000000000e+00
0.000000000000000000e+00
6.201799999999999535e-01
0.000000000000000000e+00
5.965700000000000447e-01
0.000000000000000000e+00
0.000000000000000000e+00
7.868300000000000294e-01
0.000000000000000000e+00
0.000000000000000000e+00
8.671999999999999709e-01
0.000000000000000000e+00
0.000000000000000000e+00
1.473510000000000097e+00
0.000000000000000000e+00
0.000000000000000000e+00
0.000000000000000000e+00
0.000000000000000000e+00
0.000000000000000000e+00
0.000000000000000000e+00
4.994999999999999996e-01
0.000000000000000000e+00
0.000000000000000000e+00
6.337000000000000410e-01
0.000000000000000000e+00
5.813500000000000334e-01
0.000000000000000000e+00
6.408199999999999452e-01
0.000000000000000000e+00
7.192899999999999849e-01
0.000000000000000000e+00
0.000000000000000000e+00
0.000000000000000000e+00
0.000000000000000000e+00
7.251300000000000523e-01
0.000000000000000000e+00
0.000000000000000000e+00
7.002000000000000446e-01
0.000000000000000000e+00
0.000000000000000000e+00
7.787600000000000078e-01
0.000000000000000000e+00
0.000000000000000000e+00
0.000000000000000000e+00
0.000000000000000000e+00
0.000000000000000000e+00
5.318800000000000194e-01
0.000000000000000000e+00
8.517200000000000326e-01
0.000000000000000000e+00
5.480099999999999971e-01
0.000000000000000000e+00
5.981300000000000505e-01
0.000000000000000000e+00
6.263900000000000023e-01
0.000000000000000000e+00
0.000000000000000000e+00
5.339699999999999447e-01
0.000000000000000000e+00
0.000000000000000000e+00
0.000000000000000000e+00
5.590500000000000469e-01
0.000000000000000000e+00
0.000000000000000000e+00
0.000000000000000000e+00
0.000000000000000000e+00
4.777899999999999925e-01
0.000000000000000000e+00
0.000000000000000000e+00
1.302130000000000010e+00
0.000000000000000000e+00
0.000000000000000000e+00
0.000000000000000000e+00
6.979199999999999848e-01
0.000000000000000000e+00
0.000000000000000000e+00
0.000000000000000000e+00
0.000000000000000000e+00
0.000000000000000000e+00
1.195999999999999952e+00
0.000000000000000000e+00
6.959899999999999975e-01
0.000000000000000000e+00
0.000000000000000000e+00
0.000000000000000000e+00
8.039600000000000080e-01
0.000000000000000000e+00
0.000000000000000000e+00
8.603399999999999936e-01
0.000000000000000000e+00
7.147400000000000420e-01
0.000000000000000000e+00
0.000000000000000000e+00
5.542599999999999749e-01
0.000000000000000000e+00
0.000000000000000000e+00
8.330699999999999772e-01
0.000000000000000000e+00
1.138849999999999918e+00
0.000000000000000000e+00
0.000000000000000000e+00
0.000000000000000000e+00
5.230500000000000149e-01
0.000000000000000000e+00
0.000000000000000000e+00
0.000000000000000000e+00
5.267399999999999860e-01
0.000000000000000000e+00
0.000000000000000000e+00
0.000000000000000000e+00
5.113600000000000367e-01
0.000000000000000000e+00
0.000000000000000000e+00
0.000000000000000000e+00
0.000000000000000000e+00
0.000000000000000000e+00
4.906699999999999950e-01
0.000000000000000000e+00
8.596799999999999997e-01
0.000000000000000000e+00
1.027590000000000003e+00
0.000000000000000000e+00
5.635400000000000409e-01
0.000000000000000000e+00
0.000000000000000000e+00
0.000000000000000000e+00
0.000000000000000000e+00
0.000000000000000000e+00
0.000000000000000000e+00
4.875999999999999779e-01
0.000000000000000000e+00
0.000000000000000000e+00
0.000000000000000000e+00
5.206699999999999662e-01
0.000000000000000000e+00
0.000000000000000000e+00
5.624299999999999855e-01
0.000000000000000000e+00
5.685099999999999598e-01
0.000000000000000000e+00
0.000000000000000000e+00
0.000000000000000000e+00
0.000000000000000000e+00
8.811700000000000088e-01
0.000000000000000000e+00
0.000000000000000000e+00
0.000000000000000000e+00
1.471910000000000052e+00
0.000000000000000000e+00
8.404199999999999449e-01
0.000000000000000000e+00
0.000000000000000000e+00
1.935710000000000042e+00
0.000000000000000000e+00
0.000000000000000000e+00
5.625599999999999490e-01
0.000000000000000000e+00
7.454899999999999860e-01
0.000000000000000000e+00
0.000000000000000000e+00
0.000000000000000000e+00
0.000000000000000000e+00
8.080199999999999605e-01
0.000000000000000000e+00
0.000000000000000000e+00
0.000000000000000000e+00
0.000000000000000000e+00
6.058700000000000196e-01
0.000000000000000000e+00
5.974599999999999911e-01
0.000000000000000000e+00
0.000000000000000000e+00
0.000000000000000000e+00
0.000000000000000000e+00
5.458300000000000374e-01
0.000000000000000000e+00
0.000000000000000000e+00
7.700099999999999723e-01
0.000000000000000000e+00
0.000000000000000000e+00
0.000000000000000000e+00
7.022500000000000409e-01
0.000000000000000000e+00
0.000000000000000000e+00
7.705199999999999827e-01
0.000000000000000000e+00
0.000000000000000000e+00
4.702500000000000013e-01
0.000000000000000000e+00
0.000000000000000000e+00
8.885499999999999510e-01
0.000000000000000000e+00
0.000000000000000000e+00
0.000000000000000000e+00
1.939650000000000096e+00
0.000000000000000000e+00
0.000000000000000000e+00
0.000000000000000000e+00
0.000000000000000000e+00
7.139199999999999990e-01
0.000000000000000000e+00
0.000000000000000000e+00
0.000000000000000000e+00
0.000000000000000000e+00
0.000000000000000000e+00
0.000000000000000000e+00
0.000000000000000000e+00
0.000000000000000000e+00
0.000000000000000000e+00
0.000000000000000000e+00
0.000000000000000000e+00
0.000000000000000000e+00
0.000000000000000000e+00
0.000000000000000000e+00
0.000000000000000000e+00
0.000000000000000000e+00
0.000000000000000000e+00
0.000000000000000000e+00
0.000000000000000000e+00
0.000000000000000000e+00
0.000000000000000000e+00
0.000000000000000000e+00
0.000000000000000000e+00
0.000000000000000000e+00
1.411070000000000046e+00
0.000000000000000000e+00
0.000000000000000000e+00
0.000000000000000000e+00
4.731099999999999750e-01
0.000000000000000000e+00
0.000000000000000000e+00
0.000000000000000000e+00
7.393800000000000372e-01
0.000000000000000000e+00
0.000000000000000000e+00
0.000000000000000000e+00
0.000000000000000000e+00
5.565600000000000547e-01
0.000000000000000000e+00
0.000000000000000000e+00
0.000000000000000000e+00
0.000000000000000000e+00
1.130810000000000093e+00
0.000000000000000000e+00
0.000000000000000000e+00
5.866799999999999793e-01
0.000000000000000000e+00
0.000000000000000000e+00
5.451200000000000490e-01
0.000000000000000000e+00
0.000000000000000000e+00
0.000000000000000000e+00
0.000000000000000000e+00
0.000000000000000000e+00
0.000000000000000000e+00
6.066899999999999515e-01
0.000000000000000000e+00
6.369000000000000217e-01
0.000000000000000000e+00
0.000000000000000000e+00
4.491999999999999882e-01
0.000000000000000000e+00
0.000000000000000000e+00
6.297099999999999920e-01
0.000000000000000000e+00
0.000000000000000000e+00
7.028699999999999948e-01
0.000000000000000000e+00
0.000000000000000000e+00
0.000000000000000000e+00
7.680599999999999650e-01
0.000000000000000000e+00
0.000000000000000000e+00
0.000000000000000000e+00
0.000000000000000000e+00
6.113800000000000345e-01
0.000000000000000000e+00
0.000000000000000000e+00
1.953149999999999942e+00
0.000000000000000000e+00
5.241000000000000103e-01
0.000000000000000000e+00
0.000000000000000000e+00
0.000000000000000000e+00
4.920300000000000229e-01
0.000000000000000000e+00
0.000000000000000000e+00
5.175899999999999945e-01
0.000000000000000000e+00
5.223100000000000520e-01
0.000000000000000000e+00
1.464339999999999975e+00
0.000000000000000000e+00
0.000000000000000000e+00
6.411499999999999977e-01
0.000000000000000000e+00
0.000000000000000000e+00
0.000000000000000000e+00
0.000000000000000000e+00
6.986799999999999677e-01
0.000000000000000000e+00
0.000000000000000000e+00
1.303209999999999980e+00
0.000000000000000000e+00
0.000000000000000000e+00
0.000000000000000000e+00
0.000000000000000000e+00
4.832299999999999929e-01
0.000000000000000000e+00
0.000000000000000000e+00
0.000000000000000000e+00
1.370090000000000030e+00
0.000000000000000000e+00
0.000000000000000000e+00
0.000000000000000000e+00
1.940229999999999899e+00
0.000000000000000000e+00
1.941689999999999916e+00
0.000000000000000000e+00
0.000000000000000000e+00
0.000000000000000000e+00
0.000000000000000000e+00
5.457199999999999829e-01
0.000000000000000000e+00
5.428399999999999892e-01
0.000000000000000000e+00
0.000000000000000000e+00
0.000000000000000000e+00
0.000000000000000000e+00
0.000000000000000000e+00
6.856100000000000527e-01
0.000000000000000000e+00
0.000000000000000000e+00
0.000000000000000000e+00
5.807299999999999685e-01
0.000000000000000000e+00
6.399000000000000243e-01
0.000000000000000000e+00
0.000000000000000000e+00
9.999700000000000255e-01
0.000000000000000000e+00
6.513099999999999445e-01
0.000000000000000000e+00
5.482200000000000406e-01
0.000000000000000000e+00
0.000000000000000000e+00
5.782300000000000217e-01
0.000000000000000000e+00
0.000000000000000000e+00
0.000000000000000000e+00
0.000000000000000000e+00
4.429899999999999949e-01
0.000000000000000000e+00
1.562540000000000040e+00
0.000000000000000000e+00
0.000000000000000000e+00
0.000000000000000000e+00
1.929939999999999989e+00
0.000000000000000000e+00
0.000000000000000000e+00
0.000000000000000000e+00
0.000000000000000000e+00
5.429599999999999982e-01
0.000000000000000000e+00
0.000000000000000000e+00
5.323200000000000154e-01
0.000000000000000000e+00
0.000000000000000000e+00
9.526099999999999568e-01
0.000000000000000000e+00
0.000000000000000000e+00
0.000000000000000000e+00
0.000000000000000000e+00
5.291299999999999892e-01
0.000000000000000000e+00
0.000000000000000000e+00
0.000000000000000000e+00
1.684069999999999956e+00
0.000000000000000000e+00
0.000000000000000000e+00
0.000000000000000000e+00
0.000000000000000000e+00
5.512200000000000433e-01
0.000000000000000000e+00
0.000000000000000000e+00
0.000000000000000000e+00
0.000000000000000000e+00
5.632099999999999884e-01
0.000000000000000000e+00
4.914100000000000135e-01
0.000000000000000000e+00
0.000000000000000000e+00
0.000000000000000000e+00
5.955000000000000293e-01
0.000000000000000000e+00
0.000000000000000000e+00
0.000000000000000000e+00
6.050600000000000422e-01
0.000000000000000000e+00
0.000000000000000000e+00
0.000000000000000000e+00
0.000000000000000000e+00
4.082000000000000073e-01
0.000000000000000000e+00
5.747900000000000231e-01
0.000000000000000000e+00
0.000000000000000000e+00
1.213600000000000012e+00
0.000000000000000000e+00
0.000000000000000000e+00
0.000000000000000000e+00
4.468799999999999994e-01
0.000000000000000000e+00
0.000000000000000000e+00
0.000000000000000000e+00
0.000000000000000000e+00
0.000000000000000000e+00
5.119599999999999707e-01
0.000000000000000000e+00
0.000000000000000000e+00
0.000000000000000000e+00
0.000000000000000000e+00
4.647399999999999864e-01
0.000000000000000000e+00
0.000000000000000000e+00
1.753239999999999910e+00
0.000000000000000000e+00
0.000000000000000000e+00
0.000000000000000000e+00
7.987400000000000055e-01
0.000000000000000000e+00
6.893299999999999983e-01
0.000000000000000000e+00
7.907600000000000184e-01
0.000000000000000000e+00
0.000000000000000000e+00
0.000000000000000000e+00
1.936790000000000012e+00
0.000000000000000000e+00
0.000000000000000000e+00
5.672099999999999920e-01
0.000000000000000000e+00
0.000000000000000000e+00
0.000000000000000000e+00
5.321700000000000319e-01
0.000000000000000000e+00
0.000000000000000000e+00
0.000000000000000000e+00
6.659599999999999964e-01
0.000000000000000000e+00
7.394699999999999607e-01
0.000000000000000000e+00
1.536780000000000035e+00
0.000000000000000000e+00
5.245100000000000318e-01
0.000000000000000000e+00
0.000000000000000000e+00
5.828200000000000047e-01
0.000000000000000000e+00
0.000000000000000000e+00
4.165900000000000158e-01
0.000000000000000000e+00
0.000000000000000000e+00
0.000000000000000000e+00
0.000000000000000000e+00
1.944949999999999957e+00
0.000000000000000000e+00
0.000000000000000000e+00
0.000000000000000000e+00
5.125199999999999756e-01
0.000000000000000000e+00
0.000000000000000000e+00
4.099300000000000166e-01
0.000000000000000000e+00
5.674900000000000500e-01
0.000000000000000000e+00
0.000000000000000000e+00
0.000000000000000000e+00
0.000000000000000000e+00
3.831200000000000161e-01
0.000000000000000000e+00
0.000000000000000000e+00
1.103280000000000038e+00
0.000000000000000000e+00
0.000000000000000000e+00
0.000000000000000000e+00
6.773599999999999621e-01
0.000000000000000000e+00
0.000000000000000000e+00
5.935099999999999820e-01
0.000000000000000000e+00
0.000000000000000000e+00
5.417399999999999993e-01
0.000000000000000000e+00
0.000000000000000000e+00
0.000000000000000000e+00
5.728499999999999703e-01
0.000000000000000000e+00
0.000000000000000000e+00
8.755500000000000504e-01
0.000000000000000000e+00
0.000000000000000000e+00
0.000000000000000000e+00
1.280969999999999942e+00
0.000000000000000000e+00
0.000000000000000000e+00
0.000000000000000000e+00
0.000000000000000000e+00
0.000000000000000000e+00
0.000000000000000000e+00
0.000000000000000000e+00
0.000000000000000000e+00
0.000000000000000000e+00
0.000000000000000000e+00
0.000000000000000000e+00
0.000000000000000000e+00
0.000000000000000000e+00
0.000000000000000000e+00
0.000000000000000000e+00
0.000000000000000000e+00
0.000000000000000000e+00
0.000000000000000000e+00
0.000000000000000000e+00
0.000000000000000000e+00
0.000000000000000000e+00
6.228599999999999692e-01
0.000000000000000000e+00
0.000000000000000000e+00
0.000000000000000000e+00
7.066200000000000259e-01
0.000000000000000000e+00
1.600479999999999903e+00
0.000000000000000000e+00
0.000000000000000000e+00
6.530899999999999483e-01
0.000000000000000000e+00
0.000000000000000000e+00
0.000000000000000000e+00
5.678999999999999604e-01
0.000000000000000000e+00
0.000000000000000000e+00
1.210809999999999942e+00
0.000000000000000000e+00
0.000000000000000000e+00
6.539099999999999913e-01
0.000000000000000000e+00
0.000000000000000000e+00
4.750699999999999923e-01
0.000000000000000000e+00
0.000000000000000000e+00
0.000000000000000000e+00
5.341799999999999882e-01
0.000000000000000000e+00
0.000000000000000000e+00
5.666499999999999870e-01
0.000000000000000000e+00
1.136970000000000036e+00
0.000000000000000000e+00
0.000000000000000000e+00
0.000000000000000000e+00
1.941959999999999908e+00
0.000000000000000000e+00
0.000000000000000000e+00
3.899699999999999833e-01
0.000000000000000000e+00
0.000000000000000000e+00
0.000000000000000000e+00
5.609899999999999887e-01
0.000000000000000000e+00
8.585300000000000153e-01
0.000000000000000000e+00
0.000000000000000000e+00
0.000000000000000000e+00
9.215600000000000458e-01
0.000000000000000000e+00
0.000000000000000000e+00
0.000000000000000000e+00
0.000000000000000000e+00
1.753849999999999909e+00
0.000000000000000000e+00
0.000000000000000000e+00
6.233699999999999797e-01
0.000000000000000000e+00
0.000000000000000000e+00
0.000000000000000000e+00
1.584400000000000031e+00
0.000000000000000000e+00
0.000000000000000000e+00
0.000000000000000000e+00
5.375199999999999978e-01
0.000000000000000000e+00
6.609000000000000430e-01
0.000000000000000000e+00
1.552529999999999966e+00
0.000000000000000000e+00
5.531000000000000361e-01
0.000000000000000000e+00
0.000000000000000000e+00
0.000000000000000000e+00
5.763200000000000545e-01
0.000000000000000000e+00
0.000000000000000000e+00
0.000000000000000000e+00
6.813500000000000112e-01
0.000000000000000000e+00
0.000000000000000000e+00
0.000000000000000000e+00
6.687600000000000211e-01
0.000000000000000000e+00
5.892500000000000515e-01
0.000000000000000000e+00
0.000000000000000000e+00
0.000000000000000000e+00
6.268200000000000438e-01
0.000000000000000000e+00
0.000000000000000000e+00
0.000000000000000000e+00
0.000000000000000000e+00
0.000000000000000000e+00
0.000000000000000000e+00
5.868400000000000283e-01
0.000000000000000000e+00
7.673499999999999766e-01
0.000000000000000000e+00
8.627799999999999914e-01
0.000000000000000000e+00
5.679100000000000259e-01
0.000000000000000000e+00
0.000000000000000000e+00
0.000000000000000000e+00
0.000000000000000000e+00
1.390789999999999971e+00
0.000000000000000000e+00
0.000000000000000000e+00
1.051870000000000083e+00
0.000000000000000000e+00
5.592300000000000049e-01
0.000000000000000000e+00
8.757399999999999629e-01
0.000000000000000000e+00
0.000000000000000000e+00
0.000000000000000000e+00
1.935829999999999940e+00
0.000000000000000000e+00
0.000000000000000000e+00
1.359730000000000105e+00
0.000000000000000000e+00
0.000000000000000000e+00
7.737399999999999833e-01
0.000000000000000000e+00
0.000000000000000000e+00
5.186399999999999899e-01
0.000000000000000000e+00
6.014500000000000401e-01
0.000000000000000000e+00
0.000000000000000000e+00
4.640900000000000025e-01
0.000000000000000000e+00
0.000000000000000000e+00
0.000000000000000000e+00
5.412000000000000144e-01
0.000000000000000000e+00
6.970499999999999474e-01
0.000000000000000000e+00
0.000000000000000000e+00
5.011400000000000299e-01
0.000000000000000000e+00
0.000000000000000000e+00
5.442000000000000171e-01
0.000000000000000000e+00
0.000000000000000000e+00
5.551899999999999613e-01
0.000000000000000000e+00
1.322750000000000092e+00
0.000000000000000000e+00
0.000000000000000000e+00
0.000000000000000000e+00
0.000000000000000000e+00
1.947940000000000005e+00
0.000000000000000000e+00
0.000000000000000000e+00
0.000000000000000000e+00
0.000000000000000000e+00
0.000000000000000000e+00
4.512499999999999845e-01
0.000000000000000000e+00
0.000000000000000000e+00
0.000000000000000000e+00
6.020299999999999541e-01
0.000000000000000000e+00
0.000000000000000000e+00
0.000000000000000000e+00
0.000000000000000000e+00
0.000000000000000000e+00
6.664900000000000269e-01
0.000000000000000000e+00
0.000000000000000000e+00
6.137899999999999467e-01
0.000000000000000000e+00
8.753699999999999815e-01
0.000000000000000000e+00
0.000000000000000000e+00
0.000000000000000000e+00
0.000000000000000000e+00
1.942679999999999962e+00
0.000000000000000000e+00
0.000000000000000000e+00
3.516599999999999726e-01
0.000000000000000000e+00
1.931610000000000049e+00
0.000000000000000000e+00
7.555100000000000149e-01
0.000000000000000000e+00
0.000000000000000000e+00
5.522700000000000387e-01
0.000000000000000000e+00
0.000000000000000000e+00
6.717499999999999583e-01
0.000000000000000000e+00
0.000000000000000000e+00
0.000000000000000000e+00
5.507199999999999873e-01
0.000000000000000000e+00
5.657699999999999951e-01
0.000000000000000000e+00
0.000000000000000000e+00
5.710899999999999865e-01
0.000000000000000000e+00
0.000000000000000000e+00
0.000000000000000000e+00
1.044219999999999926e+00
0.000000000000000000e+00
0.000000000000000000e+00
0.000000000000000000e+00
0.000000000000000000e+00
1.031039999999999957e+00
0.000000000000000000e+00
6.665999999999999703e-01
0.000000000000000000e+00
0.000000000000000000e+00
0.000000000000000000e+00
6.147099999999999786e-01
0.000000000000000000e+00
0.000000000000000000e+00
4.577899999999999747e-01
0.000000000000000000e+00
0.000000000000000000e+00
0.000000000000000000e+00
1.121580000000000021e+00
0.000000000000000000e+00
0.000000000000000000e+00
0.000000000000000000e+00
5.438199999999999701e-01
0.000000000000000000e+00
1.243279999999999941e+00
0.000000000000000000e+00
0.000000000000000000e+00
5.555499999999999883e-01
0.000000000000000000e+00
0.000000000000000000e+00
0.000000000000000000e+00
4.551200000000000245e-01
0.000000000000000000e+00
0.000000000000000000e+00
0.000000000000000000e+00
0.000000000000000000e+00
6.089799999999999658e-01
0.000000000000000000e+00
7.535699999999999621e-01
0.000000000000000000e+00
5.711600000000000010e-01
0.000000000000000000e+00
8.172199999999999465e-01
0.000000000000000000e+00
0.000000000000000000e+00
6.298000000000000265e-01
0.000000000000000000e+00
0.000000000000000000e+00
0.000000000000000000e+00
4.742399999999999949e-01
0.000000000000000000e+00
0.000000000000000000e+00
8.463100000000000067e-01
0.000000000000000000e+00
0.000000000000000000e+00
0.000000000000000000e+00
0.000000000000000000e+00
0.000000000000000000e+00
0.000000000000000000e+00
0.000000000000000000e+00
0.000000000000000000e+00
0.000000000000000000e+00
0.000000000000000000e+00
0.000000000000000000e+00
0.000000000000000000e+00
0.000000000000000000e+00
0.000000000000000000e+00
0.000000000000000000e+00
0.000000000000000000e+00
0.000000000000000000e+00
0.000000000000000000e+00
0.000000000000000000e+00
0.000000000000000000e+00
0.000000000000000000e+00
5.090700000000000225e-01
0.000000000000000000e+00
0.000000000000000000e+00
0.000000000000000000e+00
0.000000000000000000e+00
7.825299999999999478e-01
0.000000000000000000e+00
7.574800000000000422e-01
0.000000000000000000e+00
0.000000000000000000e+00
0.000000000000000000e+00
0.000000000000000000e+00
6.412700000000000067e-01
0.000000000000000000e+00
1.400439999999999907e+00
0.000000000000000000e+00
0.000000000000000000e+00
0.000000000000000000e+00
6.149700000000000166e-01
0.000000000000000000e+00
0.000000000000000000e+00
0.000000000000000000e+00
6.291600000000000525e-01
0.000000000000000000e+00
0.000000000000000000e+00
0.000000000000000000e+00
0.000000000000000000e+00
0.000000000000000000e+00
8.767300000000000093e-01
0.000000000000000000e+00
0.000000000000000000e+00
1.529989999999999961e+00
0.000000000000000000e+00
0.000000000000000000e+00
0.000000000000000000e+00
0.000000000000000000e+00
8.279699999999999838e-01
0.000000000000000000e+00
0.000000000000000000e+00
0.000000000000000000e+00
1.049530000000000074e+00
0.000000000000000000e+00
0.000000000000000000e+00
5.208199999999999497e-01
0.000000000000000000e+00
5.704599999999999671e-01
0.000000000000000000e+00
0.000000000000000000e+00
0.000000000000000000e+00
0.000000000000000000e+00
4.763700000000000156e-01
0.000000000000000000e+00
0.000000000000000000e+00
0.000000000000000000e+00
0.000000000000000000e+00
0.000000000000000000e+00
0.000000000000000000e+00
5.650800000000000267e-01
0.000000000000000000e+00
0.000000000000000000e+00
0.000000000000000000e+00
6.881000000000000449e-01
0.000000000000000000e+00
0.000000000000000000e+00
4.937699999999999867e-01
0.000000000000000000e+00
0.000000000000000000e+00
4.454600000000000226e-01
0.000000000000000000e+00
0.000000000000000000e+00
0.000000000000000000e+00
0.000000000000000000e+00
0.000000000000000000e+00
6.036200000000000454e-01
0.000000000000000000e+00
0.000000000000000000e+00
6.156000000000000361e-01
0.000000000000000000e+00
0.000000000000000000e+00
5.514999999999999902e-01
0.000000000000000000e+00
0.000000000000000000e+00
0.000000000000000000e+00
7.751099999999999657e-01
0.000000000000000000e+00
6.217399999999999594e-01
0.000000000000000000e+00
5.624799999999999800e-01
0.000000000000000000e+00
5.538600000000000190e-01
0.000000000000000000e+00
0.000000000000000000e+00
0.000000000000000000e+00
0.000000000000000000e+00
5.072200000000000042e-01
0.000000000000000000e+00
6.621799999999999908e-01
0.000000000000000000e+00
0.000000000000000000e+00
0.000000000000000000e+00
6.430700000000000305e-01
0.000000000000000000e+00
0.000000000000000000e+00
4.261199999999999988e-01
0.000000000000000000e+00
0.000000000000000000e+00
4.629400000000000182e-01
0.000000000000000000e+00
0.000000000000000000e+00
0.000000000000000000e+00
5.665400000000000436e-01
0.000000000000000000e+00
0.000000000000000000e+00
0.000000000000000000e+00
0.000000000000000000e+00
0.000000000000000000e+00
3.802699999999999969e-01
0.000000000000000000e+00
0.000000000000000000e+00
0.000000000000000000e+00
9.318199999999999816e-01
0.000000000000000000e+00
5.944199999999999484e-01
0.000000000000000000e+00
0.000000000000000000e+00
5.666600000000000525e-01
0.000000000000000000e+00
0.000000000000000000e+00
0.000000000000000000e+00
0.000000000000000000e+00
0.000000000000000000e+00
5.173200000000000021e-01
0.000000000000000000e+00
0.000000000000000000e+00
1.940479999999999983e+00
0.000000000000000000e+00
0.000000000000000000e+00
0.000000000000000000e+00
6.970600000000000129e-01
0.000000000000000000e+00
0.000000000000000000e+00
0.000000000000000000e+00
0.000000000000000000e+00
4.965800000000000214e-01
0.000000000000000000e+00
5.234900000000000109e-01
0.000000000000000000e+00
0.000000000000000000e+00
5.462399999999999478e-01
0.000000000000000000e+00
0.000000000000000000e+00
0.000000000000000000e+00
0.000000000000000000e+00
1.044149999999999912e+00
0.000000000000000000e+00
0.000000000000000000e+00
0.000000000000000000e+00
0.000000000000000000e+00
0.000000000000000000e+00
0.000000000000000000e+00
0.000000000000000000e+00
3.678000000000000158e-01
0.000000000000000000e+00
5.488699999999999690e-01
0.000000000000000000e+00
6.527300000000000324e-01
0.000000000000000000e+00
6.149099999999999566e-01
0.000000000000000000e+00
5.395100000000000451e-01
0.000000000000000000e+00
0.000000000000000000e+00
6.954099999999999726e-01
0.000000000000000000e+00
0.000000000000000000e+00
0.000000000000000000e+00
0.000000000000000000e+00
0.000000000000000000e+00
5.362799999999999789e-01
0.000000000000000000e+00
9.386700000000000044e-01
0.000000000000000000e+00
5.761600000000000055e-01
0.000000000000000000e+00
0.000000000000000000e+00
0.000000000000000000e+00
4.091099999999999737e-01
0.000000000000000000e+00
6.701300000000000034e-01
0.000000000000000000e+00
0.000000000000000000e+00
0.000000000000000000e+00
6.222100000000000408e-01
0.000000000000000000e+00
6.648899999999999810e-01
0.000000000000000000e+00
0.000000000000000000e+00
0.000000000000000000e+00
0.000000000000000000e+00
1.335199999999999942e+00
0.000000000000000000e+00
0.000000000000000000e+00
0.000000000000000000e+00
0.000000000000000000e+00
0.000000000000000000e+00
0.000000000000000000e+00
8.384300000000000086e-01
0.000000000000000000e+00
0.000000000000000000e+00
0.000000000000000000e+00
7.521099999999999453e-01
0.000000000000000000e+00
0.000000000000000000e+00
5.120500000000000052e-01
0.000000000000000000e+00
0.000000000000000000e+00
0.000000000000000000e+00
5.620399999999999840e-01
0.000000000000000000e+00
0.000000000000000000e+00
4.478099999999999858e-01
0.000000000000000000e+00
0.000000000000000000e+00
0.000000000000000000e+00
0.000000000000000000e+00
0.000000000000000000e+00
5.248500000000000387e-01
0.000000000000000000e+00
5.078799999999999981e-01
0.000000000000000000e+00
0.000000000000000000e+00
8.843900000000000095e-01
0.000000000000000000e+00
0.000000000000000000e+00
0.000000000000000000e+00
0.000000000000000000e+00
1.935610000000000053e+00
0.000000000000000000e+00
0.000000000000000000e+00
0.000000000000000000e+00
0.000000000000000000e+00
4.657299999999999773e-01
0.000000000000000000e+00
0.000000000000000000e+00
6.077200000000000379e-01
0.000000000000000000e+00
5.489300000000000290e-01
0.000000000000000000e+00
7.119799999999999462e-01
0.000000000000000000e+00
5.256899999999999906e-01
0.000000000000000000e+00
4.760499999999999732e-01
0.000000000000000000e+00
0.000000000000000000e+00
1.259319999999999995e+00
0.000000000000000000e+00
0.000000000000000000e+00
8.874999999999999556e-01
0.000000000000000000e+00
0.000000000000000000e+00
5.044199999999999795e-01
0.000000000000000000e+00
0.000000000000000000e+00
9.212099999999999733e-01
0.000000000000000000e+00
0.000000000000000000e+00
0.000000000000000000e+00
4.629199999999999982e-01
0.000000000000000000e+00
6.444999999999999618e-01
0.000000000000000000e+00
0.000000000000000000e+00
7.887699999999999712e-01
0.000000000000000000e+00
0.000000000000000000e+00
8.841700000000000115e-01
0.000000000000000000e+00
0.000000000000000000e+00
0.000000000000000000e+00
0.000000000000000000e+00
5.824599999999999778e-01
0.000000000000000000e+00
0.000000000000000000e+00
0.000000000000000000e+00
0.000000000000000000e+00
0.000000000000000000e+00
0.000000000000000000e+00
0.000000000000000000e+00
0.000000000000000000e+00
0.000000000000000000e+00
0.000000000000000000e+00
0.000000000000000000e+00
0.000000000000000000e+00
0.000000000000000000e+00
0.000000000000000000e+00
0.000000000000000000e+00
0.000000000000000000e+00
0.000000000000000000e+00
0.000000000000000000e+00
0.000000000000000000e+00
0.000000000000000000e+00
0.000000000000000000e+00
0.000000000000000000e+00
0.000000000000000000e+00
8.370699999999999807e-01
0.000000000000000000e+00
0.000000000000000000e+00
7.188099999999999490e-01
0.000000000000000000e+00
0.000000000000000000e+00
5.933899999999999730e-01
0.000000000000000000e+00
0.000000000000000000e+00
0.000000000000000000e+00
6.182499999999999662e-01
0.000000000000000000e+00
0.000000000000000000e+00
0.000000000000000000e+00
0.000000000000000000e+00
5.925000000000000266e-01
0.000000000000000000e+00
0.000000000000000000e+00
7.860599999999999810e-01
0.000000000000000000e+00
0.000000000000000000e+00
0.000000000000000000e+00
6.152800000000000491e-01
0.000000000000000000e+00
0.000000000000000000e+00
0.000000000000000000e+00
1.008510000000000018e+00
0.000000000000000000e+00
0.000000000000000000e+00
6.157500000000000195e-01
0.000000000000000000e+00
7.641999999999999904e-01
0.000000000000000000e+00
1.937820000000000098e+00
0.000000000000000000e+00
0.000000000000000000e+00
0.000000000000000000e+00
5.502899999999999459e-01
0.000000000000000000e+00
7.490900000000000336e-01
0.000000000000000000e+00
0.000000000000000000e+00
0.000000000000000000e+00
0.000000000000000000e+00
3.951100000000000168e-01
0.000000000000000000e+00
0.000000000000000000e+00
0.000000000000000000e+00
0.000000000000000000e+00
5.002400000000000180e-01
0.000000000000000000e+00
0.000000000000000000e+00
7.696600000000000108e-01
0.000000000000000000e+00
5.985599999999999810e-01
0.000000000000000000e+00
7.921799999999999953e-01
0.000000000000000000e+00
0.000000000000000000e+00
0.000000000000000000e+00
0.000000000000000000e+00
6.125699999999999479e-01
0.000000000000000000e+00
0.000000000000000000e+00
9.262200000000000433e-01
0.000000000000000000e+00
0.000000000000000000e+00
8.126400000000000290e-01
0.000000000000000000e+00
0.000000000000000000e+00
6.269400000000000528e-01
0.000000000000000000e+00
0.000000000000000000e+00
5.957299999999999818e-01
0.000000000000000000e+00
0.000000000000000000e+00
7.259200000000000097e-01
0.000000000000000000e+00
0.000000000000000000e+00
0.000000000000000000e+00
0.000000000000000000e+00
0.000000000000000000e+00
0.000000000000000000e+00
5.354200000000000070e-01
0.000000000000000000e+00
0.000000000000000000e+00
0.000000000000000000e+00
0.000000000000000000e+00
5.383499999999999952e-01
0.000000000000000000e+00
0.000000000000000000e+00
0.000000000000000000e+00
9.277800000000000491e-01
0.000000000000000000e+00
0.000000000000000000e+00
7.239499999999999824e-01
0.000000000000000000e+00
1.529470000000000107e+00
0.000000000000000000e+00
0.000000000000000000e+00
4.665300000000000002e-01
0.000000000000000000e+00
0.000000000000000000e+00
6.379099999999999770e-01
0.000000000000000000e+00
0.000000000000000000e+00
0.000000000000000000e+00
0.000000000000000000e+00
0.000000000000000000e+00
4.634400000000000186e-01
0.000000000000000000e+00
6.340700000000000225e-01
0.000000000000000000e+00
6.657499999999999529e-01
0.000000000000000000e+00
1.874530000000000030e+00
0.000000000000000000e+00
0.000000000000000000e+00
6.217000000000000304e-01
0.000000000000000000e+00
0.000000000000000000e+00
1.532210000000000072e+00
0.000000000000000000e+00
0.000000000000000000e+00
6.435300000000000464e-01
0.000000000000000000e+00
0.000000000000000000e+00
0.000000000000000000e+00
0.000000000000000000e+00
1.014850000000000030e+00
0.000000000000000000e+00
0.000000000000000000e+00
0.000000000000000000e+00
6.730899999999999661e-01
0.000000000000000000e+00
6.047000000000000153e-01
0.000000000000000000e+00
0.000000000000000000e+00
0.000000000000000000e+00
7.954599999999999449e-01
0.000000000000000000e+00
1.395140000000000047e+00
0.000000000000000000e+00
0.000000000000000000e+00
0.000000000000000000e+00
5.328100000000000058e-01
0.000000000000000000e+00
1.166719999999999979e+00
0.000000000000000000e+00
0.000000000000000000e+00
0.000000000000000000e+00
0.000000000000000000e+00
0.000000000000000000e+00
5.054199999999999804e-01
0.000000000000000000e+00
1.934649999999999981e+00
0.000000000000000000e+00
0.000000000000000000e+00
0.000000000000000000e+00
6.425199999999999800e-01
0.000000000000000000e+00
6.837699999999999889e-01
0.000000000000000000e+00
0.000000000000000000e+00
0.000000000000000000e+00
0.000000000000000000e+00
0.000000000000000000e+00
0.000000000000000000e+00
4.277299999999999991e-01
0.000000000000000000e+00
0.000000000000000000e+00
0.000000000000000000e+00
5.640600000000000058e-01
0.000000000000000000e+00
0.000000000000000000e+00
0.000000000000000000e+00
1.033209999999999962e+00
0.000000000000000000e+00
0.000000000000000000e+00
1.250469999999999970e+00
0.000000000000000000e+00
0.000000000000000000e+00
5.917000000000000037e-01
0.000000000000000000e+00
5.152900000000000258e-01
0.000000000000000000e+00
0.000000000000000000e+00
5.891999999999999460e-01
0.000000000000000000e+00
0.000000000000000000e+00
0.000000000000000000e+00
0.000000000000000000e+00
3.556000000000000272e-01
0.000000000000000000e+00
5.791100000000000136e-01
0.000000000000000000e+00
0.000000000000000000e+00
0.000000000000000000e+00
0.000000000000000000e+00
1.954830000000000068e+00
0.000000000000000000e+00
0.000000000000000000e+00
0.000000000000000000e+00
5.849600000000000355e-01
0.000000000000000000e+00
5.443900000000000405e-01
0.000000000000000000e+00
0.000000000000000000e+00
0.000000000000000000e+00
0.000000000000000000e+00
4.649099999999999899e-01
0.000000000000000000e+00
0.000000000000000000e+00
0.000000000000000000e+00
0.000000000000000000e+00
0.000000000000000000e+00
9.155900000000000150e-01
0.000000000000000000e+00
0.000000000000000000e+00
0.000000000000000000e+00
0.000000000000000000e+00
6.372400000000000286e-01
0.000000000000000000e+00
0.000000000000000000e+00
8.292199999999999571e-01
0.000000000000000000e+00
6.794400000000000439e-01
0.000000000000000000e+00
0.000000000000000000e+00
4.491399999999999837e-01
0.000000000000000000e+00
0.000000000000000000e+00
7.004299999999999971e-01
0.000000000000000000e+00
0.000000000000000000e+00
0.000000000000000000e+00
0.000000000000000000e+00
9.620900000000000007e-01
0.000000000000000000e+00
8.426900000000000501e-01
0.000000000000000000e+00
0.000000000000000000e+00
6.221200000000000063e-01
0.000000000000000000e+00
0.000000000000000000e+00
1.935100000000000042e+00
0.000000000000000000e+00
0.000000000000000000e+00
0.000000000000000000e+00
3.880600000000000160e-01
0.000000000000000000e+00
5.570699999999999541e-01
0.000000000000000000e+00
0.000000000000000000e+00
4.018800000000000150e-01
0.000000000000000000e+00
1.260950000000000015e+00
0.000000000000000000e+00
5.915399999999999547e-01
0.000000000000000000e+00
6.356000000000000538e-01
0.000000000000000000e+00
0.000000000000000000e+00
0.000000000000000000e+00
0.000000000000000000e+00
4.549099999999999810e-01
0.000000000000000000e+00
0.000000000000000000e+00
7.926199999999999912e-01
0.000000000000000000e+00
0.000000000000000000e+00
0.000000000000000000e+00
0.000000000000000000e+00
0.000000000000000000e+00
0.000000000000000000e+00
0.000000000000000000e+00
0.000000000000000000e+00
0.000000000000000000e+00
0.000000000000000000e+00
0.000000000000000000e+00
0.000000000000000000e+00
0.000000000000000000e+00
