0.000000000000000000e+00
0.000000000000000000e+00
0.000000000000000000e+00
0.000000000000000000e+00
0.000000000000000000e+00
0.000000000000000000e+00
0.000000000000000000e+00
0.000000000000000000e+00
0.000000000000000000e+00
0.000000000000000000e+00
7.807500000000000551e-01
0.000000000000000000e+00
0.000000000000000000e+00
1.182860000000000023e+00
0.000000000000000000e+00
0.000000000000000000e+00
0.000000000000000000e+00
7.347500000000000142e-01
0.000000000000000000e+00
7.261100000000000332e-01
0.000000000000000000e+00
0.000000000000000000e+00
0.000000000000000000e+00
7.425699999999999523e-01
0.000000000000000000e+00
6.234800000000000342e-01
0.000000000000000000e+00
0.000000000000000000e+00
9.578799999999999537e-01
0.000000000000000000e+00
6.228000000000000203e-01
0.000000000000000000e+00
0.000000000000000000e+00
0.000000000000000000e+00
5.725900000000000434e-01
0.000000000000000000e+00
0.000000000000000000e+00
0.000000000000000000e+00
4.859800000000000231e-01
0.000000000000000000e+00
0.000000000000000000e+00
0.000000000000000000e+00
5.590199999999999614e-01
0.000000000000000000e+00
0.000000000000000000e+00
6.769199999999999662e-01
0.000000000000000000e+00
6.805299999999999683e-01
0.000000000000000000e+00
0.000000000000000000e+00
5.668499999999999650e-01
0.000000000000000000e+00
0.000000000000000000e+00
9.264999999999999902e-01
0.000000000000000000e+00
0.000000000000000000e+00
0.000000000000000000e+00
0.000000000000000000e+00
0.000000000000000000e+00
5.164999999999999591e-01
0.000000000000000000e+00
0.000000000000000000e+00
9.244299999999999740e-01
0.000000000000000000e+00
0.000000000000000000e+00
0.000000000000000000e+00
0.000000000000000000e+00
0.000000000000000000e+00
0.000000000000000000e+00
6.663200000000000234e-01
0.000000000000000000e+00
0.000000000000000000e+00
5.650699999999999612e-01
0.000000000000000000e+00
0.000000000000000000e+00
8.147799999999999487e-01
0.000000000000000000e+00
0.000000000000000000e+00
0.000000000000000000e+00
5.645799999999999708e-01
0.000000000000000000e+00
6.596199999999999841e-01
0.000000000000000000e+00
0.000000000000000000e+00
5.708600000000000341e-01
0.000000000000000000e+00
0.000000000000000000e+00
0.000000000000000000e+00
1.742150000000000087e+00
0.000000000000000000e+00
0.000000000000000000e+00
0.000000000000000000e+00
8.848000000000000309e-01
0.000000000000000000e+00
0.000000000000000000e+00
7.085399999999999476e-01
0.000000000000000000e+00
0.000000000000000000e+00
6.487300000000000288e-01
0.000000000000000000e+00
0.000000000000000000e+00
0.000000000000000000e+00
5.831600000000000117e-01
0.000000000000000000e+00
0.000000000000000000e+00
0.000000000000000000e+00
0.000000000000000000e+00
0.000000000000000000e+00
0.000000000000000000e+00
0.000000000000000000e+00
6.767300000000000537e-01
0.000000000000000000e+00
8.604899999999999771e-01
0.000000000000000000e+00
8.207100000000000506e-01
0.000000000000000000e+00
6.481400000000000494e-01
0.000000000000000000e+00
0.000000000000000000e+00
6.820800000000000196e-01
0.000000000000000000e+00
0.000000000000000000e+00
5.979200000000000070e-01
0.000000000000000000e+00
0.000000000000000000e+00
0.000000000000000000e+00
0.000000000000000000e+00
0.000000000000000000e+00
5.519300000000000317e-01
0.000000000000000000e+00
0.000000000000000000e+00
7.126400000000000512e-01
0.000000000000000000e+00
5.942199999999999704e-01
0.000000000000000000e+00
6.191299999999999581e-01
0.000000000000000000e+00
0.000000000000000000e+00
0.000000000000000000e+00
0.000000000000000000e+00
6.728199999999999736e-01
0.000000000000000000e+00
0.000000000000000000e+00
5.617600000000000371e-01
0.000000000000000000e+00
0.000000000000000000e+00
0.000000000000000000e+00
0.000000000000000000e+00
6.418399999999999661e-01
0.000000000000000000e+00
0.000000000000000000e+00
8.910599999999999632e-01
0.000000000000000000e+00
0.000000000000000000e+00
1.150309999999999944e+00
0.000000000000000000e+00
1.918670000000000098e+00
0.000000000000000000e+00
0.000000000000000000e+00
0.000000000000000000e+00
5.883899999999999686e-01
0.000000000000000000e+00
0.000000000000000000e+00
0.000000000000000000e+00
5.169399999999999551e-01
0.000000000000000000e+00
0.000000000000000000e+00
6.514699999999999935e-01
0.000000000000000000e+00
5.617600000000000371e-01
0.000000000000000000e+00
0.000000000000000000e+00
0.000000000000000000e+00
8.587500000000000133e-01
0.000000000000000000e+00
0.000000000000000000e+00
0.000000000000000000e+00
7.254199999999999537e-01
0.000000000000000000e+00
0.000000000000000000e+00
6.361400000000000388e-01
0.000000000000000000e+00
0.000000000000000000e+00
0.000000000000000000e+00
6.380000000000000115e-01
0.000000000000000000e+00
7.236299999999999955e-01
0.000000000000000000e+00
0.000000000000000000e+00
5.561800000000000077e-01
0.000000000000000000e+00
6.372499999999999831e-01
0.000000000000000000e+00
0.000000000000000000e+00
5.351700000000000346e-01
0.000000000000000000e+00
0.000000000000000000e+00
5.881100000000000216e-01
0.000000000000000000e+00
6.171900000000000164e-01
0.000000000000000000e+00
7.666500000000000536e-01
0.000000000000000000e+00
0.000000000000000000e+00
6.238799999999999901e-01
0.000000000000000000e+00
0.000000000000000000e+00
0.000000000000000000e+00
5.938299999999999690e-01
0.000000000000000000e+00
0.000000000000000000e+00
5.888700000000000045e-01
0.000000000000000000e+00
0.000000000000000000e+00
6.168000000000000149e-01
0.000000000000000000e+00
0.000000000000000000e+00
0.000000000000000000e+00
0.000000000000000000e+00
7.199499999999999789e-01
0.000000000000000000e+00
0.000000000000000000e+00
6.566800000000000415e-01
0.000000000000000000e+00
0.000000000000000000e+00
0.000000000000000000e+00
0.000000000000000000e+00
7.601200000000000179e-01
0.000000000000000000e+00
1.474339999999999984e+00
0.000000000000000000e+00
0.000000000000000000e+00
5.213999999999999746e-01
0.000000000000000000e+00
0.000000000000000000e+00
5.816200000000000259e-01
0.000000000000000000e+00
7.608399999999999608e-01
0.000000000000000000e+00
5.498399999999999954e-01
0.000000000000000000e+00
0.000000000000000000e+00
7.189600000000000435e-01
0.000000000000000000e+00
0.000000000000000000e+00
0.000000000000000000e+00
6.553999999999999826e-01
0.000000000000000000e+00
0.000000000000000000e+00
0.000000000000000000e+00
0.000000000000000000e+00
7.547399999999999665e-01
0.000000000000000000e+00
0.000000000000000000e+00
7.674800000000000511e-01
0.000000000000000000e+00
0.000000000000000000e+00
0.000000000000000000e+00
9.282599999999999740e-01
0.000000000000000000e+00
6.134399999999999853e-01
0.000000000000000000e+00
0.000000000000000000e+00
1.041339999999999932e+00
0.000000000000000000e+00
0.000000000000000000e+00
0.000000000000000000e+00
0.000000000000000000e+00
0.000000000000000000e+00
8.595199999999999507e-01
0.000000000000000000e+00
6.288500000000000201e-01
0.000000000000000000e+00
0.000000000000000000e+00
0.000000000000000000e+00
0.000000000000000000e+00
0.000000000000000000e+00
0.000000000000000000e+00
0.000000000000000000e+00
0.000000000000000000e+00
0.000000000000000000e+00
0.000000000000000000e+00
0.000000000000000000e+00
0.000000000000000000e+00
0.000000000000000000e+00
0.000000000000000000e+00
0.000000000000000000e+00
0.000000000000000000e+00
0.000000000000000000e+00
0.000000000000000000e+00
0.000000000000000000e+00
0.000000000000000000e+00
0.000000000000000000e+00
0.000000000000000000e+00
0.000000000000000000e+00
6.534799999999999498e-01
0.000000000000000000e+00
0.000000000000000000e+00
0.000000000000000000e+00
0.000000000000000000e+00
7.327900000000000524e-01
0.000000000000000000e+00
0.000000000000000000e+00
0.000000000000000000e+00
0.000000000000000000e+00
5.670100000000000140e-01
0.000000000000000000e+00
0.000000000000000000e+00
0.000000000000000000e+00
5.823500000000000343e-01
0.000000000000000000e+00
5.794599999999999751e-01
0.000000000000000000e+00
5.657499999999999751e-01
0.000000000000000000e+00
5.259099999999999886e-01
0.000000000000000000e+00
5.336499999999999577e-01
0.000000000000000000e+00
0.000000000000000000e+00
0.000000000000000000e+00
0.000000000000000000e+00
0.000000000000000000e+00
9.955100000000000060e-01
0.000000000000000000e+00
1.212960000000000038e+00
0.000000000000000000e+00
6.017200000000000326e-01
0.000000000000000000e+00
0.000000000000000000e+00
0.000000000000000000e+00
8.985899999999999999e-01
0.000000000000000000e+00
0.000000000000000000e+00
6.573299999999999699e-01
0.000000000000000000e+00
0.000000000000000000e+00
0.000000000000000000e+00
8.521400000000000086e-01
0.000000000000000000e+00
0.000000000000000000e+00
9.841800000000000548e-01
0.000000000000000000e+00
6.048200000000000243e-01
0.000000000000000000e+00
8.341300000000000381e-01
0.000000000000000000e+00
0.000000000000000000e+00
0.000000000000000000e+00
5.759100000000000330e-01
0.000000000000000000e+00
0.000000000000000000e+00
0.000000000000000000e+00
0.000000000000000000e+00
0.000000000000000000e+00
0.000000000000000000e+00
5.794200000000000461e-01
0.000000000000000000e+00
0.000000000000000000e+00
0.000000000000000000e+00
0.000000000000000000e+00
5.291900000000000492e-01
0.000000000000000000e+00
0.000000000000000000e+00
0.000000000000000000e+00
0.000000000000000000e+00
1.030129999999999990e+00
0.000000000000000000e+00
0.000000000000000000e+00
0.000000000000000000e+00
5.515099999999999447e-01
0.000000000000000000e+00
0.000000000000000000e+00
0.000000000000000000e+00
5.823899999999999633e-01
0.000000000000000000e+00
0.000000000000000000e+00
7.492299999999999516e-01
0.000000000000000000e+00
0.000000000000000000e+00
0.000000000000000000e+00
6.468000000000000416e-01
0.000000000000000000e+00
5.153999999999999693e-01
0.000000000000000000e+00
0.000000000000000000e+00
8.369100000000000428e-01
0.000000000000000000e+00
0.000000000000000000e+00
7.454600000000000115e-01
0.000000000000000000e+00
0.000000000000000000e+00
7.383999999999999453e-01
0.000000000000000000e+00
6.808100000000000263e-01
0.000000000000000000e+00
8.149499999999999522e-01
0.000000000000000000e+00
0.000000000000000000e+00
0.000000000000000000e+00
0.000000000000000000e+00
7.832999999999999963e-01
0.000000000000000000e+00
0.000000000000000000e+00
0.000000000000000000e+00
0.000000000000000000e+00
0.000000000000000000e+00
7.062800000000000189e-01
0.000000000000000000e+00
0.000000000000000000e+00
0.000000000000000000e+00
6.375300000000000411e-01
0.000000000000000000e+00
0.000000000000000000e+00
5.660600000000000076e-01
0.000000000000000000e+00
0.000000000000000000e+00
7.015599999999999614e-01
0.000000000000000000e+00
0.000000000000000000e+00
5.457999999999999519e-01
0.000000000000000000e+00
1.401790000000000092e+00
0.000000000000000000e+00
6.750500000000000389e-01
0.000000000000000000e+00
0.000000000000000000e+00
0.000000000000000000e+00
0.000000000000000000e+00
0.000000000000000000e+00
5.416900000000000048e-01
0.000000000000000000e+00
0.000000000000000000e+00
5.508899999999999908e-01
0.000000000000000000e+00
0.000000000000000000e+00
0.000000000000000000e+00
9.102900000000000436e-01
0.000000000000000000e+00
0.000000000000000000e+00
0.000000000000000000e+00
0.000000000000000000e+00
5.568600000000000216e-01
0.000000000000000000e+00
0.000000000000000000e+00
0.000000000000000000e+00
0.000000000000000000e+00
0.000000000000000000e+00
7.833900000000000308e-01
0.000000000000000000e+00
0.000000000000000000e+00
0.000000000000000000e+00
6.370299999999999851e-01
0.000000000000000000e+00
0.000000000000000000e+00
6.639100000000000001e-01
0.000000000000000000e+00
0.000000000000000000e+00
5.200700000000000323e-01
0.000000000000000000e+00
7.183899999999999730e-01
0.000000000000000000e+00
0.000000000000000000e+00
8.733600000000000252e-01
0.000000000000000000e+00
0.000000000000000000e+00
0.000000000000000000e+00
0.000000000000000000e+00
6.779100000000000126e-01
0.000000000000000000e+00
0.000000000000000000e+00
0.000000000000000000e+00
6.317500000000000338e-01
0.000000000000000000e+00
0.000000000000000000e+00
0.000000000000000000e+00
5.978700000000000125e-01
0.000000000000000000e+00
0.000000000000000000e+00
0.000000000000000000e+00
5.549100000000000144e-01
0.000000000000000000e+00
0.000000000000000000e+00
0.000000000000000000e+00
0.000000000000000000e+00
1.013400000000000079e+00
0.000000000000000000e+00
0.000000000000000000e+00
8.669599999999999529e-01
0.000000000000000000e+00
0.000000000000000000e+00
0.000000000000000000e+00
0.000000000000000000e+00
0.000000000000000000e+00
0.000000000000000000e+00
6.627499999999999503e-01
0.000000000000000000e+00
0.000000000000000000e+00
6.033800000000000274e-01
0.000000000000000000e+00
0.000000000000000000e+00
0.000000000000000000e+00
7.594100000000000295e-01
0.000000000000000000e+00
0.000000000000000000e+00
0.000000000000000000e+00
7.930199999999999472e-01
0.000000000000000000e+00
1.098880000000000079e+00
0.000000000000000000e+00
0.000000000000000000e+00
5.257300000000000306e-01
0.000000000000000000e+00
0.000000000000000000e+00
0.000000000000000000e+00
7.894099999999999451e-01
0.000000000000000000e+00
0.000000000000000000e+00
0.000000000000000000e+00
6.672799999999999843e-01
0.000000000000000000e+00
6.517800000000000260e-01
0.000000000000000000e+00
0.000000000000000000e+00
0.000000000000000000e+00
8.849900000000000544e-01
0.000000000000000000e+00
0.000000000000000000e+00
0.000000000000000000e+00
0.000000000000000000e+00
0.000000000000000000e+00
0.000000000000000000e+00
5.883699999999999486e-01
0.000000000000000000e+00
0.000000000000000000e+00
0.000000000000000000e+00
0.000000000000000000e+00
1.089069999999999983e+00
0.000000000000000000e+00
0.000000000000000000e+00
6.189099999999999602e-01
0.000000000000000000e+00
0.000000000000000000e+00
0.000000000000000000e+00
6.709000000000000519e-01
0.000000000000000000e+00
0.000000000000000000e+00
0.000000000000000000e+00
7.392499999999999627e-01
0.000000000000000000e+00
1.104889999999999928e+00
0.000000000000000000e+00
8.493399999999999839e-01
0.000000000000000000e+00
0.000000000000000000e+00
0.000000000000000000e+00
0.000000000000000000e+00
0.000000000000000000e+00
5.651199999999999557e-01
0.000000000000000000e+00
0.000000000000000000e+00
0.000000000000000000e+00
9.285900000000000265e-01
0.000000000000000000e+00
5.696099999999999497e-01
0.000000000000000000e+00
7.677100000000000035e-01
0.000000000000000000e+00
0.000000000000000000e+00
0.000000000000000000e+00
0.000000000000000000e+00
1.185300000000000020e+00
0.000000000000000000e+00
0.000000000000000000e+00
0.000000000000000000e+00
5.368899999999999784e-01
0.000000000000000000e+00
0.000000000000000000e+00
7.002599999999999936e-01
0.000000000000000000e+00
0.000000000000000000e+00
0.000000000000000000e+00
5.966399999999999482e-01
0.000000000000000000e+00
0.000000000000000000e+00
0.000000000000000000e+00
0.000000000000000000e+00
0.000000000000000000e+00
0.000000000000000000e+00
0.000000000000000000e+00
0.000000000000000000e+00
0.000000000000000000e+00
0.000000000000000000e+00
0.000000000000000000e+00
0.000000000000000000e+00
0.000000000000000000e+00
0.000000000000000000e+00
0.000000000000000000e+00
0.000000000000000000e+00
0.000000000000000000e+00
0.000000000000000000e+00
0.000000000000000000e+00
0.000000000000000000e+00
0.000000000000000000e+00
0.000000000000000000e+00
0.000000000000000000e+00
0.000000000000000000e+00
9.465299999999999825e-01
0.000000000000000000e+00
0.000000000000000000e+00
0.000000000000000000e+00
0.000000000000000000e+00
0.000000000000000000e+00
6.556100000000000261e-01
0.000000000000000000e+00
0.000000000000000000e+00
6.613299999999999734e-01
0.000000000000000000e+00
0.000000000000000000e+00
0.000000000000000000e+00
0.000000000000000000e+00
0.000000000000000000e+00
6.430500000000000105e-01
0.000000000000000000e+00
6.337099999999999955e-01
0.000000000000000000e+00
6.157099999999999795e-01
0.000000000000000000e+00
0.000000000000000000e+00
6.947799999999999532e-01
0.000000000000000000e+00
0.000000000000000000e+00
0.000000000000000000e+00
5.913000000000000478e-01
0.000000000000000000e+00
0.000000000000000000e+00
5.821800000000000308e-01
0.000000000000000000e+00
6.113699999999999690e-01
0.000000000000000000e+00
0.000000000000000000e+00
0.000000000000000000e+00
6.069900000000000295e-01
0.000000000000000000e+00
0.000000000000000000e+00
7.168200000000000127e-01
0.000000000000000000e+00
0.000000000000000000e+00
6.069200000000000150e-01
0.000000000000000000e+00
7.361100000000000421e-01
0.000000000000000000e+00
0.000000000000000000e+00
0.000000000000000000e+00
0.000000000000000000e+00
0.000000000000000000e+00
1.004699999999999926e+00
0.000000000000000000e+00
0.000000000000000000e+00
0.000000000000000000e+00
4.958600000000000230e-01
0.000000000000000000e+00
0.000000000000000000e+00
7.709300000000000042e-01
0.000000000000000000e+00
5.969100000000000517e-01
0.000000000000000000e+00
0.000000000000000000e+00
0.000000000000000000e+00
6.614100000000000534e-01
0.000000000000000000e+00
0.000000000000000000e+00
5.453299999999999814e-01
0.000000000000000000e+00
9.631600000000000161e-01
0.000000000000000000e+00
0.000000000000000000e+00
0.000000000000000000e+00
6.091600000000000348e-01
0.000000000000000000e+00
0.000000000000000000e+00
5.479399999999999826e-01
0.000000000000000000e+00
0.000000000000000000e+00
8.299600000000000311e-01
0.000000000000000000e+00
8.870700000000000252e-01
0.000000000000000000e+00
0.000000000000000000e+00
8.183500000000000218e-01
0.000000000000000000e+00
0.000000000000000000e+00
0.000000000000000000e+00
6.617300000000000404e-01
0.000000000000000000e+00
0.000000000000000000e+00
1.055700000000000083e+00
0.000000000000000000e+00
0.000000000000000000e+00
5.737799999999999567e-01
0.000000000000000000e+00
6.135399999999999743e-01
0.000000000000000000e+00
0.000000000000000000e+00
0.000000000000000000e+00
7.424199999999999688e-01
0.000000000000000000e+00
0.000000000000000000e+00
0.000000000000000000e+00
1.608770000000000033e+00
0.000000000000000000e+00
0.000000000000000000e+00
0.000000000000000000e+00
0.000000000000000000e+00
0.000000000000000000e+00
6.399599999999999733e-01
0.000000000000000000e+00
0.000000000000000000e+00
5.499000000000000554e-01
0.000000000000000000e+00
0.000000000000000000e+00
0.000000000000000000e+00
0.000000000000000000e+00
9.358699999999999797e-01
0.000000000000000000e+00
0.000000000000000000e+00
0.000000000000000000e+00
7.447099999999999831e-01
0.000000000000000000e+00
0.000000000000000000e+00
9.659499999999999753e-01
0.000000000000000000e+00
0.000000000000000000e+00
8.244500000000000162e-01
0.000000000000000000e+00
0.000000000000000000e+00
0.000000000000000000e+00
0.000000000000000000e+00
0.000000000000000000e+00
6.855400000000000382e-01
0.000000000000000000e+00
0.000000000000000000e+00
1.065350000000000019e+00
0.000000000000000000e+00
0.000000000000000000e+00
0.000000000000000000e+00
0.000000000000000000e+00
7.204399999999999693e-01
0.000000000000000000e+00
0.000000000000000000e+00
0.000000000000000000e+00
7.044200000000000461e-01
0.000000000000000000e+00
6.899899999999999922e-01
0.000000000000000000e+00
0.000000000000000000e+00
0.000000000000000000e+00
5.609499999999999487e-01
0.000000000000000000e+00
0.000000000000000000e+00
0.000000000000000000e+00
0.000000000000000000e+00
1.106880000000000086e+00
0.000000000000000000e+00
6.772500000000000187e-01
0.000000000000000000e+00
8.296200000000000241e-01
0.000000000000000000e+00
1.081029999999999935e+00
0.000000000000000000e+00
6.620000000000000329e-01
0.000000000000000000e+00
0.000000000000000000e+00
5.730600000000000138e-01
0.000000000000000000e+00
0.000000000000000000e+00
0.000000000000000000e+00
0.000000000000000000e+00
0.000000000000000000e+00
5.062900000000000178e-01
0.000000000000000000e+00
9.149599999999999955e-01
0.000000000000000000e+00
0.000000000000000000e+00
0.000000000000000000e+00
7.526500000000000412e-01
0.000000000000000000e+00
0.000000000000000000e+00
1.049670000000000103e+00
0.000000000000000000e+00
0.000000000000000000e+00
0.000000000000000000e+00
1.012189999999999923e+00
0.000000000000000000e+00
0.000000000000000000e+00
0.000000000000000000e+00
1.475009999999999932e+00
0.000000000000000000e+00
0.000000000000000000e+00
9.199500000000000455e-01
0.000000000000000000e+00
0.000000000000000000e+00
0.000000000000000000e+00
0.000000000000000000e+00
6.513700000000000045e-01
0.000000000000000000e+00
0.000000000000000000e+00
0.000000000000000000e+00
0.000000000000000000e+00
0.000000000000000000e+00
0.000000000000000000e+00
9.325400000000000356e-01
0.000000000000000000e+00
0.000000000000000000e+00
0.000000000000000000e+00
7.441600000000000437e-01
0.000000000000000000e+00
0.000000000000000000e+00
0.000000000000000000e+00
1.303770000000000095e+00
0.000000000000000000e+00
0.000000000000000000e+00
0.000000000000000000e+00
0.000000000000000000e+00
0.000000000000000000e+00
9.132599999999999607e-01
0.000000000000000000e+00
0.000000000000000000e+00
0.000000000000000000e+00
0.000000000000000000e+00
6.078500000000000014e-01
0.000000000000000000e+00
0.000000000000000000e+00
0.000000000000000000e+00
8.631699999999999928e-01
0.000000000000000000e+00
0.000000000000000000e+00
0.000000000000000000e+00
0.000000000000000000e+00
0.000000000000000000e+00
0.000000000000000000e+00
1.270070000000000032e+00
0.000000000000000000e+00
0.000000000000000000e+00
0.000000000000000000e+00
7.641499999999999959e-01
0.000000000000000000e+00
0.000000000000000000e+00
0.000000000000000000e+00
0.000000000000000000e+00
7.060199999999999809e-01
0.000000000000000000e+00
0.000000000000000000e+00
9.106499999999999595e-01
0.000000000000000000e+00
0.000000000000000000e+00
0.000000000000000000e+00
0.000000000000000000e+00
0.000000000000000000e+00
7.630500000000000060e-01
0.000000000000000000e+00
0.000000000000000000e+00
1.135650000000000048e+00
0.000000000000000000e+00
0.000000000000000000e+00
8.350899999999999990e-01
0.000000000000000000e+00
1.785300000000000109e+00
0.000000000000000000e+00
5.354799999999999560e-01
0.000000000000000000e+00
0.000000000000000000e+00
0.000000000000000000e+00
1.089239999999999986e+00
0.000000000000000000e+00
0.000000000000000000e+00
0.000000000000000000e+00
0.000000000000000000e+00
0.000000000000000000e+00
0.000000000000000000e+00
0.000000000000000000e+00
9.549900000000000055e-01
0.000000000000000000e+00
0.000000000000000000e+00
1.836249999999999938e+00
0.000000000000000000e+00
5.725700000000000234e-01
0.000000000000000000e+00
1.088649999999999896e+00
0.000000000000000000e+00
0.000000000000000000e+00
1.050769999999999982e+00
0.000000000000000000e+00
1.470909999999999940e+00
0.000000000000000000e+00
0.000000000000000000e+00
0.000000000000000000e+00
0.000000000000000000e+00
0.000000000000000000e+00
0.000000000000000000e+00
0.000000000000000000e+00
0.000000000000000000e+00
0.000000000000000000e+00
0.000000000000000000e+00
0.000000000000000000e+00
0.000000000000000000e+00
0.000000000000000000e+00
0.000000000000000000e+00
0.000000000000000000e+00
0.000000000000000000e+00
0.000000000000000000e+00
0.000000000000000000e+00
0.000000000000000000e+00
0.000000000000000000e+00
0.000000000000000000e+00
0.000000000000000000e+00
0.000000000000000000e+00
0.000000000000000000e+00
8.439400000000000235e-01
0.000000000000000000e+00
6.614100000000000534e-01
0.000000000000000000e+00
0.000000000000000000e+00
0.000000000000000000e+00
8.028499999999999526e-01
0.000000000000000000e+00
0.000000000000000000e+00
0.000000000000000000e+00
0.000000000000000000e+00
7.438099999999999712e-01
0.000000000000000000e+00
0.000000000000000000e+00
9.688999999999999835e-01
0.000000000000000000e+00
0.000000000000000000e+00
0.000000000000000000e+00
0.000000000000000000e+00
7.541600000000000525e-01
0.000000000000000000e+00
8.395200000000000440e-01
0.000000000000000000e+00
6.650099999999999900e-01
0.000000000000000000e+00
0.000000000000000000e+00
8.823800000000000532e-01
0.000000000000000000e+00
6.184699999999999642e-01
0.000000000000000000e+00
0.000000000000000000e+00
6.038299999999999779e-01
0.000000000000000000e+00
6.498800000000000132e-01
0.000000000000000000e+00
0.000000000000000000e+00
5.740899999999999892e-01
0.000000000000000000e+00
0.000000000000000000e+00
5.222200000000000175e-01
0.000000000000000000e+00
0.000000000000000000e+00
0.000000000000000000e+00
0.000000000000000000e+00
6.318599999999999772e-01
0.000000000000000000e+00
0.000000000000000000e+00
6.640500000000000291e-01
0.000000000000000000e+00
0.000000000000000000e+00
0.000000000000000000e+00
8.932999999999999829e-01
0.000000000000000000e+00
0.000000000000000000e+00
9.698900000000000299e-01
0.000000000000000000e+00
5.493099999999999650e-01
0.000000000000000000e+00
0.000000000000000000e+00
0.000000000000000000e+00
1.398730000000000029e+00
0.000000000000000000e+00
0.000000000000000000e+00
0.000000000000000000e+00
6.416399999999999881e-01
0.000000000000000000e+00
7.020100000000000229e-01
0.000000000000000000e+00
0.000000000000000000e+00
6.982599999999999918e-01
0.000000000000000000e+00
0.000000000000000000e+00
0.000000000000000000e+00
1.044799999999999951e+00
0.000000000000000000e+00
0.000000000000000000e+00
1.008699999999999930e+00
0.000000000000000000e+00
8.327299999999999702e-01
0.000000000000000000e+00
0.000000000000000000e+00
0.000000000000000000e+00
0.000000000000000000e+00
0.000000000000000000e+00
9.057399999999999896e-01
0.000000000000000000e+00
0.000000000000000000e+00
0.000000000000000000e+00
0.000000000000000000e+00
9.429699999999999749e-01
0.000000000000000000e+00
0.000000000000000000e+00
1.223819999999999908e+00
0.000000000000000000e+00
0.000000000000000000e+00
6.107399999999999496e-01
0.000000000000000000e+00
0.000000000000000000e+00
0.000000000000000000e+00
7.544600000000000195e-01
0.000000000000000000e+00
6.602599999999999580e-01
0.000000000000000000e+00
0.000000000000000000e+00
6.723099999999999632e-01
0.000000000000000000e+00
0.000000000000000000e+00
0.000000000000000000e+00
6.530899999999999483e-01
0.000000000000000000e+00
7.863499999999999934e-01
0.000000000000000000e+00
5.786400000000000432e-01
0.000000000000000000e+00
6.552799999999999736e-01
0.000000000000000000e+00
0.000000000000000000e+00
0.000000000000000000e+00
0.000000000000000000e+00
0.000000000000000000e+00
8.598700000000000232e-01
0.000000000000000000e+00
0.000000000000000000e+00
0.000000000000000000e+00
1.028280000000000083e+00
0.000000000000000000e+00
0.000000000000000000e+00
0.000000000000000000e+00
0.000000000000000000e+00
1.271779999999999911e+00
0.000000000000000000e+00
0.000000000000000000e+00
0.000000000000000000e+00
7.851000000000000201e-01
0.000000000000000000e+00
0.000000000000000000e+00
1.368079999999999963e+00
0.000000000000000000e+00
1.087040000000000006e+00
0.000000000000000000e+00
0.000000000000000000e+00
5.800199999999999800e-01
0.000000000000000000e+00
9.533800000000000052e-01
0.000000000000000000e+00
0.000000000000000000e+00
0.000000000000000000e+00
1.242899999999999894e+00
0.000000000000000000e+00
0.000000000000000000e+00
0.000000000000000000e+00
0.000000000000000000e+00
6.023199999999999665e-01
0.000000000000000000e+00
0.000000000000000000e+00
0.000000000000000000e+00
0.000000000000000000e+00
5.736799999999999677e-01
0.000000000000000000e+00
0.000000000000000000e+00
0.000000000000000000e+00
0.000000000000000000e+00
0.000000000000000000e+00
6.325300000000000367e-01
0.000000000000000000e+00
8.266000000000000014e-01
0.000000000000000000e+00
8.330199999999999827e-01
0.000000000000000000e+00
0.000000000000000000e+00
9.838200000000000278e-01
0.000000000000000000e+00
0.000000000000000000e+00
0.000000000000000000e+00
9.156999999999999584e-01
0.000000000000000000e+00
1.021269999999999900e+00
0.000000000000000000e+00
0.000000000000000000e+00
0.000000000000000000e+00
6.832500000000000240e-01
0.000000000000000000e+00
0.000000000000000000e+00
1.045619999999999994e+00
0.000000000000000000e+00
0.000000000000000000e+00
0.000000000000000000e+00
1.316610000000000058e+00
0.000000000000000000e+00
6.370200000000000307e-01
0.000000000000000000e+00
1.920230000000000103e+00
0.000000000000000000e+00
6.722500000000000142e-01
0.000000000000000000e+00
0.000000000000000000e+00
0.000000000000000000e+00
0.000000000000000000e+00
6.007900000000000462e-01
0.000000000000000000e+00
6.527500000000000524e-01
0.000000000000000000e+00
7.285399999999999654e-01
0.000000000000000000e+00
0.000000000000000000e+00
0.000000000000000000e+00
7.719099999999999850e-01
0.000000000000000000e+00
0.000000000000000000e+00
0.000000000000000000e+00
0.000000000000000000e+00
0.000000000000000000e+00
7.369900000000000340e-01
0.000000000000000000e+00
0.000000000000000000e+00
0.000000000000000000e+00
0.000000000000000000e+00
9.672800000000000287e-01
0.000000000000000000e+00
0.000000000000000000e+00
7.561499999999999888e-01
0.000000000000000000e+00
8.478700000000000125e-01
0.000000000000000000e+00
0.000000000000000000e+00
0.000000000000000000e+00
1.733889999999999931e+00
0.000000000000000000e+00
5.822199999999999598e-01
0.000000000000000000e+00
0.000000000000000000e+00
9.152099999999999680e-01
0.000000000000000000e+00
0.000000000000000000e+00
0.000000000000000000e+00
0.000000000000000000e+00
0.000000000000000000e+00
0.000000000000000000e+00
1.000580000000000025e+00
0.000000000000000000e+00
0.000000000000000000e+00
8.491900000000000004e-01
0.000000000000000000e+00
6.408300000000000107e-01
0.000000000000000000e+00
0.000000000000000000e+00
0.000000000000000000e+00
7.517099999999999893e-01
0.000000000000000000e+00
6.605100000000000415e-01
0.000000000000000000e+00
9.166299999999999448e-01
0.000000000000000000e+00
0.000000000000000000e+00
0.000000000000000000e+00
7.336099999999999843e-01
0.000000000000000000e+00
0.000000000000000000e+00
0.000000000000000000e+00
0.000000000000000000e+00
9.389100000000000223e-01
0.000000000000000000e+00
1.925599999999999978e+00
0.000000000000000000e+00
0.000000000000000000e+00
0.000000000000000000e+00
0.000000000000000000e+00
0.000000000000000000e+00
0.000000000000000000e+00
0.000000000000000000e+00
0.000000000000000000e+00
0.000000000000000000e+00
0.000000000000000000e+00
0.000000000000000000e+00
0.000000000000000000e+00
0.000000000000000000e+00
0.000000000000000000e+00
0.000000000000000000e+00
0.000000000000000000e+00
0.000000000000000000e+00
0.000000000000000000e+00
0.000000000000000000e+00
0.000000000000000000e+00
0.000000000000000000e+00
0.000000000000000000e+00
8.722199999999999953e-01
0.000000000000000000e+00
0.000000000000000000e+00
0.000000000000000000e+00
8.239800000000000457e-01
0.000000000000000000e+00
0.000000000000000000e+00
0.000000000000000000e+00
9.445999999999999952e-01
0.000000000000000000e+00
0.000000000000000000e+00
0.000000000000000000e+00
0.000000000000000000e+00
6.212999999999999634e-01
0.000000000000000000e+00
0.000000000000000000e+00
0.000000000000000000e+00
1.315099999999999936e+00
0.000000000000000000e+00
1.071209999999999996e+00
0.000000000000000000e+00
0.000000000000000000e+00
0.000000000000000000e+00
6.775400000000000311e-01
0.000000000000000000e+00
0.000000000000000000e+00
7.152199999999999669e-01
0.000000000000000000e+00
7.574400000000000022e-01
0.000000000000000000e+00
0.000000000000000000e+00
8.604199999999999626e-01
0.000000000000000000e+00
0.000000000000000000e+00
0.000000000000000000e+00
9.727400000000000491e-01
0.000000000000000000e+00
8.033500000000000085e-01
0.000000000000000000e+00
6.465899999999999981e-01
0.000000000000000000e+00
9.331099999999999950e-01
0.000000000000000000e+00
0.000000000000000000e+00
9.743100000000000094e-01
0.000000000000000000e+00
0.000000000000000000e+00
1.285339999999999927e+00
0.000000000000000000e+00
0.000000000000000000e+00
6.418800000000000061e-01
0.000000000000000000e+00
0.000000000000000000e+00
0.000000000000000000e+00
8.701799999999999535e-01
0.000000000000000000e+00
7.122300000000000297e-01
0.000000000000000000e+00
0.000000000000000000e+00
0.000000000000000000e+00
6.505699999999999816e-01
0.000000000000000000e+00
0.000000000000000000e+00
0.000000000000000000e+00
0.000000000000000000e+00
7.869599999999999929e-01
0.000000000000000000e+00
1.070030000000000037e+00
0.000000000000000000e+00
0.000000000000000000e+00
0.000000000000000000e+00
9.444599999999999662e-01
0.000000000000000000e+00
0.000000000000000000e+00
6.329200000000000381e-01
0.000000000000000000e+00
0.000000000000000000e+00
0.000000000000000000e+00
0.000000000000000000e+00
0.000000000000000000e+00
5.584900000000000420e-01
0.000000000000000000e+00
6.096399999999999597e-01
0.000000000000000000e+00
0.000000000000000000e+00
0.000000000000000000e+00
8.574000000000000510e-01
0.000000000000000000e+00
0.000000000000000000e+00
0.000000000000000000e+00
0.000000000000000000e+00
8.076799999999999535e-01
0.000000000000000000e+00
0.000000000000000000e+00
7.321499999999999675e-01
0.000000000000000000e+00
0.000000000000000000e+00
7.068499999999999783e-01
0.000000000000000000e+00
0.000000000000000000e+00
0.000000000000000000e+00
5.870300000000000518e-01
0.000000000000000000e+00
0.000000000000000000e+00
1.085960000000000036e+00
0.000000000000000000e+00
0.000000000000000000e+00
8.204599999999999671e-01
0.000000000000000000e+00
0.000000000000000000e+00
0.000000000000000000e+00
6.914099999999999691e-01
0.000000000000000000e+00
6.607100000000000195e-01
0.000000000000000000e+00
5.850199999999999845e-01
0.000000000000000000e+00
0.000000000000000000e+00
0.000000000000000000e+00
0.000000000000000000e+00
1.020629999999999926e+00
0.000000000000000000e+00
0.000000000000000000e+00
6.981000000000000538e-01
0.000000000000000000e+00
0.000000000000000000e+00
0.000000000000000000e+00
1.069809999999999928e+00
0.000000000000000000e+00
0.000000000000000000e+00
0.000000000000000000e+00
7.854200000000000070e-01
0.000000000000000000e+00
1.439270000000000049e+00
0.000000000000000000e+00
0.000000000000000000e+00
0.000000000000000000e+00
0.000000000000000000e+00
5.759600000000000275e-01
0.000000000000000000e+00
0.000000000000000000e+00
7.486000000000000432e-01
0.000000000000000000e+00
0.000000000000000000e+00
1.241800000000000015e+00
0.000000000000000000e+00
0.000000000000000000e+00
0.000000000000000000e+00
8.681799999999999518e-01
0.000000000000000000e+00
0.000000000000000000e+00
9.876800000000000024e-01
0.000000000000000000e+00
9.200800000000000090e-01
0.000000000000000000e+00
0.000000000000000000e+00
0.000000000000000000e+00
6.693299999999999805e-01
0.000000000000000000e+00
0.000000000000000000e+00
1.285700000000000065e+00
0.000000000000000000e+00
0.000000000000000000e+00
0.000000000000000000e+00
1.210409999999999986e+00
0.000000000000000000e+00
0.000000000000000000e+00
0.000000000000000000e+00
6.000900000000000123e-01
0.000000000000000000e+00
0.000000000000000000e+00
6.300599999999999534e-01
0.000000000000000000e+00
0.000000000000000000e+00
0.000000000000000000e+00
0.000000000000000000e+00
0.000000000000000000e+00
0.000000000000000000e+00
0.000000000000000000e+00
6.659300000000000219e-01
0.000000000000000000e+00
0.000000000000000000e+00
0.000000000000000000e+00
1.869580000000000020e+00
0.000000000000000000e+00
0.000000000000000000e+00
0.000000000000000000e+00
0.000000000000000000e+00
0.000000000000000000e+00
8.074400000000000466e-01
0.000000000000000000e+00
0.000000000000000000e+00
5.574099999999999611e-01
0.000000000000000000e+00
8.068600000000000216e-01
0.000000000000000000e+00
0.000000000000000000e+00
1.153240000000000043e+00
0.000000000000000000e+00
0.000000000000000000e+00
0.000000000000000000e+00
0.000000000000000000e+00
0.000000000000000000e+00
8.273599999999999843e-01
0.000000000000000000e+00
0.000000000000000000e+00
0.000000000000000000e+00
0.000000000000000000e+00
1.136630000000000029e+00
0.000000000000000000e+00
8.158499999999999641e-01
0.000000000000000000e+00
0.000000000000000000e+00
0.000000000000000000e+00
0.000000000000000000e+00
1.188520000000000021e+00
0.000000000000000000e+00
0.000000000000000000e+00
0.000000000000000000e+00
0.000000000000000000e+00
0.000000000000000000e+00
6.127899999999999459e-01
0.000000000000000000e+00
0.000000000000000000e+00
5.859400000000000164e-01
0.000000000000000000e+00
0.000000000000000000e+00
5.578699999999999770e-01
0.000000000000000000e+00
0.000000000000000000e+00
1.229710000000000081e+00
0.000000000000000000e+00
0.000000000000000000e+00
1.923399999999999999e+00
0.000000000000000000e+00
0.000000000000000000e+00
0.000000000000000000e+00
5.924700000000000522e-01
0.000000000000000000e+00
0.000000000000000000e+00
1.034240000000000048e+00
0.000000000000000000e+00
9.323299999999999921e-01
0.000000000000000000e+00
0.000000000000000000e+00
6.433999999999999719e-01
0.000000000000000000e+00
0.000000000000000000e+00
7.783999999999999808e-01
0.000000000000000000e+00
0.000000000000000000e+00
7.423300000000000454e-01
0.000000000000000000e+00
0.000000000000000000e+00
0.000000000000000000e+00
5.808799999999999519e-01
0.000000000000000000e+00
0.000000000000000000e+00
0.000000000000000000e+00
8.896399999999999864e-01
0.000000000000000000e+00
1.814000000000000057e+00
0.000000000000000000e+00
0.000000000000000000e+00
5.435499999999999776e-01
0.000000000000000000e+00
0.000000000000000000e+00
5.944099999999999939e-01
0.000000000000000000e+00
0.000000000000000000e+00
0.000000000000000000e+00
0.000000000000000000e+00
0.000000000000000000e+00
1.923680000000000057e+00
0.000000000000000000e+00
0.000000000000000000e+00
1.017449999999999966e+00
0.000000000000000000e+00
0.000000000000000000e+00
0.000000000000000000e+00
0.000000000000000000e+00
0.000000000000000000e+00
0.000000000000000000e+00
0.000000000000000000e+00
0.000000000000000000e+00
0.000000000000000000e+00
0.000000000000000000e+00
0.000000000000000000e+00
0.000000000000000000e+00
0.000000000000000000e+00
0.000000000000000000e+00
0.000000000000000000e+00
0.000000000000000000e+00
0.000000000000000000e+00
0.000000000000000000e+00
0.000000000000000000e+00
0.000000000000000000e+00
0.000000000000000000e+00
0.000000000000000000e+00
6.605199999999999960e-01
0.000000000000000000e+00
0.000000000000000000e+00
1.010809999999999986e+00
0.000000000000000000e+00
0.000000000000000000e+00
6.585100000000000398e-01
0.000000000000000000e+00
0.000000000000000000e+00
6.595400000000000151e-01
0.000000000000000000e+00
1.222930000000000073e+00
0.000000000000000000e+00
9.489699999999999802e-01
0.000000000000000000e+00
0.000000000000000000e+00
8.762900000000000134e-01
0.000000000000000000e+00
6.481500000000000039e-01
0.000000000000000000e+00
0.000000000000000000e+00
8.217299999999999605e-01
0.000000000000000000e+00
0.000000000000000000e+00
6.082499999999999574e-01
0.000000000000000000e+00
0.000000000000000000e+00
7.000600000000000156e-01
0.000000000000000000e+00
0.000000000000000000e+00
0.000000000000000000e+00
0.000000000000000000e+00
6.436899999999999844e-01
0.000000000000000000e+00
0.000000000000000000e+00
0.000000000000000000e+00
8.990099999999999758e-01
0.000000000000000000e+00
8.752400000000000180e-01
0.000000000000000000e+00
0.000000000000000000e+00
6.070999999999999730e-01
0.000000000000000000e+00
7.955600000000000449e-01
0.000000000000000000e+00
0.000000000000000000e+00
9.404200000000000337e-01
0.000000000000000000e+00
0.000000000000000000e+00
0.000000000000000000e+00
8.870599999999999596e-01
0.000000000000000000e+00
0.000000000000000000e+00
7.798699999999999521e-01
0.000000000000000000e+00
5.707100000000000506e-01
0.000000000000000000e+00
6.825200000000000156e-01
0.000000000000000000e+00
0.000000000000000000e+00
0.000000000000000000e+00
1.112959999999999949e+00
0.000000000000000000e+00
0.000000000000000000e+00
0.000000000000000000e+00
6.516300000000000425e-01
0.000000000000000000e+00
7.208099999999999508e-01
0.000000000000000000e+00
0.000000000000000000e+00
0.000000000000000000e+00
0.000000000000000000e+00
0.000000000000000000e+00
1.011700000000000044e+00
0.000000000000000000e+00
0.000000000000000000e+00
7.293100000000000138e-01
0.000000000000000000e+00
0.000000000000000000e+00
0.000000000000000000e+00
0.000000000000000000e+00
0.000000000000000000e+00
5.566299999999999581e-01
0.000000000000000000e+00
0.000000000000000000e+00
6.665299999999999558e-01
0.000000000000000000e+00
0.000000000000000000e+00
1.382400000000000073e+00
0.000000000000000000e+00
0.000000000000000000e+00
0.000000000000000000e+00
0.000000000000000000e+00
0.000000000000000000e+00
9.378900000000000015e-01
0.000000000000000000e+00
0.000000000000000000e+00
9.477200000000000069e-01
0.000000000000000000e+00
0.000000000000000000e+00
9.715000000000000302e-01
0.000000000000000000e+00
0.000000000000000000e+00
0.000000000000000000e+00
0.000000000000000000e+00
9.281899999999999595e-01
0.000000000000000000e+00
0.000000000000000000e+00
1.120130000000000070e+00
0.000000000000000000e+00
0.000000000000000000e+00
1.051399999999999890e+00
0.000000000000000000e+00
0.000000000000000000e+00
8.553500000000000547e-01
0.000000000000000000e+00
0.000000000000000000e+00
0.000000000000000000e+00
0.000000000000000000e+00
0.000000000000000000e+00
0.000000000000000000e+00
0.000000000000000000e+00
5.006099999999999994e-01
0.000000000000000000e+00
0.000000000000000000e+00
8.170399999999999885e-01
0.000000000000000000e+00
6.503600000000000492e-01
0.000000000000000000e+00
0.000000000000000000e+00
1.005200000000000093e+00
0.000000000000000000e+00
0.000000000000000000e+00
0.000000000000000000e+00
0.000000000000000000e+00
5.865200000000000413e-01
0.000000000000000000e+00
0.000000000000000000e+00
0.000000000000000000e+00
5.508600000000000163e-01
0.000000000000000000e+00
8.322599999999999998e-01
0.000000000000000000e+00
0.000000000000000000e+00
6.764000000000000012e-01
0.000000000000000000e+00
0.000000000000000000e+00
7.511799999999999589e-01
0.000000000000000000e+00
0.000000000000000000e+00
0.000000000000000000e+00
6.746799999999999464e-01
0.000000000000000000e+00
6.549500000000000322e-01
0.000000000000000000e+00
8.784399999999999986e-01
0.000000000000000000e+00
0.000000000000000000e+00
0.000000000000000000e+00
5.491300000000000070e-01
0.000000000000000000e+00
7.979100000000000081e-01
0.000000000000000000e+00
7.374199999999999644e-01
0.000000000000000000e+00
0.000000000000000000e+00
9.972600000000000353e-01
0.000000000000000000e+00
0.000000000000000000e+00
0.000000000000000000e+00
5.619300000000000406e-01
0.000000000000000000e+00
0.000000000000000000e+00
0.000000000000000000e+00
5.947599999999999554e-01
0.000000000000000000e+00
0.000000000000000000e+00
6.295699999999999630e-01
0.000000000000000000e+00
0.000000000000000000e+00
8.052599999999999758e-01
0.000000000000000000e+00
0.000000000000000000e+00
5.167599999999999971e-01
0.000000000000000000e+00
6.207399999999999585e-01
0.000000000000000000e+00
0.000000000000000000e+00
6.661599999999999744e-01
0.000000000000000000e+00
0.000000000000000000e+00
0.000000000000000000e+00
6.498699999999999477e-01
0.000000000000000000e+00
0.000000000000000000e+00
6.296300000000000230e-01
0.000000000000000000e+00
0.000000000000000000e+00
0.000000000000000000e+00
7.612600000000000477e-01
0.000000000000000000e+00
1.051739999999999897e+00
0.000000000000000000e+00
0.000000000000000000e+00
0.000000000000000000e+00
0.000000000000000000e+00
0.000000000000000000e+00
1.112829999999999986e+00
0.000000000000000000e+00
0.000000000000000000e+00
0.000000000000000000e+00
7.494100000000000206e-01
0.000000000000000000e+00
0.000000000000000000e+00
1.017130000000000090e+00
0.000000000000000000e+00
0.000000000000000000e+00
0.000000000000000000e+00
0.000000000000000000e+00
6.128299999999999859e-01
0.000000000000000000e+00
5.646299999999999653e-01
0.000000000000000000e+00
0.000000000000000000e+00
0.000000000000000000e+00
0.000000000000000000e+00
1.088770000000000016e+00
0.000000000000000000e+00
0.000000000000000000e+00
0.000000000000000000e+00
7.501200000000000090e-01
0.000000000000000000e+00
6.206300000000000150e-01
0.000000000000000000e+00
0.000000000000000000e+00
0.000000000000000000e+00
6.270099999999999563e-01
0.000000000000000000e+00
0.000000000000000000e+00
0.000000000000000000e+00
0.000000000000000000e+00
0.000000000000000000e+00
0.000000000000000000e+00
6.504400000000000182e-01
0.000000000000000000e+00
0.000000000000000000e+00
0.000000000000000000e+00
8.580900000000000194e-01
0.000000000000000000e+00
0.000000000000000000e+00
0.000000000000000000e+00
7.847899999999999876e-01
0.000000000000000000e+00
0.000000000000000000e+00
6.200599999999999445e-01
0.000000000000000000e+00
1.215140000000000109e+00
0.000000000000000000e+00
0.000000000000000000e+00
0.000000000000000000e+00
0.000000000000000000e+00
0.000000000000000000e+00
0.000000000000000000e+00
9.513899999999999579e-01
0.000000000000000000e+00
0.000000000000000000e+00
0.000000000000000000e+00
0.000000000000000000e+00
0.000000000000000000e+00
5.884000000000000341e-01
0.000000000000000000e+00
0.000000000000000000e+00
0.000000000000000000e+00
0.000000000000000000e+00
0.000000000000000000e+00
7.041500000000000536e-01
0.000000000000000000e+00
0.000000000000000000e+00
0.000000000000000000e+00
0.000000000000000000e+00
0.000000000000000000e+00
0.000000000000000000e+00
0.000000000000000000e+00
0.000000000000000000e+00
0.000000000000000000e+00
0.000000000000000000e+00
0.000000000000000000e+00
