0.000000000000000000e+00
0.000000000000000000e+00
0.000000000000000000e+00
0.000000000000000000e+00
0.000000000000000000e+00
0.000000000000000000e+00
0.000000000000000000e+00
0.000000000000000000e+00
0.000000000000000000e+00
0.000000000000000000e+00
8.383899999999999686e-01
0.000000000000000000e+00
0.000000000000000000e+00
8.829799999999999871e-01
0.000000000000000000e+00
0.000000000000000000e+00
0.000000000000000000e+00
6.875499999999999945e-01
0.000000000000000000e+00
6.885099999999999554e-01
0.000000000000000000e+00
0.000000000000000000e+00
0.000000000000000000e+00
6.516499999999999515e-01
0.000000000000000000e+00
6.511599999999999611e-01
0.000000000000000000e+00
0.000000000000000000e+00
6.591200000000000392e-01
0.000000000000000000e+00
6.400099999999999678e-01
0.000000000000000000e+00
0.000000000000000000e+00
0.000000000000000000e+00
6.433900000000000174e-01
0.000000000000000000e+00
0.000000000000000000e+00
0.000000000000000000e+00
5.248599999999999932e-01
0.000000000000000000e+00
0.000000000000000000e+00
0.000000000000000000e+00
5.323099999999999499e-01
0.000000000000000000e+00
0.000000000000000000e+00
5.740699999999999692e-01
0.000000000000000000e+00
7.996400000000000174e-01
0.000000000000000000e+00
0.000000000000000000e+00
8.045600000000000529e-01
0.000000000000000000e+00
0.000000000000000000e+00
5.953600000000000003e-01
0.000000000000000000e+00
0.000000000000000000e+00
0.000000000000000000e+00
0.000000000000000000e+00
0.000000000000000000e+00
5.663700000000000401e-01
0.000000000000000000e+00
0.000000000000000000e+00
8.826899999999999746e-01
0.000000000000000000e+00
0.000000000000000000e+00
0.000000000000000000e+00
0.000000000000000000e+00
0.000000000000000000e+00
0.000000000000000000e+00
6.812099999999999822e-01
0.000000000000000000e+00
0.000000000000000000e+00
5.940600000000000325e-01
0.000000000000000000e+00
0.000000000000000000e+00
8.763800000000000479e-01
0.000000000000000000e+00
0.000000000000000000e+00
0.000000000000000000e+00
5.767799999999999594e-01
0.000000000000000000e+00
6.779300000000000326e-01
0.000000000000000000e+00
0.000000000000000000e+00
8.227900000000000214e-01
0.000000000000000000e+00
0.000000000000000000e+00
0.000000000000000000e+00
7.969399999999999817e-01
0.000000000000000000e+00
0.000000000000000000e+00
0.000000000000000000e+00
5.189200000000000479e-01
0.000000000000000000e+00
0.000000000000000000e+00
5.464599999999999458e-01
0.000000000000000000e+00
0.000000000000000000e+00
5.890300000000000535e-01
0.000000000000000000e+00
0.000000000000000000e+00
0.000000000000000000e+00
5.883099999999999996e-01
0.000000000000000000e+00
0.000000000000000000e+00
0.000000000000000000e+00
0.000000000000000000e+00
0.000000000000000000e+00
0.000000000000000000e+00
0.000000000000000000e+00
6.143699999999999717e-01
0.000000000000000000e+00
6.668800000000000283e-01
0.000000000000000000e+00
7.693200000000000038e-01
0.000000000000000000e+00
1.057760000000000034e+00
0.000000000000000000e+00
0.000000000000000000e+00
5.825799999999999867e-01
0.000000000000000000e+00
0.000000000000000000e+00
6.320599999999999552e-01
0.000000000000000000e+00
0.000000000000000000e+00
0.000000000000000000e+00
0.000000000000000000e+00
0.000000000000000000e+00
6.567699999999999649e-01
0.000000000000000000e+00
0.000000000000000000e+00
9.063900000000000290e-01
0.000000000000000000e+00
1.521560000000000024e+00
0.000000000000000000e+00
6.029299999999999660e-01
0.000000000000000000e+00
0.000000000000000000e+00
0.000000000000000000e+00
0.000000000000000000e+00
7.369799999999999685e-01
0.000000000000000000e+00
0.000000000000000000e+00
5.763800000000000034e-01
0.000000000000000000e+00
0.000000000000000000e+00
0.000000000000000000e+00
0.000000000000000000e+00
5.955599999999999783e-01
0.000000000000000000e+00
0.000000000000000000e+00
9.084999999999999742e-01
0.000000000000000000e+00
0.000000000000000000e+00
5.311900000000000510e-01
0.000000000000000000e+00
5.546400000000000219e-01
0.000000000000000000e+00
0.000000000000000000e+00
0.000000000000000000e+00
5.423299999999999788e-01
0.000000000000000000e+00
0.000000000000000000e+00
0.000000000000000000e+00
7.839199999999999502e-01
0.000000000000000000e+00
0.000000000000000000e+00
6.377099999999999991e-01
0.000000000000000000e+00
7.813099999999999490e-01
0.000000000000000000e+00
0.000000000000000000e+00
0.000000000000000000e+00
7.036700000000000177e-01
0.000000000000000000e+00
0.000000000000000000e+00
0.000000000000000000e+00
5.879999999999999671e-01
0.000000000000000000e+00
0.000000000000000000e+00
6.043500000000000538e-01
0.000000000000000000e+00
0.000000000000000000e+00
0.000000000000000000e+00
6.377899999999999681e-01
0.000000000000000000e+00
7.803200000000000136e-01
0.000000000000000000e+00
0.000000000000000000e+00
5.962499999999999467e-01
0.000000000000000000e+00
5.997799999999999798e-01
0.000000000000000000e+00
0.000000000000000000e+00
5.411000000000000254e-01
0.000000000000000000e+00
0.000000000000000000e+00
4.657100000000000128e-01
0.000000000000000000e+00
5.964000000000000412e-01
0.000000000000000000e+00
7.530200000000000227e-01
0.000000000000000000e+00
0.000000000000000000e+00
6.926999999999999824e-01
0.000000000000000000e+00
0.000000000000000000e+00
0.000000000000000000e+00
7.133599999999999941e-01
0.000000000000000000e+00
0.000000000000000000e+00
6.296899999999999720e-01
0.000000000000000000e+00
0.000000000000000000e+00
5.836500000000000021e-01
0.000000000000000000e+00
0.000000000000000000e+00
0.000000000000000000e+00
0.000000000000000000e+00
6.054100000000000037e-01
0.000000000000000000e+00
0.000000000000000000e+00
6.939899999999999958e-01
0.000000000000000000e+00
0.000000000000000000e+00
0.000000000000000000e+00
0.000000000000000000e+00
1.139979999999999993e+00
0.000000000000000000e+00
1.179650000000000087e+00
0.000000000000000000e+00
0.000000000000000000e+00
5.624900000000000455e-01
0.000000000000000000e+00
0.000000000000000000e+00
6.663400000000000434e-01
0.000000000000000000e+00
1.039700000000000069e+00
0.000000000000000000e+00
7.113199999999999523e-01
0.000000000000000000e+00
0.000000000000000000e+00
6.284899999999999931e-01
0.000000000000000000e+00
0.000000000000000000e+00
0.000000000000000000e+00
6.001400000000000068e-01
0.000000000000000000e+00
0.000000000000000000e+00
0.000000000000000000e+00
0.000000000000000000e+00
5.721000000000000529e-01
0.000000000000000000e+00
0.000000000000000000e+00
1.500969999999999915e+00
0.000000000000000000e+00
0.000000000000000000e+00
0.000000000000000000e+00
5.873899999999999677e-01
0.000000000000000000e+00
6.640700000000000491e-01
0.000000000000000000e+00
0.000000000000000000e+00
1.088279999999999914e+00
0.000000000000000000e+00
0.000000000000000000e+00
0.000000000000000000e+00
0.000000000000000000e+00
0.000000000000000000e+00
1.039420000000000011e+00
0.000000000000000000e+00
1.265940000000000065e+00
0.000000000000000000e+00
0.000000000000000000e+00
0.000000000000000000e+00
0.000000000000000000e+00
0.000000000000000000e+00
0.000000000000000000e+00
0.000000000000000000e+00
0.000000000000000000e+00
0.000000000000000000e+00
0.000000000000000000e+00
0.000000000000000000e+00
0.000000000000000000e+00
0.000000000000000000e+00
0.000000000000000000e+00
0.000000000000000000e+00
0.000000000000000000e+00
0.000000000000000000e+00
0.000000000000000000e+00
0.000000000000000000e+00
0.000000000000000000e+00
0.000000000000000000e+00
0.000000000000000000e+00
0.000000000000000000e+00
7.003000000000000336e-01
0.000000000000000000e+00
0.000000000000000000e+00
0.000000000000000000e+00
0.000000000000000000e+00
7.948100000000000165e-01
0.000000000000000000e+00
0.000000000000000000e+00
0.000000000000000000e+00
0.000000000000000000e+00
4.516899999999999804e-01
0.000000000000000000e+00
0.000000000000000000e+00
0.000000000000000000e+00
8.731299999999999617e-01
0.000000000000000000e+00
6.442499999999999893e-01
0.000000000000000000e+00
5.811500000000000554e-01
0.000000000000000000e+00
7.503800000000000470e-01
0.000000000000000000e+00
6.170400000000000329e-01
0.000000000000000000e+00
0.000000000000000000e+00
0.000000000000000000e+00
0.000000000000000000e+00
0.000000000000000000e+00
8.384099999999999886e-01
0.000000000000000000e+00
7.739800000000000013e-01
0.000000000000000000e+00
7.626199999999999646e-01
0.000000000000000000e+00
0.000000000000000000e+00
0.000000000000000000e+00
7.166500000000000092e-01
0.000000000000000000e+00
0.000000000000000000e+00
4.905399999999999761e-01
0.000000000000000000e+00
0.000000000000000000e+00
0.000000000000000000e+00
6.015200000000000546e-01
0.000000000000000000e+00
0.000000000000000000e+00
6.423400000000000221e-01
0.000000000000000000e+00
5.813300000000000134e-01
0.000000000000000000e+00
9.139500000000000401e-01
0.000000000000000000e+00
0.000000000000000000e+00
0.000000000000000000e+00
6.484900000000000109e-01
0.000000000000000000e+00
0.000000000000000000e+00
0.000000000000000000e+00
0.000000000000000000e+00
0.000000000000000000e+00
0.000000000000000000e+00
5.880800000000000471e-01
0.000000000000000000e+00
0.000000000000000000e+00
0.000000000000000000e+00
0.000000000000000000e+00
6.137500000000000178e-01
0.000000000000000000e+00
0.000000000000000000e+00
0.000000000000000000e+00
0.000000000000000000e+00
9.844699999999999562e-01
0.000000000000000000e+00
0.000000000000000000e+00
0.000000000000000000e+00
5.958700000000000108e-01
0.000000000000000000e+00
0.000000000000000000e+00
0.000000000000000000e+00
8.063700000000000312e-01
0.000000000000000000e+00
0.000000000000000000e+00
8.506799999999999917e-01
0.000000000000000000e+00
0.000000000000000000e+00
0.000000000000000000e+00
5.466199999999999948e-01
0.000000000000000000e+00
8.561499999999999666e-01
0.000000000000000000e+00
0.000000000000000000e+00
6.747100000000000319e-01
0.000000000000000000e+00
0.000000000000000000e+00
6.245699999999999585e-01
0.000000000000000000e+00
0.000000000000000000e+00
6.933599999999999763e-01
0.000000000000000000e+00
1.067369999999999930e+00
0.000000000000000000e+00
7.267500000000000071e-01
0.000000000000000000e+00
0.000000000000000000e+00
0.000000000000000000e+00
0.000000000000000000e+00
8.375399999999999512e-01
0.000000000000000000e+00
0.000000000000000000e+00
0.000000000000000000e+00
0.000000000000000000e+00
0.000000000000000000e+00
7.948699999999999655e-01
0.000000000000000000e+00
0.000000000000000000e+00
0.000000000000000000e+00
1.581949999999999967e+00
0.000000000000000000e+00
0.000000000000000000e+00
5.241700000000000248e-01
0.000000000000000000e+00
0.000000000000000000e+00
5.774399999999999533e-01
0.000000000000000000e+00
0.000000000000000000e+00
5.652199999999999447e-01
0.000000000000000000e+00
7.445000000000000506e-01
0.000000000000000000e+00
7.410799999999999610e-01
0.000000000000000000e+00
0.000000000000000000e+00
0.000000000000000000e+00
0.000000000000000000e+00
0.000000000000000000e+00
5.800400000000000000e-01
0.000000000000000000e+00
0.000000000000000000e+00
6.704200000000000159e-01
0.000000000000000000e+00
0.000000000000000000e+00
0.000000000000000000e+00
5.983699999999999575e-01
0.000000000000000000e+00
0.000000000000000000e+00
0.000000000000000000e+00
0.000000000000000000e+00
1.035239999999999938e+00
0.000000000000000000e+00
0.000000000000000000e+00
0.000000000000000000e+00
0.000000000000000000e+00
0.000000000000000000e+00
6.227800000000000002e-01
0.000000000000000000e+00
0.000000000000000000e+00
0.000000000000000000e+00
1.465119999999999978e+00
0.000000000000000000e+00
0.000000000000000000e+00
8.243599999999999817e-01
0.000000000000000000e+00
0.000000000000000000e+00
5.334799999999999542e-01
0.000000000000000000e+00
7.063500000000000334e-01
0.000000000000000000e+00
0.000000000000000000e+00
9.054999999999999716e-01
0.000000000000000000e+00
0.000000000000000000e+00
0.000000000000000000e+00
0.000000000000000000e+00
9.083499999999999908e-01
0.000000000000000000e+00
0.000000000000000000e+00
0.000000000000000000e+00
6.299900000000000500e-01
0.000000000000000000e+00
0.000000000000000000e+00
0.000000000000000000e+00
7.191699999999999759e-01
0.000000000000000000e+00
0.000000000000000000e+00
0.000000000000000000e+00
5.562000000000000277e-01
0.000000000000000000e+00
0.000000000000000000e+00
0.000000000000000000e+00
0.000000000000000000e+00
8.314399999999999569e-01
0.000000000000000000e+00
0.000000000000000000e+00
6.298200000000000465e-01
0.000000000000000000e+00
0.000000000000000000e+00
0.000000000000000000e+00
0.000000000000000000e+00
0.000000000000000000e+00
0.000000000000000000e+00
6.637300000000000422e-01
0.000000000000000000e+00
0.000000000000000000e+00
1.123099999999999987e+00
0.000000000000000000e+00
0.000000000000000000e+00
0.000000000000000000e+00
5.741000000000000547e-01
0.000000000000000000e+00
0.000000000000000000e+00
0.000000000000000000e+00
6.462900000000000311e-01
0.000000000000000000e+00
1.115050000000000097e+00
0.000000000000000000e+00
0.000000000000000000e+00
9.124100000000000543e-01
0.000000000000000000e+00
0.000000000000000000e+00
0.000000000000000000e+00
9.290699999999999514e-01
0.000000000000000000e+00
0.000000000000000000e+00
0.000000000000000000e+00
5.228000000000000425e-01
0.000000000000000000e+00
6.826900000000000190e-01
0.000000000000000000e+00
0.000000000000000000e+00
0.000000000000000000e+00
7.437599999999999767e-01
0.000000000000000000e+00
0.000000000000000000e+00
0.000000000000000000e+00
0.000000000000000000e+00
0.000000000000000000e+00
0.000000000000000000e+00
5.094100000000000295e-01
0.000000000000000000e+00
0.000000000000000000e+00
0.000000000000000000e+00
0.000000000000000000e+00
9.159800000000000164e-01
0.000000000000000000e+00
0.000000000000000000e+00
8.228499999999999703e-01
0.000000000000000000e+00
0.000000000000000000e+00
0.000000000000000000e+00
1.010850000000000026e+00
0.000000000000000000e+00
0.000000000000000000e+00
0.000000000000000000e+00
6.121100000000000430e-01
0.000000000000000000e+00
7.541200000000000125e-01
0.000000000000000000e+00
5.132400000000000295e-01
0.000000000000000000e+00
0.000000000000000000e+00
0.000000000000000000e+00
0.000000000000000000e+00
0.000000000000000000e+00
5.683399999999999563e-01
0.000000000000000000e+00
0.000000000000000000e+00
0.000000000000000000e+00
6.787999999999999590e-01
0.000000000000000000e+00
5.708900000000000086e-01
0.000000000000000000e+00
6.765900000000000247e-01
0.000000000000000000e+00
0.000000000000000000e+00
0.000000000000000000e+00
0.000000000000000000e+00
1.326289999999999969e+00
0.000000000000000000e+00
0.000000000000000000e+00
0.000000000000000000e+00
1.011370000000000102e+00
0.000000000000000000e+00
0.000000000000000000e+00
1.064159999999999995e+00
0.000000000000000000e+00
0.000000000000000000e+00
0.000000000000000000e+00
6.063100000000000156e-01
0.000000000000000000e+00
0.000000000000000000e+00
0.000000000000000000e+00
0.000000000000000000e+00
0.000000000000000000e+00
0.000000000000000000e+00
0.000000000000000000e+00
0.000000000000000000e+00
0.000000000000000000e+00
0.000000000000000000e+00
0.000000000000000000e+00
0.000000000000000000e+00
0.000000000000000000e+00
0.000000000000000000e+00
0.000000000000000000e+00
0.000000000000000000e+00
0.000000000000000000e+00
0.000000000000000000e+00
0.000000000000000000e+00
0.000000000000000000e+00
0.000000000000000000e+00
0.000000000000000000e+00
0.000000000000000000e+00
0.000000000000000000e+00
8.127499999999999725e-01
0.000000000000000000e+00
0.000000000000000000e+00
0.000000000000000000e+00
0.000000000000000000e+00
0.000000000000000000e+00
5.758999999999999675e-01
0.000000000000000000e+00
0.000000000000000000e+00
8.177699999999999969e-01
0.000000000000000000e+00
0.000000000000000000e+00
0.000000000000000000e+00
0.000000000000000000e+00
0.000000000000000000e+00
7.717600000000000016e-01
0.000000000000000000e+00
6.867199999999999971e-01
0.000000000000000000e+00
8.273000000000000353e-01
0.000000000000000000e+00
0.000000000000000000e+00
6.167200000000000459e-01
0.000000000000000000e+00
0.000000000000000000e+00
0.000000000000000000e+00
7.888600000000000056e-01
0.000000000000000000e+00
0.000000000000000000e+00
1.319129999999999914e+00
0.000000000000000000e+00
6.460700000000000331e-01
0.000000000000000000e+00
0.000000000000000000e+00
0.000000000000000000e+00
6.716800000000000548e-01
0.000000000000000000e+00
0.000000000000000000e+00
1.008099999999999996e+00
0.000000000000000000e+00
0.000000000000000000e+00
6.708499999999999464e-01
0.000000000000000000e+00
6.753400000000000514e-01
0.000000000000000000e+00
0.000000000000000000e+00
0.000000000000000000e+00
0.000000000000000000e+00
0.000000000000000000e+00
6.114800000000000235e-01
0.000000000000000000e+00
0.000000000000000000e+00
0.000000000000000000e+00
5.765000000000000124e-01
0.000000000000000000e+00
0.000000000000000000e+00
6.764099999999999557e-01
0.000000000000000000e+00
7.070499999999999563e-01
0.000000000000000000e+00
0.000000000000000000e+00
0.000000000000000000e+00
5.366199999999999859e-01
0.000000000000000000e+00
0.000000000000000000e+00
6.137799999999999923e-01
0.000000000000000000e+00
1.182430000000000092e+00
0.000000000000000000e+00
0.000000000000000000e+00
0.000000000000000000e+00
1.189149999999999929e+00
0.000000000000000000e+00
0.000000000000000000e+00
5.767499999999999849e-01
0.000000000000000000e+00
0.000000000000000000e+00
6.412499999999999867e-01
0.000000000000000000e+00
1.153149999999999897e+00
0.000000000000000000e+00
0.000000000000000000e+00
6.630500000000000282e-01
0.000000000000000000e+00
0.000000000000000000e+00
0.000000000000000000e+00
6.945799999999999752e-01
0.000000000000000000e+00
0.000000000000000000e+00
5.469800000000000217e-01
0.000000000000000000e+00
0.000000000000000000e+00
7.287099999999999689e-01
0.000000000000000000e+00
6.154600000000000071e-01
0.000000000000000000e+00
0.000000000000000000e+00
0.000000000000000000e+00
7.928800000000000292e-01
0.000000000000000000e+00
0.000000000000000000e+00
0.000000000000000000e+00
6.359500000000000153e-01
0.000000000000000000e+00
0.000000000000000000e+00
0.000000000000000000e+00
0.000000000000000000e+00
0.000000000000000000e+00
1.036059999999999981e+00
0.000000000000000000e+00
0.000000000000000000e+00
1.028909999999999991e+00
0.000000000000000000e+00
0.000000000000000000e+00
0.000000000000000000e+00
0.000000000000000000e+00
6.528000000000000469e-01
0.000000000000000000e+00
0.000000000000000000e+00
0.000000000000000000e+00
7.614999999999999547e-01
0.000000000000000000e+00
0.000000000000000000e+00
7.161999999999999478e-01
0.000000000000000000e+00
0.000000000000000000e+00
6.209900000000000420e-01
0.000000000000000000e+00
0.000000000000000000e+00
0.000000000000000000e+00
0.000000000000000000e+00
0.000000000000000000e+00
5.226199999999999735e-01
0.000000000000000000e+00
0.000000000000000000e+00
8.759900000000000464e-01
0.000000000000000000e+00
0.000000000000000000e+00
0.000000000000000000e+00
0.000000000000000000e+00
1.089830000000000076e+00
0.000000000000000000e+00
0.000000000000000000e+00
0.000000000000000000e+00
1.016720000000000068e+00
0.000000000000000000e+00
8.933499999999999774e-01
0.000000000000000000e+00
0.000000000000000000e+00
0.000000000000000000e+00
7.519599999999999618e-01
0.000000000000000000e+00
0.000000000000000000e+00
0.000000000000000000e+00
0.000000000000000000e+00
9.272899999999999476e-01
0.000000000000000000e+00
8.509200000000000097e-01
0.000000000000000000e+00
6.417699999999999516e-01
0.000000000000000000e+00
7.563699999999999868e-01
0.000000000000000000e+00
7.760200000000000431e-01
0.000000000000000000e+00
0.000000000000000000e+00
9.423300000000000010e-01
0.000000000000000000e+00
0.000000000000000000e+00
0.000000000000000000e+00
0.000000000000000000e+00
0.000000000000000000e+00
5.756700000000000150e-01
0.000000000000000000e+00
9.789099999999999469e-01
0.000000000000000000e+00
0.000000000000000000e+00
0.000000000000000000e+00
1.013069999999999915e+00
0.000000000000000000e+00
0.000000000000000000e+00
8.530999999999999694e-01
0.000000000000000000e+00
0.000000000000000000e+00
0.000000000000000000e+00
9.626000000000000112e-01
0.000000000000000000e+00
0.000000000000000000e+00
0.000000000000000000e+00
5.470899999999999652e-01
0.000000000000000000e+00
0.000000000000000000e+00
5.968099999999999516e-01
0.000000000000000000e+00
0.000000000000000000e+00
0.000000000000000000e+00
0.000000000000000000e+00
5.687200000000000033e-01
0.000000000000000000e+00
0.000000000000000000e+00
0.000000000000000000e+00
0.000000000000000000e+00
0.000000000000000000e+00
0.000000000000000000e+00
6.006700000000000372e-01
0.000000000000000000e+00
0.000000000000000000e+00
0.000000000000000000e+00
1.536119999999999930e+00
0.000000000000000000e+00
0.000000000000000000e+00
0.000000000000000000e+00
9.033600000000000518e-01
0.000000000000000000e+00
0.000000000000000000e+00
0.000000000000000000e+00
0.000000000000000000e+00
0.000000000000000000e+00
7.066700000000000204e-01
0.000000000000000000e+00
0.000000000000000000e+00
0.000000000000000000e+00
0.000000000000000000e+00
7.638700000000000490e-01
0.000000000000000000e+00
0.000000000000000000e+00
0.000000000000000000e+00
6.123699999999999699e-01
0.000000000000000000e+00
0.000000000000000000e+00
0.000000000000000000e+00
0.000000000000000000e+00
0.000000000000000000e+00
0.000000000000000000e+00
1.035130000000000106e+00
0.000000000000000000e+00
0.000000000000000000e+00
0.000000000000000000e+00
5.283799999999999608e-01
0.000000000000000000e+00
0.000000000000000000e+00
0.000000000000000000e+00
0.000000000000000000e+00
6.671700000000000408e-01
0.000000000000000000e+00
0.000000000000000000e+00
6.715499999999999803e-01
0.000000000000000000e+00
0.000000000000000000e+00
0.000000000000000000e+00
0.000000000000000000e+00
0.000000000000000000e+00
1.105539999999999967e+00
0.000000000000000000e+00
0.000000000000000000e+00
1.025439999999999907e+00
0.000000000000000000e+00
0.000000000000000000e+00
1.733740000000000059e+00
0.000000000000000000e+00
9.167300000000000448e-01
0.000000000000000000e+00
5.263299999999999645e-01
0.000000000000000000e+00
0.000000000000000000e+00
0.000000000000000000e+00
7.128400000000000292e-01
0.000000000000000000e+00
0.000000000000000000e+00
0.000000000000000000e+00
0.000000000000000000e+00
0.000000000000000000e+00
0.000000000000000000e+00
0.000000000000000000e+00
1.179659999999999931e+00
0.000000000000000000e+00
0.000000000000000000e+00
1.013479999999999936e+00
0.000000000000000000e+00
6.409200000000000452e-01
0.000000000000000000e+00
1.664520000000000000e+00
0.000000000000000000e+00
0.000000000000000000e+00
5.743099999999999872e-01
0.000000000000000000e+00
8.972799999999999665e-01
0.000000000000000000e+00
0.000000000000000000e+00
0.000000000000000000e+00
0.000000000000000000e+00
0.000000000000000000e+00
0.000000000000000000e+00
0.000000000000000000e+00
0.000000000000000000e+00
0.000000000000000000e+00
0.000000000000000000e+00
0.000000000000000000e+00
0.000000000000000000e+00
0.000000000000000000e+00
0.000000000000000000e+00
0.000000000000000000e+00
0.000000000000000000e+00
0.000000000000000000e+00
0.000000000000000000e+00
0.000000000000000000e+00
0.000000000000000000e+00
0.000000000000000000e+00
0.000000000000000000e+00
0.000000000000000000e+00
0.000000000000000000e+00
7.262399999999999967e-01
0.000000000000000000e+00
9.755599999999999827e-01
0.000000000000000000e+00
0.000000000000000000e+00
0.000000000000000000e+00
6.770399999999999752e-01
0.000000000000000000e+00
0.000000000000000000e+00
0.000000000000000000e+00
0.000000000000000000e+00
9.008599999999999941e-01
0.000000000000000000e+00
0.000000000000000000e+00
5.516499999999999737e-01
0.000000000000000000e+00
0.000000000000000000e+00
0.000000000000000000e+00
0.000000000000000000e+00
5.747100000000000541e-01
0.000000000000000000e+00
6.360299999999999843e-01
0.000000000000000000e+00
5.592300000000000049e-01
0.000000000000000000e+00
0.000000000000000000e+00
5.975800000000000001e-01
0.000000000000000000e+00
9.619600000000000373e-01
0.000000000000000000e+00
0.000000000000000000e+00
6.598100000000000076e-01
0.000000000000000000e+00
8.083000000000000185e-01
0.000000000000000000e+00
0.000000000000000000e+00
1.165100000000000025e+00
0.000000000000000000e+00
0.000000000000000000e+00
8.093099999999999739e-01
0.000000000000000000e+00
0.000000000000000000e+00
0.000000000000000000e+00
0.000000000000000000e+00
6.585199999999999942e-01
0.000000000000000000e+00
0.000000000000000000e+00
6.378399999999999626e-01
0.000000000000000000e+00
0.000000000000000000e+00
0.000000000000000000e+00
8.436599999999999655e-01
0.000000000000000000e+00
0.000000000000000000e+00
1.120929999999999982e+00
0.000000000000000000e+00
1.079039999999999999e+00
0.000000000000000000e+00
0.000000000000000000e+00
0.000000000000000000e+00
1.121369999999999978e+00
0.000000000000000000e+00
0.000000000000000000e+00
0.000000000000000000e+00
8.208900000000000086e-01
0.000000000000000000e+00
5.979100000000000525e-01
0.000000000000000000e+00
0.000000000000000000e+00
7.292300000000000448e-01
0.000000000000000000e+00
0.000000000000000000e+00
0.000000000000000000e+00
9.296400000000000219e-01
0.000000000000000000e+00
0.000000000000000000e+00
9.664399999999999658e-01
0.000000000000000000e+00
9.977200000000000513e-01
0.000000000000000000e+00
0.000000000000000000e+00
0.000000000000000000e+00
0.000000000000000000e+00
0.000000000000000000e+00
9.233599999999999586e-01
0.000000000000000000e+00
0.000000000000000000e+00
0.000000000000000000e+00
0.000000000000000000e+00
6.446600000000000108e-01
0.000000000000000000e+00
0.000000000000000000e+00
1.222369999999999957e+00
0.000000000000000000e+00
0.000000000000000000e+00
8.138800000000000479e-01
0.000000000000000000e+00
0.000000000000000000e+00
0.000000000000000000e+00
1.586319999999999952e+00
0.000000000000000000e+00
8.408799999999999608e-01
0.000000000000000000e+00
0.000000000000000000e+00
5.940600000000000325e-01
0.000000000000000000e+00
0.000000000000000000e+00
0.000000000000000000e+00
6.122999999999999554e-01
0.000000000000000000e+00
9.786700000000000399e-01
0.000000000000000000e+00
6.359799999999999898e-01
0.000000000000000000e+00
5.705599999999999561e-01
0.000000000000000000e+00
0.000000000000000000e+00
0.000000000000000000e+00
0.000000000000000000e+00
0.000000000000000000e+00
1.234860000000000069e+00
0.000000000000000000e+00
0.000000000000000000e+00
0.000000000000000000e+00
7.214599999999999902e-01
0.000000000000000000e+00
0.000000000000000000e+00
0.000000000000000000e+00
0.000000000000000000e+00
5.823199999999999488e-01
0.000000000000000000e+00
0.000000000000000000e+00
0.000000000000000000e+00
1.016569999999999974e+00
0.000000000000000000e+00
0.000000000000000000e+00
8.880799999999999805e-01
0.000000000000000000e+00
1.456390000000000073e+00
0.000000000000000000e+00
0.000000000000000000e+00
5.893800000000000150e-01
0.000000000000000000e+00
5.566600000000000437e-01
0.000000000000000000e+00
0.000000000000000000e+00
0.000000000000000000e+00
1.015279999999999960e+00
0.000000000000000000e+00
0.000000000000000000e+00
0.000000000000000000e+00
0.000000000000000000e+00
6.103199999999999736e-01
0.000000000000000000e+00
0.000000000000000000e+00
0.000000000000000000e+00
0.000000000000000000e+00
1.412679999999999936e+00
0.000000000000000000e+00
0.000000000000000000e+00
0.000000000000000000e+00
0.000000000000000000e+00
0.000000000000000000e+00
5.881699999999999706e-01
0.000000000000000000e+00
7.090600000000000236e-01
0.000000000000000000e+00
5.958999999999999853e-01
0.000000000000000000e+00
0.000000000000000000e+00
9.230599999999999916e-01
0.000000000000000000e+00
0.000000000000000000e+00
0.000000000000000000e+00
1.090300000000000047e+00
0.000000000000000000e+00
7.315800000000000081e-01
0.000000000000000000e+00
0.000000000000000000e+00
0.000000000000000000e+00
8.474000000000000421e-01
0.000000000000000000e+00
0.000000000000000000e+00
6.127899999999999459e-01
0.000000000000000000e+00
0.000000000000000000e+00
0.000000000000000000e+00
5.757499999999999840e-01
0.000000000000000000e+00
6.408199999999999452e-01
0.000000000000000000e+00
6.778499999999999526e-01
0.000000000000000000e+00
7.223100000000000076e-01
0.000000000000000000e+00
0.000000000000000000e+00
0.000000000000000000e+00
0.000000000000000000e+00
7.681900000000000395e-01
0.000000000000000000e+00
7.957100000000000284e-01
0.000000000000000000e+00
9.328400000000000025e-01
0.000000000000000000e+00
0.000000000000000000e+00
0.000000000000000000e+00
7.888100000000000112e-01
0.000000000000000000e+00
0.000000000000000000e+00
0.000000000000000000e+00
0.000000000000000000e+00
0.000000000000000000e+00
6.364699999999999802e-01
0.000000000000000000e+00
0.000000000000000000e+00
0.000000000000000000e+00
0.000000000000000000e+00
5.497100000000000319e-01
0.000000000000000000e+00
0.000000000000000000e+00
5.472599999999999687e-01
0.000000000000000000e+00
8.026900000000000146e-01
0.000000000000000000e+00
0.000000000000000000e+00
0.000000000000000000e+00
7.177499999999999991e-01
0.000000000000000000e+00
6.117299999999999960e-01
0.000000000000000000e+00
0.000000000000000000e+00
7.646100000000000119e-01
0.000000000000000000e+00
0.000000000000000000e+00
0.000000000000000000e+00
0.000000000000000000e+00
0.000000000000000000e+00
0.000000000000000000e+00
9.135999999999999677e-01
0.000000000000000000e+00
0.000000000000000000e+00
7.048400000000000221e-01
0.000000000000000000e+00
6.294100000000000250e-01
0.000000000000000000e+00
0.000000000000000000e+00
0.000000000000000000e+00
7.045299999999999896e-01
0.000000000000000000e+00
6.650199999999999445e-01
0.000000000000000000e+00
9.505900000000000460e-01
0.000000000000000000e+00
0.000000000000000000e+00
0.000000000000000000e+00
1.074019999999999975e+00
0.000000000000000000e+00
0.000000000000000000e+00
0.000000000000000000e+00
0.000000000000000000e+00
6.176800000000000068e-01
0.000000000000000000e+00
1.934150000000000036e+00
0.000000000000000000e+00
0.000000000000000000e+00
0.000000000000000000e+00
0.000000000000000000e+00
0.000000000000000000e+00
0.000000000000000000e+00
0.000000000000000000e+00
0.000000000000000000e+00
0.000000000000000000e+00
0.000000000000000000e+00
0.000000000000000000e+00
0.000000000000000000e+00
0.000000000000000000e+00
0.000000000000000000e+00
0.000000000000000000e+00
0.000000000000000000e+00
0.000000000000000000e+00
0.000000000000000000e+00
0.000000000000000000e+00
0.000000000000000000e+00
0.000000000000000000e+00
0.000000000000000000e+00
9.926700000000000523e-01
0.000000000000000000e+00
0.000000000000000000e+00
0.000000000000000000e+00
6.032800000000000384e-01
0.000000000000000000e+00
0.000000000000000000e+00
0.000000000000000000e+00
6.603700000000000125e-01
0.000000000000000000e+00
0.000000000000000000e+00
0.000000000000000000e+00
0.000000000000000000e+00
8.624199999999999644e-01
0.000000000000000000e+00
0.000000000000000000e+00
0.000000000000000000e+00
6.944500000000000117e-01
0.000000000000000000e+00
5.623399999999999510e-01
0.000000000000000000e+00
0.000000000000000000e+00
0.000000000000000000e+00
6.339700000000000335e-01
0.000000000000000000e+00
0.000000000000000000e+00
5.914099999999999913e-01
0.000000000000000000e+00
7.013000000000000345e-01
0.000000000000000000e+00
0.000000000000000000e+00
7.555399999999999894e-01
0.000000000000000000e+00
0.000000000000000000e+00
0.000000000000000000e+00
1.059379999999999988e+00
0.000000000000000000e+00
1.935389999999999944e+00
0.000000000000000000e+00
9.253500000000000059e-01
0.000000000000000000e+00
7.418700000000000294e-01
0.000000000000000000e+00
0.000000000000000000e+00
1.235460000000000003e+00
0.000000000000000000e+00
0.000000000000000000e+00
7.310100000000000486e-01
0.000000000000000000e+00
0.000000000000000000e+00
1.046519999999999895e+00
0.000000000000000000e+00
0.000000000000000000e+00
0.000000000000000000e+00
6.653900000000000370e-01
0.000000000000000000e+00
6.109499999999999931e-01
0.000000000000000000e+00
0.000000000000000000e+00
0.000000000000000000e+00
6.689899999999999736e-01
0.000000000000000000e+00
0.000000000000000000e+00
0.000000000000000000e+00
0.000000000000000000e+00
5.269399999999999640e-01
0.000000000000000000e+00
6.461000000000000076e-01
0.000000000000000000e+00
0.000000000000000000e+00
0.000000000000000000e+00
5.920499999999999652e-01
0.000000000000000000e+00
0.000000000000000000e+00
1.750320000000000098e+00
0.000000000000000000e+00
0.000000000000000000e+00
0.000000000000000000e+00
0.000000000000000000e+00
0.000000000000000000e+00
5.515600000000000502e-01
0.000000000000000000e+00
8.079699999999999660e-01
0.000000000000000000e+00
0.000000000000000000e+00
0.000000000000000000e+00
6.160700000000000065e-01
0.000000000000000000e+00
0.000000000000000000e+00
0.000000000000000000e+00
0.000000000000000000e+00
7.405000000000000471e-01
0.000000000000000000e+00
0.000000000000000000e+00
6.311700000000000088e-01
0.000000000000000000e+00
0.000000000000000000e+00
9.275999999999999801e-01
0.000000000000000000e+00
0.000000000000000000e+00
0.000000000000000000e+00
8.884699999999999820e-01
0.000000000000000000e+00
0.000000000000000000e+00
9.516400000000000414e-01
0.000000000000000000e+00
0.000000000000000000e+00
1.358819999999999917e+00
0.000000000000000000e+00
0.000000000000000000e+00
0.000000000000000000e+00
9.488100000000000422e-01
0.000000000000000000e+00
8.273300000000000098e-01
0.000000000000000000e+00
9.788099999999999579e-01
0.000000000000000000e+00
0.000000000000000000e+00
0.000000000000000000e+00
0.000000000000000000e+00
1.466099999999999959e+00
0.000000000000000000e+00
0.000000000000000000e+00
8.420800000000000507e-01
0.000000000000000000e+00
0.000000000000000000e+00
0.000000000000000000e+00
1.113709999999999978e+00
0.000000000000000000e+00
0.000000000000000000e+00
0.000000000000000000e+00
6.080499999999999794e-01
0.000000000000000000e+00
7.003300000000000081e-01
0.000000000000000000e+00
0.000000000000000000e+00
0.000000000000000000e+00
0.000000000000000000e+00
6.000499999999999723e-01
0.000000000000000000e+00
0.000000000000000000e+00
6.660899999999999599e-01
0.000000000000000000e+00
0.000000000000000000e+00
9.793300000000000338e-01
0.000000000000000000e+00
0.000000000000000000e+00
0.000000000000000000e+00
1.113369999999999971e+00
0.000000000000000000e+00
0.000000000000000000e+00
8.167600000000000415e-01
0.000000000000000000e+00
7.033099999999999907e-01
0.000000000000000000e+00
0.000000000000000000e+00
0.000000000000000000e+00
6.524600000000000399e-01
0.000000000000000000e+00
0.000000000000000000e+00
7.145700000000000385e-01
0.000000000000000000e+00
0.000000000000000000e+00
0.000000000000000000e+00
6.730699999999999461e-01
0.000000000000000000e+00
0.000000000000000000e+00
0.000000000000000000e+00
6.797900000000000054e-01
0.000000000000000000e+00
0.000000000000000000e+00
5.710699999999999665e-01
0.000000000000000000e+00
0.000000000000000000e+00
0.000000000000000000e+00
0.000000000000000000e+00
0.000000000000000000e+00
0.000000000000000000e+00
0.000000000000000000e+00
7.147099999999999564e-01
0.000000000000000000e+00
0.000000000000000000e+00
0.000000000000000000e+00
8.419299999999999562e-01
0.000000000000000000e+00
0.000000000000000000e+00
0.000000000000000000e+00
0.000000000000000000e+00
0.000000000000000000e+00
1.875950000000000006e+00
0.000000000000000000e+00
0.000000000000000000e+00
5.927700000000000191e-01
0.000000000000000000e+00
1.103380000000000027e+00
0.000000000000000000e+00
0.000000000000000000e+00
6.021300000000000541e-01
0.000000000000000000e+00
0.000000000000000000e+00
0.000000000000000000e+00
0.000000000000000000e+00
0.000000000000000000e+00
6.479300000000000059e-01
0.000000000000000000e+00
0.000000000000000000e+00
0.000000000000000000e+00
0.000000000000000000e+00
1.669699999999999962e+00
0.000000000000000000e+00
6.735600000000000476e-01
0.000000000000000000e+00
0.000000000000000000e+00
0.000000000000000000e+00
0.000000000000000000e+00
6.255899999999999794e-01
0.000000000000000000e+00
0.000000000000000000e+00
0.000000000000000000e+00
0.000000000000000000e+00
0.000000000000000000e+00
5.812500000000000444e-01
0.000000000000000000e+00
0.000000000000000000e+00
7.400099999999999456e-01
0.000000000000000000e+00
0.000000000000000000e+00
5.933500000000000441e-01
0.000000000000000000e+00
0.000000000000000000e+00
6.095899999999999652e-01
0.000000000000000000e+00
0.000000000000000000e+00
6.085700000000000554e-01
0.000000000000000000e+00
0.000000000000000000e+00
0.000000000000000000e+00
1.101059999999999928e+00
0.000000000000000000e+00
0.000000000000000000e+00
8.677899999999999503e-01
0.000000000000000000e+00
7.934799999999999631e-01
0.000000000000000000e+00
0.000000000000000000e+00
8.193200000000000482e-01
0.000000000000000000e+00
0.000000000000000000e+00
6.336300000000000265e-01
0.000000000000000000e+00
0.000000000000000000e+00
7.428500000000000103e-01
0.000000000000000000e+00
0.000000000000000000e+00
0.000000000000000000e+00
1.745579999999999909e+00
0.000000000000000000e+00
0.000000000000000000e+00
0.000000000000000000e+00
7.541499999999999870e-01
0.000000000000000000e+00
5.194499999999999673e-01
0.000000000000000000e+00
0.000000000000000000e+00
6.388599999999999834e-01
0.000000000000000000e+00
0.000000000000000000e+00
8.972099999999999520e-01
0.000000000000000000e+00
0.000000000000000000e+00
0.000000000000000000e+00
0.000000000000000000e+00
0.000000000000000000e+00
6.132999999999999563e-01
0.000000000000000000e+00
0.000000000000000000e+00
6.435999999999999499e-01
0.000000000000000000e+00
0.000000000000000000e+00
0.000000000000000000e+00
0.000000000000000000e+00
0.000000000000000000e+00
0.000000000000000000e+00
0.000000000000000000e+00
0.000000000000000000e+00
0.000000000000000000e+00
0.000000000000000000e+00
0.000000000000000000e+00
0.000000000000000000e+00
0.000000000000000000e+00
0.000000000000000000e+00
0.000000000000000000e+00
0.000000000000000000e+00
0.000000000000000000e+00
0.000000000000000000e+00
0.000000000000000000e+00
0.000000000000000000e+00
0.000000000000000000e+00
0.000000000000000000e+00
9.622899999999999787e-01
0.000000000000000000e+00
0.000000000000000000e+00
7.560400000000000453e-01
0.000000000000000000e+00
0.000000000000000000e+00
1.030459999999999932e+00
0.000000000000000000e+00
0.000000000000000000e+00
6.436399999999999899e-01
0.000000000000000000e+00
1.362270000000000092e+00
0.000000000000000000e+00
8.147400000000000198e-01
0.000000000000000000e+00
0.000000000000000000e+00
6.257300000000000084e-01
0.000000000000000000e+00
1.056950000000000056e+00
0.000000000000000000e+00
0.000000000000000000e+00
5.808799999999999519e-01
0.000000000000000000e+00
0.000000000000000000e+00
8.406799999999999828e-01
0.000000000000000000e+00
0.000000000000000000e+00
5.054699999999999749e-01
0.000000000000000000e+00
0.000000000000000000e+00
0.000000000000000000e+00
0.000000000000000000e+00
6.448899999999999633e-01
0.000000000000000000e+00
0.000000000000000000e+00
0.000000000000000000e+00
5.701199999999999601e-01
0.000000000000000000e+00
9.279100000000000126e-01
0.000000000000000000e+00
0.000000000000000000e+00
5.643599999999999728e-01
0.000000000000000000e+00
6.249299999999999855e-01
0.000000000000000000e+00
0.000000000000000000e+00
9.293099999999999694e-01
0.000000000000000000e+00
0.000000000000000000e+00
0.000000000000000000e+00
7.917499999999999538e-01
0.000000000000000000e+00
0.000000000000000000e+00
1.421650000000000080e+00
0.000000000000000000e+00
7.849699999999999456e-01
0.000000000000000000e+00
1.793369999999999909e+00
0.000000000000000000e+00
0.000000000000000000e+00
0.000000000000000000e+00
6.766999999999999682e-01
0.000000000000000000e+00
0.000000000000000000e+00
0.000000000000000000e+00
1.052859999999999907e+00
0.000000000000000000e+00
1.530899999999999928e+00
0.000000000000000000e+00
0.000000000000000000e+00
0.000000000000000000e+00
0.000000000000000000e+00
0.000000000000000000e+00
5.943699999999999539e-01
0.000000000000000000e+00
0.000000000000000000e+00
8.515399999999999636e-01
0.000000000000000000e+00
0.000000000000000000e+00
0.000000000000000000e+00
0.000000000000000000e+00
0.000000000000000000e+00
7.745800000000000463e-01
0.000000000000000000e+00
0.000000000000000000e+00
6.718100000000000183e-01
0.000000000000000000e+00
0.000000000000000000e+00
8.141800000000000148e-01
0.000000000000000000e+00
0.000000000000000000e+00
0.000000000000000000e+00
0.000000000000000000e+00
0.000000000000000000e+00
1.227279999999999927e+00
0.000000000000000000e+00
0.000000000000000000e+00
7.911399999999999544e-01
0.000000000000000000e+00
0.000000000000000000e+00
8.984600000000000364e-01
0.000000000000000000e+00
0.000000000000000000e+00
0.000000000000000000e+00
0.000000000000000000e+00
5.816599999999999548e-01
0.000000000000000000e+00
0.000000000000000000e+00
5.687100000000000488e-01
0.000000000000000000e+00
0.000000000000000000e+00
6.628899999999999793e-01
0.000000000000000000e+00
0.000000000000000000e+00
1.380079999999999973e+00
0.000000000000000000e+00
0.000000000000000000e+00
0.000000000000000000e+00
0.000000000000000000e+00
0.000000000000000000e+00
0.000000000000000000e+00
0.000000000000000000e+00
6.537800000000000278e-01
0.000000000000000000e+00
0.000000000000000000e+00
9.488600000000000367e-01
0.000000000000000000e+00
7.228299999999999725e-01
0.000000000000000000e+00
0.000000000000000000e+00
1.175599999999999978e+00
0.000000000000000000e+00
0.000000000000000000e+00
0.000000000000000000e+00
0.000000000000000000e+00
7.973099999999999632e-01
0.000000000000000000e+00
0.000000000000000000e+00
0.000000000000000000e+00
1.074470000000000036e+00
0.000000000000000000e+00
1.942139999999999977e+00
0.000000000000000000e+00
0.000000000000000000e+00
6.985200000000000298e-01
0.000000000000000000e+00
0.000000000000000000e+00
1.933750000000000080e+00
0.000000000000000000e+00
0.000000000000000000e+00
0.000000000000000000e+00
7.163199999999999568e-01
0.000000000000000000e+00
1.839369999999999949e+00
0.000000000000000000e+00
5.847700000000000120e-01
0.000000000000000000e+00
0.000000000000000000e+00
0.000000000000000000e+00
5.868299999999999628e-01
0.000000000000000000e+00
7.425399999999999778e-01
0.000000000000000000e+00
9.915100000000000025e-01
0.000000000000000000e+00
0.000000000000000000e+00
1.252000000000000002e+00
0.000000000000000000e+00
0.000000000000000000e+00
0.000000000000000000e+00
1.937429999999999986e+00
0.000000000000000000e+00
0.000000000000000000e+00
0.000000000000000000e+00
4.841400000000000148e-01
0.000000000000000000e+00
0.000000000000000000e+00
5.799699999999999855e-01
0.000000000000000000e+00
0.000000000000000000e+00
6.283699999999999841e-01
0.000000000000000000e+00
0.000000000000000000e+00
7.329900000000000304e-01
0.000000000000000000e+00
1.934630000000000072e+00
0.000000000000000000e+00
0.000000000000000000e+00
7.963200000000000278e-01
0.000000000000000000e+00
0.000000000000000000e+00
0.000000000000000000e+00
6.463200000000000056e-01
0.000000000000000000e+00
0.000000000000000000e+00
5.895200000000000440e-01
0.000000000000000000e+00
0.000000000000000000e+00
0.000000000000000000e+00
5.927400000000000446e-01
0.000000000000000000e+00
7.944600000000000550e-01
0.000000000000000000e+00
0.000000000000000000e+00
0.000000000000000000e+00
0.000000000000000000e+00
0.000000000000000000e+00
1.031500000000000083e+00
0.000000000000000000e+00
0.000000000000000000e+00
0.000000000000000000e+00
8.789299999999999891e-01
0.000000000000000000e+00
0.000000000000000000e+00
1.298699999999999966e+00
0.000000000000000000e+00
0.000000000000000000e+00
0.000000000000000000e+00
0.000000000000000000e+00
6.772299999999999986e-01
0.000000000000000000e+00
6.520399999999999530e-01
0.000000000000000000e+00
0.000000000000000000e+00
0.000000000000000000e+00
0.000000000000000000e+00
8.431699999999999751e-01
0.000000000000000000e+00
0.000000000000000000e+00
0.000000000000000000e+00
1.941489999999999938e+00
0.000000000000000000e+00
6.756999999999999673e-01
0.000000000000000000e+00
0.000000000000000000e+00
0.000000000000000000e+00
8.033000000000000140e-01
0.000000000000000000e+00
0.000000000000000000e+00
0.000000000000000000e+00
0.000000000000000000e+00
0.000000000000000000e+00
0.000000000000000000e+00
5.937200000000000255e-01
0.000000000000000000e+00
0.000000000000000000e+00
0.000000000000000000e+00
1.296399999999999997e+00
0.000000000000000000e+00
0.000000000000000000e+00
0.000000000000000000e+00
6.139299999999999757e-01
0.000000000000000000e+00
0.000000000000000000e+00
6.648899999999999810e-01
0.000000000000000000e+00
9.796899999999999498e-01
0.000000000000000000e+00
0.000000000000000000e+00
0.000000000000000000e+00
0.000000000000000000e+00
0.000000000000000000e+00
0.000000000000000000e+00
6.016399999999999526e-01
0.000000000000000000e+00
0.000000000000000000e+00
0.000000000000000000e+00
0.000000000000000000e+00
0.000000000000000000e+00
5.975000000000000311e-01
0.000000000000000000e+00
0.000000000000000000e+00
0.000000000000000000e+00
0.000000000000000000e+00
0.000000000000000000e+00
9.633599999999999941e-01
0.000000000000000000e+00
0.000000000000000000e+00
0.000000000000000000e+00
0.000000000000000000e+00
0.000000000000000000e+00
0.000000000000000000e+00
0.000000000000000000e+00
0.000000000000000000e+00
0.000000000000000000e+00
0.000000000000000000e+00
0.000000000000000000e+00
