0.000000000000000000e+00
0.000000000000000000e+00
0.000000000000000000e+00
0.000000000000000000e+00
0.000000000000000000e+00
0.000000000000000000e+00
0.000000000000000000e+00
0.000000000000000000e+00
0.000000000000000000e+00
0.000000000000000000e+00
5.849400000000000155e-01
0.000000000000000000e+00
5.186600000000000099e-01
0.000000000000000000e+00
0.000000000000000000e+00
9.989999999999999991e-01
0.000000000000000000e+00
0.000000000000000000e+00
9.547099999999999476e-01
0.000000000000000000e+00
8.861599999999999477e-01
0.000000000000000000e+00
0.000000000000000000e+00
0.000000000000000000e+00
7.276099999999999790e-01
0.000000000000000000e+00
0.000000000000000000e+00
0.000000000000000000e+00
5.687100000000000488e-01
0.000000000000000000e+00
0.000000000000000000e+00
3.968300000000000161e-01
0.000000000000000000e+00
0.000000000000000000e+00
0.000000000000000000e+00
4.520700000000000274e-01
0.000000000000000000e+00
6.142100000000000337e-01
0.000000000000000000e+00
0.000000000000000000e+00
6.724700000000000122e-01
0.000000000000000000e+00
6.044699999999999518e-01
0.000000000000000000e+00
7.256000000000000227e-01
0.000000000000000000e+00
0.000000000000000000e+00
0.000000000000000000e+00
0.000000000000000000e+00
1.280690000000000106e+00
0.000000000000000000e+00
0.000000000000000000e+00
0.000000000000000000e+00
8.740400000000000391e-01
0.000000000000000000e+00
7.354500000000000481e-01
0.000000000000000000e+00
0.000000000000000000e+00
5.818999999999999728e-01
0.000000000000000000e+00
0.000000000000000000e+00
0.000000000000000000e+00
8.803499999999999659e-01
0.000000000000000000e+00
0.000000000000000000e+00
0.000000000000000000e+00
6.087700000000000333e-01
0.000000000000000000e+00
0.000000000000000000e+00
0.000000000000000000e+00
0.000000000000000000e+00
0.000000000000000000e+00
0.000000000000000000e+00
4.804399999999999782e-01
0.000000000000000000e+00
0.000000000000000000e+00
0.000000000000000000e+00
5.009799999999999809e-01
0.000000000000000000e+00
0.000000000000000000e+00
0.000000000000000000e+00
6.009400000000000297e-01
0.000000000000000000e+00
0.000000000000000000e+00
4.942500000000000226e-01
0.000000000000000000e+00
5.307600000000000096e-01
0.000000000000000000e+00
0.000000000000000000e+00
0.000000000000000000e+00
4.838399999999999923e-01
0.000000000000000000e+00
0.000000000000000000e+00
0.000000000000000000e+00
0.000000000000000000e+00
5.003999999999999559e-01
0.000000000000000000e+00
0.000000000000000000e+00
0.000000000000000000e+00
0.000000000000000000e+00
0.000000000000000000e+00
5.610100000000000087e-01
0.000000000000000000e+00
0.000000000000000000e+00
0.000000000000000000e+00
0.000000000000000000e+00
5.097500000000000364e-01
0.000000000000000000e+00
0.000000000000000000e+00
0.000000000000000000e+00
0.000000000000000000e+00
5.917000000000000037e-01
0.000000000000000000e+00
9.512500000000000400e-01
0.000000000000000000e+00
6.552200000000000246e-01
0.000000000000000000e+00
0.000000000000000000e+00
0.000000000000000000e+00
6.578899999999999748e-01
0.000000000000000000e+00
0.000000000000000000e+00
6.186000000000000387e-01
0.000000000000000000e+00
0.000000000000000000e+00
0.000000000000000000e+00
5.922100000000000142e-01
0.000000000000000000e+00
0.000000000000000000e+00
8.205099999999999616e-01
0.000000000000000000e+00
0.000000000000000000e+00
0.000000000000000000e+00
5.235800000000000454e-01
0.000000000000000000e+00
0.000000000000000000e+00
5.883800000000000141e-01
0.000000000000000000e+00
0.000000000000000000e+00
0.000000000000000000e+00
8.821299999999999697e-01
0.000000000000000000e+00
0.000000000000000000e+00
0.000000000000000000e+00
0.000000000000000000e+00
4.801400000000000112e-01
0.000000000000000000e+00
0.000000000000000000e+00
0.000000000000000000e+00
5.545600000000000529e-01
0.000000000000000000e+00
0.000000000000000000e+00
0.000000000000000000e+00
8.865100000000000202e-01
0.000000000000000000e+00
0.000000000000000000e+00
0.000000000000000000e+00
0.000000000000000000e+00
4.288699999999999735e-01
0.000000000000000000e+00
0.000000000000000000e+00
5.485900000000000221e-01
0.000000000000000000e+00
0.000000000000000000e+00
0.000000000000000000e+00
0.000000000000000000e+00
4.423500000000000210e-01
0.000000000000000000e+00
0.000000000000000000e+00
0.000000000000000000e+00
6.171200000000000019e-01
0.000000000000000000e+00
8.296999999999999931e-01
0.000000000000000000e+00
0.000000000000000000e+00
0.000000000000000000e+00
4.538499999999999757e-01
0.000000000000000000e+00
0.000000000000000000e+00
4.519299999999999984e-01
0.000000000000000000e+00
0.000000000000000000e+00
5.306400000000000006e-01
0.000000000000000000e+00
0.000000000000000000e+00
4.879200000000000204e-01
0.000000000000000000e+00
0.000000000000000000e+00
0.000000000000000000e+00
5.752300000000000191e-01
0.000000000000000000e+00
0.000000000000000000e+00
0.000000000000000000e+00
5.141999999999999904e-01
0.000000000000000000e+00
0.000000000000000000e+00
0.000000000000000000e+00
0.000000000000000000e+00
4.583599999999999897e-01
0.000000000000000000e+00
6.253100000000000325e-01
0.000000000000000000e+00
0.000000000000000000e+00
7.876900000000000013e-01
0.000000000000000000e+00
5.839800000000000546e-01
0.000000000000000000e+00
0.000000000000000000e+00
0.000000000000000000e+00
0.000000000000000000e+00
0.000000000000000000e+00
0.000000000000000000e+00
5.395199999999999996e-01
0.000000000000000000e+00
0.000000000000000000e+00
0.000000000000000000e+00
0.000000000000000000e+00
4.698499999999999899e-01
0.000000000000000000e+00
0.000000000000000000e+00
0.000000000000000000e+00
0.000000000000000000e+00
6.267800000000000038e-01
0.000000000000000000e+00
0.000000000000000000e+00
0.000000000000000000e+00
4.939500000000000002e-01
0.000000000000000000e+00
0.000000000000000000e+00
9.452899999999999636e-01
0.000000000000000000e+00
5.099799999999999889e-01
0.000000000000000000e+00
0.000000000000000000e+00
0.000000000000000000e+00
0.000000000000000000e+00
0.000000000000000000e+00
0.000000000000000000e+00
0.000000000000000000e+00
7.118900000000000228e-01
0.000000000000000000e+00
0.000000000000000000e+00
5.793099999999999916e-01
0.000000000000000000e+00
0.000000000000000000e+00
5.273700000000000054e-01
0.000000000000000000e+00
0.000000000000000000e+00
6.428800000000000070e-01
0.000000000000000000e+00
7.018699999999999939e-01
0.000000000000000000e+00
0.000000000000000000e+00
0.000000000000000000e+00
5.070299999999999807e-01
0.000000000000000000e+00
0.000000000000000000e+00
0.000000000000000000e+00
0.000000000000000000e+00
5.354200000000000070e-01
0.000000000000000000e+00
0.000000000000000000e+00
0.000000000000000000e+00
4.873399999999999954e-01
0.000000000000000000e+00
0.000000000000000000e+00
5.086600000000000010e-01
0.000000000000000000e+00
0.000000000000000000e+00
5.554400000000000448e-01
0.000000000000000000e+00
0.000000000000000000e+00
7.068999999999999728e-01
0.000000000000000000e+00
0.000000000000000000e+00
0.000000000000000000e+00
0.000000000000000000e+00
5.052299999999999569e-01
0.000000000000000000e+00
0.000000000000000000e+00
6.369399999999999507e-01
0.000000000000000000e+00
0.000000000000000000e+00
0.000000000000000000e+00
4.862500000000000155e-01
0.000000000000000000e+00
0.000000000000000000e+00
6.272400000000000198e-01
0.000000000000000000e+00
0.000000000000000000e+00
0.000000000000000000e+00
0.000000000000000000e+00
4.797299999999999898e-01
0.000000000000000000e+00
0.000000000000000000e+00
0.000000000000000000e+00
0.000000000000000000e+00
0.000000000000000000e+00
1.109709999999999974e+00
0.000000000000000000e+00
6.938199999999999923e-01
0.000000000000000000e+00
0.000000000000000000e+00
0.000000000000000000e+00
0.000000000000000000e+00
0.000000000000000000e+00
0.000000000000000000e+00
0.000000000000000000e+00
0.000000000000000000e+00
0.000000000000000000e+00
0.000000000000000000e+00
0.000000000000000000e+00
0.000000000000000000e+00
0.000000000000000000e+00
0.000000000000000000e+00
0.000000000000000000e+00
0.000000000000000000e+00
0.000000000000000000e+00
0.000000000000000000e+00
0.000000000000000000e+00
0.000000000000000000e+00
0.000000000000000000e+00
0.000000000000000000e+00
0.000000000000000000e+00
0.000000000000000000e+00
0.000000000000000000e+00
0.000000000000000000e+00
6.371799999999999686e-01
0.000000000000000000e+00
0.000000000000000000e+00
6.140799999999999592e-01
0.000000000000000000e+00
7.876400000000000068e-01
0.000000000000000000e+00
0.000000000000000000e+00
0.000000000000000000e+00
0.000000000000000000e+00
5.085300000000000376e-01
0.000000000000000000e+00
7.995499999999999829e-01
0.000000000000000000e+00
0.000000000000000000e+00
5.581700000000000550e-01
0.000000000000000000e+00
0.000000000000000000e+00
0.000000000000000000e+00
5.294699999999999962e-01
0.000000000000000000e+00
0.000000000000000000e+00
1.100190000000000001e+00
0.000000000000000000e+00
0.000000000000000000e+00
0.000000000000000000e+00
5.428500000000000547e-01
0.000000000000000000e+00
5.377999999999999448e-01
0.000000000000000000e+00
0.000000000000000000e+00
0.000000000000000000e+00
6.668100000000000138e-01
0.000000000000000000e+00
8.825399999999999912e-01
0.000000000000000000e+00
7.137000000000000011e-01
0.000000000000000000e+00
0.000000000000000000e+00
0.000000000000000000e+00
0.000000000000000000e+00
6.680899999999999617e-01
0.000000000000000000e+00
0.000000000000000000e+00
0.000000000000000000e+00
0.000000000000000000e+00
4.692899999999999849e-01
0.000000000000000000e+00
9.607200000000000184e-01
0.000000000000000000e+00
8.941799999999999748e-01
0.000000000000000000e+00
6.979499999999999593e-01
0.000000000000000000e+00
0.000000000000000000e+00
0.000000000000000000e+00
1.169030000000000014e+00
0.000000000000000000e+00
9.091200000000000392e-01
0.000000000000000000e+00
0.000000000000000000e+00
0.000000000000000000e+00
5.880900000000000016e-01
0.000000000000000000e+00
0.000000000000000000e+00
5.343499999999999917e-01
0.000000000000000000e+00
6.970399999999999929e-01
0.000000000000000000e+00
0.000000000000000000e+00
8.833999999999999631e-01
0.000000000000000000e+00
0.000000000000000000e+00
6.802899999999999503e-01
0.000000000000000000e+00
0.000000000000000000e+00
5.817999999999999838e-01
0.000000000000000000e+00
0.000000000000000000e+00
0.000000000000000000e+00
0.000000000000000000e+00
0.000000000000000000e+00
0.000000000000000000e+00
6.206899999999999640e-01
0.000000000000000000e+00
0.000000000000000000e+00
1.110049999999999981e+00
0.000000000000000000e+00
8.057499999999999662e-01
0.000000000000000000e+00
8.347700000000000120e-01
0.000000000000000000e+00
6.566800000000000415e-01
0.000000000000000000e+00
0.000000000000000000e+00
0.000000000000000000e+00
0.000000000000000000e+00
5.365699999999999914e-01
0.000000000000000000e+00
0.000000000000000000e+00
6.172900000000000054e-01
0.000000000000000000e+00
0.000000000000000000e+00
5.325999999999999623e-01
0.000000000000000000e+00
0.000000000000000000e+00
0.000000000000000000e+00
0.000000000000000000e+00
0.000000000000000000e+00
4.090400000000000147e-01
0.000000000000000000e+00
6.829399999999999915e-01
0.000000000000000000e+00
5.900499999999999634e-01
0.000000000000000000e+00
5.535200000000000120e-01
0.000000000000000000e+00
8.727899999999999547e-01
0.000000000000000000e+00
0.000000000000000000e+00
5.602300000000000058e-01
0.000000000000000000e+00
0.000000000000000000e+00
0.000000000000000000e+00
5.357300000000000395e-01
0.000000000000000000e+00
0.000000000000000000e+00
0.000000000000000000e+00
0.000000000000000000e+00
4.829100000000000059e-01
0.000000000000000000e+00
0.000000000000000000e+00
5.461000000000000298e-01
0.000000000000000000e+00
0.000000000000000000e+00
0.000000000000000000e+00
5.963000000000000522e-01
0.000000000000000000e+00
0.000000000000000000e+00
0.000000000000000000e+00
0.000000000000000000e+00
0.000000000000000000e+00
5.266699999999999715e-01
0.000000000000000000e+00
6.259000000000000119e-01
0.000000000000000000e+00
0.000000000000000000e+00
0.000000000000000000e+00
5.591000000000000414e-01
0.000000000000000000e+00
0.000000000000000000e+00
8.072200000000000486e-01
0.000000000000000000e+00
7.008299999999999530e-01
0.000000000000000000e+00
0.000000000000000000e+00
5.950400000000000134e-01
0.000000000000000000e+00
0.000000000000000000e+00
7.933299999999999796e-01
0.000000000000000000e+00
1.108680000000000110e+00
0.000000000000000000e+00
0.000000000000000000e+00
0.000000000000000000e+00
9.782300000000000439e-01
0.000000000000000000e+00
0.000000000000000000e+00
0.000000000000000000e+00
8.184900000000000508e-01
0.000000000000000000e+00
0.000000000000000000e+00
0.000000000000000000e+00
6.486100000000000199e-01
0.000000000000000000e+00
0.000000000000000000e+00
0.000000000000000000e+00
0.000000000000000000e+00
0.000000000000000000e+00
5.945700000000000429e-01
0.000000000000000000e+00
5.968999999999999861e-01
0.000000000000000000e+00
5.572599999999999776e-01
0.000000000000000000e+00
5.600399999999999823e-01
0.000000000000000000e+00
0.000000000000000000e+00
0.000000000000000000e+00
0.000000000000000000e+00
0.000000000000000000e+00
0.000000000000000000e+00
4.637299999999999756e-01
0.000000000000000000e+00
0.000000000000000000e+00
0.000000000000000000e+00
6.074800000000000200e-01
0.000000000000000000e+00
0.000000000000000000e+00
5.220000000000000195e-01
0.000000000000000000e+00
5.683200000000000474e-01
0.000000000000000000e+00
0.000000000000000000e+00
0.000000000000000000e+00
0.000000000000000000e+00
4.951400000000000245e-01
0.000000000000000000e+00
0.000000000000000000e+00
0.000000000000000000e+00
6.841599999999999904e-01
0.000000000000000000e+00
6.037299999999999889e-01
0.000000000000000000e+00
0.000000000000000000e+00
5.377699999999999703e-01
0.000000000000000000e+00
0.000000000000000000e+00
4.889700000000000157e-01
0.000000000000000000e+00
7.566000000000000503e-01
0.000000000000000000e+00
0.000000000000000000e+00
0.000000000000000000e+00
0.000000000000000000e+00
6.273600000000000287e-01
0.000000000000000000e+00
0.000000000000000000e+00
0.000000000000000000e+00
0.000000000000000000e+00
5.011100000000000554e-01
0.000000000000000000e+00
9.265400000000000302e-01
0.000000000000000000e+00
0.000000000000000000e+00
0.000000000000000000e+00
0.000000000000000000e+00
5.380700000000000482e-01
0.000000000000000000e+00
0.000000000000000000e+00
9.984499999999999487e-01
0.000000000000000000e+00
0.000000000000000000e+00
0.000000000000000000e+00
6.505400000000000071e-01
0.000000000000000000e+00
0.000000000000000000e+00
7.602799999999999558e-01
0.000000000000000000e+00
0.000000000000000000e+00
4.526499999999999968e-01
0.000000000000000000e+00
0.000000000000000000e+00
5.431500000000000217e-01
0.000000000000000000e+00
0.000000000000000000e+00
0.000000000000000000e+00
4.910200000000000120e-01
0.000000000000000000e+00
0.000000000000000000e+00
0.000000000000000000e+00
0.000000000000000000e+00
5.148500000000000298e-01
0.000000000000000000e+00
0.000000000000000000e+00
0.000000000000000000e+00
0.000000000000000000e+00
0.000000000000000000e+00
0.000000000000000000e+00
0.000000000000000000e+00
0.000000000000000000e+00
0.000000000000000000e+00
0.000000000000000000e+00
0.000000000000000000e+00
0.000000000000000000e+00
0.000000000000000000e+00
0.000000000000000000e+00
0.000000000000000000e+00
0.000000000000000000e+00
0.000000000000000000e+00
0.000000000000000000e+00
0.000000000000000000e+00
0.000000000000000000e+00
0.000000000000000000e+00
0.000000000000000000e+00
0.000000000000000000e+00
0.000000000000000000e+00
5.001600000000000490e-01
0.000000000000000000e+00
0.000000000000000000e+00
0.000000000000000000e+00
6.897499999999999742e-01
0.000000000000000000e+00
0.000000000000000000e+00
0.000000000000000000e+00
8.878200000000000536e-01
0.000000000000000000e+00
0.000000000000000000e+00
0.000000000000000000e+00
0.000000000000000000e+00
8.426399999999999446e-01
0.000000000000000000e+00
0.000000000000000000e+00
0.000000000000000000e+00
0.000000000000000000e+00
9.665399999999999547e-01
0.000000000000000000e+00
0.000000000000000000e+00
7.022199999999999553e-01
0.000000000000000000e+00
0.000000000000000000e+00
8.134299999999999864e-01
0.000000000000000000e+00
0.000000000000000000e+00
0.000000000000000000e+00
0.000000000000000000e+00
0.000000000000000000e+00
0.000000000000000000e+00
7.519900000000000473e-01
0.000000000000000000e+00
8.847000000000000419e-01
0.000000000000000000e+00
0.000000000000000000e+00
5.736599999999999477e-01
0.000000000000000000e+00
0.000000000000000000e+00
5.988999999999999879e-01
0.000000000000000000e+00
0.000000000000000000e+00
6.420599999999999641e-01
0.000000000000000000e+00
0.000000000000000000e+00
0.000000000000000000e+00
7.861299999999999955e-01
0.000000000000000000e+00
0.000000000000000000e+00
0.000000000000000000e+00
0.000000000000000000e+00
1.135629999999999917e+00
0.000000000000000000e+00
0.000000000000000000e+00
6.052499999999999547e-01
0.000000000000000000e+00
6.829199999999999715e-01
0.000000000000000000e+00
0.000000000000000000e+00
0.000000000000000000e+00
6.886100000000000554e-01
0.000000000000000000e+00
0.000000000000000000e+00
7.519599999999999618e-01
0.000000000000000000e+00
6.222299999999999498e-01
0.000000000000000000e+00
8.523100000000000120e-01
0.000000000000000000e+00
0.000000000000000000e+00
1.228199999999999958e+00
0.000000000000000000e+00
0.000000000000000000e+00
0.000000000000000000e+00
0.000000000000000000e+00
5.048300000000000010e-01
0.000000000000000000e+00
0.000000000000000000e+00
1.124500000000000055e+00
0.000000000000000000e+00
0.000000000000000000e+00
0.000000000000000000e+00
0.000000000000000000e+00
5.656200000000000117e-01
0.000000000000000000e+00
0.000000000000000000e+00
0.000000000000000000e+00
9.113999999999999879e-01
0.000000000000000000e+00
0.000000000000000000e+00
0.000000000000000000e+00
6.756999999999999673e-01
0.000000000000000000e+00
6.529399999999999649e-01
0.000000000000000000e+00
0.000000000000000000e+00
0.000000000000000000e+00
0.000000000000000000e+00
1.020229999999999970e+00
0.000000000000000000e+00
6.424299999999999455e-01
0.000000000000000000e+00
0.000000000000000000e+00
0.000000000000000000e+00
0.000000000000000000e+00
0.000000000000000000e+00
4.823999999999999955e-01
0.000000000000000000e+00
0.000000000000000000e+00
0.000000000000000000e+00
5.544900000000000384e-01
0.000000000000000000e+00
7.560499999999999998e-01
0.000000000000000000e+00
0.000000000000000000e+00
5.294799999999999507e-01
0.000000000000000000e+00
5.909400000000000208e-01
0.000000000000000000e+00
7.845299999999999496e-01
0.000000000000000000e+00
0.000000000000000000e+00
5.667699999999999960e-01
0.000000000000000000e+00
0.000000000000000000e+00
0.000000000000000000e+00
0.000000000000000000e+00
5.531199999999999450e-01
0.000000000000000000e+00
6.097099999999999742e-01
0.000000000000000000e+00
0.000000000000000000e+00
0.000000000000000000e+00
4.903500000000000081e-01
0.000000000000000000e+00
0.000000000000000000e+00
0.000000000000000000e+00
0.000000000000000000e+00
9.655700000000000394e-01
0.000000000000000000e+00
0.000000000000000000e+00
8.879700000000000371e-01
0.000000000000000000e+00
0.000000000000000000e+00
6.246800000000000130e-01
0.000000000000000000e+00
0.000000000000000000e+00
0.000000000000000000e+00
0.000000000000000000e+00
5.077899999999999636e-01
0.000000000000000000e+00
0.000000000000000000e+00
0.000000000000000000e+00
5.101099999999999524e-01
0.000000000000000000e+00
0.000000000000000000e+00
0.000000000000000000e+00
0.000000000000000000e+00
4.545199999999999796e-01
0.000000000000000000e+00
0.000000000000000000e+00
0.000000000000000000e+00
0.000000000000000000e+00
6.828999999999999515e-01
0.000000000000000000e+00
6.446800000000000308e-01
0.000000000000000000e+00
0.000000000000000000e+00
0.000000000000000000e+00
4.805200000000000027e-01
0.000000000000000000e+00
0.000000000000000000e+00
0.000000000000000000e+00
4.116500000000000159e-01
0.000000000000000000e+00
0.000000000000000000e+00
0.000000000000000000e+00
0.000000000000000000e+00
5.309199999999999475e-01
0.000000000000000000e+00
6.610700000000000465e-01
0.000000000000000000e+00
0.000000000000000000e+00
8.874999999999999556e-01
0.000000000000000000e+00
0.000000000000000000e+00
0.000000000000000000e+00
6.415199999999999791e-01
0.000000000000000000e+00
0.000000000000000000e+00
0.000000000000000000e+00
0.000000000000000000e+00
0.000000000000000000e+00
3.699299999999999811e-01
0.000000000000000000e+00
0.000000000000000000e+00
0.000000000000000000e+00
0.000000000000000000e+00
3.423399999999999777e-01
0.000000000000000000e+00
0.000000000000000000e+00
5.888900000000000245e-01
0.000000000000000000e+00
0.000000000000000000e+00
0.000000000000000000e+00
3.963499999999999801e-01
0.000000000000000000e+00
6.837800000000000544e-01
0.000000000000000000e+00
4.960800000000000209e-01
0.000000000000000000e+00
0.000000000000000000e+00
0.000000000000000000e+00
3.145200000000000218e-01
0.000000000000000000e+00
0.000000000000000000e+00
5.926599999999999646e-01
0.000000000000000000e+00
0.000000000000000000e+00
0.000000000000000000e+00
4.859899999999999776e-01
0.000000000000000000e+00
0.000000000000000000e+00
0.000000000000000000e+00
8.445200000000000484e-01
0.000000000000000000e+00
1.003030000000000088e+00
0.000000000000000000e+00
6.329299999999999926e-01
0.000000000000000000e+00
7.419400000000000439e-01
0.000000000000000000e+00
0.000000000000000000e+00
4.946699999999999986e-01
0.000000000000000000e+00
0.000000000000000000e+00
6.665600000000000414e-01
0.000000000000000000e+00
0.000000000000000000e+00
0.000000000000000000e+00
0.000000000000000000e+00
7.910500000000000309e-01
0.000000000000000000e+00
0.000000000000000000e+00
0.000000000000000000e+00
9.691899999999999959e-01
0.000000000000000000e+00
0.000000000000000000e+00
7.048100000000000476e-01
0.000000000000000000e+00
6.699600000000000000e-01
0.000000000000000000e+00
0.000000000000000000e+00
0.000000000000000000e+00
0.000000000000000000e+00
8.829099999999999726e-01
0.000000000000000000e+00
0.000000000000000000e+00
5.676400000000000334e-01
0.000000000000000000e+00
0.000000000000000000e+00
0.000000000000000000e+00
1.140879999999999894e+00
0.000000000000000000e+00
0.000000000000000000e+00
6.460500000000000131e-01
0.000000000000000000e+00
0.000000000000000000e+00
9.183200000000000252e-01
0.000000000000000000e+00
0.000000000000000000e+00
0.000000000000000000e+00
7.911899999999999489e-01
0.000000000000000000e+00
0.000000000000000000e+00
6.053800000000000292e-01
0.000000000000000000e+00
0.000000000000000000e+00
0.000000000000000000e+00
7.181499999999999551e-01
0.000000000000000000e+00
0.000000000000000000e+00
0.000000000000000000e+00
0.000000000000000000e+00
0.000000000000000000e+00
0.000000000000000000e+00
0.000000000000000000e+00
0.000000000000000000e+00
0.000000000000000000e+00
0.000000000000000000e+00
0.000000000000000000e+00
0.000000000000000000e+00
0.000000000000000000e+00
0.000000000000000000e+00
0.000000000000000000e+00
0.000000000000000000e+00
0.000000000000000000e+00
0.000000000000000000e+00
0.000000000000000000e+00
0.000000000000000000e+00
0.000000000000000000e+00
8.056400000000000228e-01
0.000000000000000000e+00
0.000000000000000000e+00
0.000000000000000000e+00
5.916500000000000092e-01
0.000000000000000000e+00
7.129900000000000126e-01
0.000000000000000000e+00
0.000000000000000000e+00
7.449299999999999811e-01
0.000000000000000000e+00
0.000000000000000000e+00
0.000000000000000000e+00
7.204399999999999693e-01
0.000000000000000000e+00
0.000000000000000000e+00
6.245899999999999785e-01
0.000000000000000000e+00
0.000000000000000000e+00
9.585700000000000331e-01
0.000000000000000000e+00
0.000000000000000000e+00
8.625599999999999934e-01
0.000000000000000000e+00
0.000000000000000000e+00
0.000000000000000000e+00
6.356800000000000228e-01
0.000000000000000000e+00
0.000000000000000000e+00
6.218900000000000539e-01
0.000000000000000000e+00
8.630799999999999583e-01
0.000000000000000000e+00
0.000000000000000000e+00
0.000000000000000000e+00
4.622399999999999842e-01
0.000000000000000000e+00
0.000000000000000000e+00
8.955100000000000282e-01
0.000000000000000000e+00
0.000000000000000000e+00
0.000000000000000000e+00
5.495200000000000085e-01
0.000000000000000000e+00
6.083499999999999464e-01
0.000000000000000000e+00
0.000000000000000000e+00
0.000000000000000000e+00
8.285700000000000287e-01
0.000000000000000000e+00
0.000000000000000000e+00
0.000000000000000000e+00
0.000000000000000000e+00
5.200900000000000523e-01
0.000000000000000000e+00
0.000000000000000000e+00
9.888599999999999612e-01
0.000000000000000000e+00
0.000000000000000000e+00
0.000000000000000000e+00
5.957999999999999963e-01
0.000000000000000000e+00
0.000000000000000000e+00
0.000000000000000000e+00
6.439200000000000479e-01
0.000000000000000000e+00
1.092070000000000096e+00
0.000000000000000000e+00
7.886800000000000477e-01
0.000000000000000000e+00
6.260599999999999499e-01
0.000000000000000000e+00
0.000000000000000000e+00
0.000000000000000000e+00
6.085399999999999698e-01
0.000000000000000000e+00
0.000000000000000000e+00
0.000000000000000000e+00
5.412799999999999834e-01
0.000000000000000000e+00
0.000000000000000000e+00
0.000000000000000000e+00
9.907399999999999540e-01
0.000000000000000000e+00
7.268200000000000216e-01
0.000000000000000000e+00
0.000000000000000000e+00
0.000000000000000000e+00
5.656299999999999661e-01
0.000000000000000000e+00
0.000000000000000000e+00
0.000000000000000000e+00
0.000000000000000000e+00
0.000000000000000000e+00
0.000000000000000000e+00
7.139900000000000135e-01
0.000000000000000000e+00
7.298599999999999532e-01
0.000000000000000000e+00
7.328700000000000214e-01
0.000000000000000000e+00
7.587899999999999645e-01
0.000000000000000000e+00
0.000000000000000000e+00
0.000000000000000000e+00
0.000000000000000000e+00
5.835500000000000131e-01
0.000000000000000000e+00
0.000000000000000000e+00
5.692700000000000538e-01
0.000000000000000000e+00
7.313300000000000356e-01
0.000000000000000000e+00
6.472299999999999720e-01
0.000000000000000000e+00
0.000000000000000000e+00
0.000000000000000000e+00
5.943500000000000449e-01
0.000000000000000000e+00
0.000000000000000000e+00
9.270800000000000152e-01
0.000000000000000000e+00
0.000000000000000000e+00
5.335199999999999942e-01
0.000000000000000000e+00
0.000000000000000000e+00
8.607700000000000351e-01
0.000000000000000000e+00
8.213500000000000245e-01
0.000000000000000000e+00
0.000000000000000000e+00
6.462099999999999511e-01
0.000000000000000000e+00
0.000000000000000000e+00
0.000000000000000000e+00
5.992100000000000204e-01
0.000000000000000000e+00
7.036900000000000377e-01
0.000000000000000000e+00
0.000000000000000000e+00
7.257599999999999607e-01
0.000000000000000000e+00
0.000000000000000000e+00
7.074799999999999978e-01
0.000000000000000000e+00
0.000000000000000000e+00
6.608399999999999830e-01
0.000000000000000000e+00
6.253300000000000525e-01
0.000000000000000000e+00
0.000000000000000000e+00
0.000000000000000000e+00
0.000000000000000000e+00
6.310799999999999743e-01
0.000000000000000000e+00
0.000000000000000000e+00
0.000000000000000000e+00
0.000000000000000000e+00
0.000000000000000000e+00
5.256199999999999761e-01
0.000000000000000000e+00
0.000000000000000000e+00
0.000000000000000000e+00
1.163440000000000030e+00
0.000000000000000000e+00
0.000000000000000000e+00
0.000000000000000000e+00
0.000000000000000000e+00
0.000000000000000000e+00
6.504799999999999471e-01
0.000000000000000000e+00
0.000000000000000000e+00
6.797800000000000509e-01
0.000000000000000000e+00
9.286999999999999700e-01
0.000000000000000000e+00
0.000000000000000000e+00
0.000000000000000000e+00
0.000000000000000000e+00
7.122399999999999842e-01
0.000000000000000000e+00
0.000000000000000000e+00
6.285500000000000531e-01
0.000000000000000000e+00
8.229999999999999538e-01
0.000000000000000000e+00
1.312789999999999901e+00
0.000000000000000000e+00
0.000000000000000000e+00
5.918499999999999872e-01
0.000000000000000000e+00
0.000000000000000000e+00
5.218099999999999961e-01
0.000000000000000000e+00
0.000000000000000000e+00
0.000000000000000000e+00
9.694099999999999939e-01
0.000000000000000000e+00
7.459999999999999964e-01
0.000000000000000000e+00
0.000000000000000000e+00
1.128730000000000011e+00
0.000000000000000000e+00
0.000000000000000000e+00
0.000000000000000000e+00
7.027600000000000513e-01
0.000000000000000000e+00
0.000000000000000000e+00
0.000000000000000000e+00
0.000000000000000000e+00
3.723000000000000198e-01
0.000000000000000000e+00
6.717800000000000438e-01
0.000000000000000000e+00
0.000000000000000000e+00
0.000000000000000000e+00
1.076699999999999990e+00
0.000000000000000000e+00
0.000000000000000000e+00
9.625700000000000367e-01
0.000000000000000000e+00
0.000000000000000000e+00
0.000000000000000000e+00
7.441100000000000492e-01
0.000000000000000000e+00
0.000000000000000000e+00
0.000000000000000000e+00
1.197770000000000001e+00
0.000000000000000000e+00
1.450720000000000010e+00
0.000000000000000000e+00
0.000000000000000000e+00
5.675599999999999534e-01
0.000000000000000000e+00
0.000000000000000000e+00
0.000000000000000000e+00
5.295900000000000052e-01
0.000000000000000000e+00
0.000000000000000000e+00
0.000000000000000000e+00
0.000000000000000000e+00
5.551099999999999923e-01
0.000000000000000000e+00
1.004950000000000010e+00
0.000000000000000000e+00
8.037900000000000045e-01
0.000000000000000000e+00
9.138300000000000312e-01
0.000000000000000000e+00
0.000000000000000000e+00
1.009009999999999962e+00
0.000000000000000000e+00
0.000000000000000000e+00
0.000000000000000000e+00
8.129899999999999904e-01
0.000000000000000000e+00
0.000000000000000000e+00
6.285399999999999876e-01
0.000000000000000000e+00
0.000000000000000000e+00
0.000000000000000000e+00
0.000000000000000000e+00
0.000000000000000000e+00
0.000000000000000000e+00
0.000000000000000000e+00
0.000000000000000000e+00
0.000000000000000000e+00
0.000000000000000000e+00
0.000000000000000000e+00
0.000000000000000000e+00
0.000000000000000000e+00
0.000000000000000000e+00
0.000000000000000000e+00
0.000000000000000000e+00
0.000000000000000000e+00
0.000000000000000000e+00
0.000000000000000000e+00
0.000000000000000000e+00
0.000000000000000000e+00
4.516700000000000159e-01
0.000000000000000000e+00
0.000000000000000000e+00
0.000000000000000000e+00
0.000000000000000000e+00
6.105899999999999661e-01
0.000000000000000000e+00
6.560300000000000020e-01
0.000000000000000000e+00
0.000000000000000000e+00
0.000000000000000000e+00
0.000000000000000000e+00
1.460970000000000102e+00
0.000000000000000000e+00
8.242000000000000437e-01
0.000000000000000000e+00
0.000000000000000000e+00
0.000000000000000000e+00
5.666999999999999815e-01
0.000000000000000000e+00
0.000000000000000000e+00
0.000000000000000000e+00
5.763399999999999634e-01
0.000000000000000000e+00
0.000000000000000000e+00
0.000000000000000000e+00
0.000000000000000000e+00
0.000000000000000000e+00
5.163799999999999502e-01
0.000000000000000000e+00
0.000000000000000000e+00
5.427600000000000202e-01
0.000000000000000000e+00
0.000000000000000000e+00
0.000000000000000000e+00
0.000000000000000000e+00
8.588700000000000223e-01
0.000000000000000000e+00
0.000000000000000000e+00
0.000000000000000000e+00
5.629100000000000215e-01
0.000000000000000000e+00
0.000000000000000000e+00
4.084900000000000198e-01
0.000000000000000000e+00
5.983100000000000085e-01
0.000000000000000000e+00
0.000000000000000000e+00
0.000000000000000000e+00
0.000000000000000000e+00
8.758200000000000429e-01
0.000000000000000000e+00
0.000000000000000000e+00
0.000000000000000000e+00
0.000000000000000000e+00
0.000000000000000000e+00
0.000000000000000000e+00
5.057099999999999929e-01
0.000000000000000000e+00
0.000000000000000000e+00
0.000000000000000000e+00
5.193600000000000438e-01
0.000000000000000000e+00
0.000000000000000000e+00
5.135899999999999910e-01
0.000000000000000000e+00
0.000000000000000000e+00
5.883300000000000196e-01
0.000000000000000000e+00
0.000000000000000000e+00
0.000000000000000000e+00
0.000000000000000000e+00
0.000000000000000000e+00
5.839400000000000146e-01
0.000000000000000000e+00
0.000000000000000000e+00
4.172600000000000198e-01
0.000000000000000000e+00
0.000000000000000000e+00
5.415699999999999958e-01
0.000000000000000000e+00
0.000000000000000000e+00
0.000000000000000000e+00
6.396800000000000264e-01
0.000000000000000000e+00
6.038599999999999524e-01
0.000000000000000000e+00
6.093800000000000328e-01
0.000000000000000000e+00
5.587600000000000344e-01
0.000000000000000000e+00
0.000000000000000000e+00
0.000000000000000000e+00
0.000000000000000000e+00
5.026500000000000412e-01
0.000000000000000000e+00
5.899600000000000399e-01
0.000000000000000000e+00
0.000000000000000000e+00
0.000000000000000000e+00
5.002199999999999980e-01
0.000000000000000000e+00
0.000000000000000000e+00
5.301299999999999901e-01
0.000000000000000000e+00
0.000000000000000000e+00
4.815300000000000136e-01
0.000000000000000000e+00
0.000000000000000000e+00
0.000000000000000000e+00
4.925100000000000033e-01
0.000000000000000000e+00
0.000000000000000000e+00
0.000000000000000000e+00
0.000000000000000000e+00
0.000000000000000000e+00
4.281400000000000206e-01
0.000000000000000000e+00
0.000000000000000000e+00
0.000000000000000000e+00
5.034699999999999731e-01
0.000000000000000000e+00
5.474599999999999467e-01
0.000000000000000000e+00
0.000000000000000000e+00
4.225300000000000167e-01
0.000000000000000000e+00
0.000000000000000000e+00
0.000000000000000000e+00
0.000000000000000000e+00
0.000000000000000000e+00
4.301599999999999868e-01
0.000000000000000000e+00
0.000000000000000000e+00
5.344200000000000061e-01
0.000000000000000000e+00
0.000000000000000000e+00
0.000000000000000000e+00
7.289999999999999813e-01
0.000000000000000000e+00
0.000000000000000000e+00
0.000000000000000000e+00
0.000000000000000000e+00
8.910099999999999687e-01
0.000000000000000000e+00
6.845799999999999663e-01
0.000000000000000000e+00
0.000000000000000000e+00
5.923500000000000432e-01
0.000000000000000000e+00
0.000000000000000000e+00
0.000000000000000000e+00
0.000000000000000000e+00
1.316240000000000077e+00
0.000000000000000000e+00
0.000000000000000000e+00
0.000000000000000000e+00
0.000000000000000000e+00
0.000000000000000000e+00
0.000000000000000000e+00
0.000000000000000000e+00
6.630000000000000338e-01
0.000000000000000000e+00
1.270899999999999919e+00
0.000000000000000000e+00
8.545800000000000063e-01
0.000000000000000000e+00
1.134880000000000111e+00
0.000000000000000000e+00
1.749649999999999928e+00
0.000000000000000000e+00
0.000000000000000000e+00
5.798499999999999766e-01
0.000000000000000000e+00
0.000000000000000000e+00
0.000000000000000000e+00
0.000000000000000000e+00
0.000000000000000000e+00
5.646299999999999653e-01
0.000000000000000000e+00
8.776100000000000012e-01
0.000000000000000000e+00
1.390200000000000102e+00
0.000000000000000000e+00
0.000000000000000000e+00
0.000000000000000000e+00
7.951500000000000234e-01
0.000000000000000000e+00
1.545730000000000048e+00
0.000000000000000000e+00
0.000000000000000000e+00
0.000000000000000000e+00
5.846999999999999975e-01
0.000000000000000000e+00
8.238600000000000367e-01
0.000000000000000000e+00
0.000000000000000000e+00
0.000000000000000000e+00
0.000000000000000000e+00
7.487800000000000011e-01
0.000000000000000000e+00
0.000000000000000000e+00
0.000000000000000000e+00
0.000000000000000000e+00
0.000000000000000000e+00
0.000000000000000000e+00
4.738299999999999734e-01
0.000000000000000000e+00
0.000000000000000000e+00
0.000000000000000000e+00
7.338500000000000023e-01
0.000000000000000000e+00
0.000000000000000000e+00
7.140100000000000335e-01
0.000000000000000000e+00
0.000000000000000000e+00
0.000000000000000000e+00
4.728999999999999870e-01
0.000000000000000000e+00
0.000000000000000000e+00
4.664499999999999758e-01
0.000000000000000000e+00
0.000000000000000000e+00
0.000000000000000000e+00
0.000000000000000000e+00
0.000000000000000000e+00
4.965800000000000214e-01
0.000000000000000000e+00
5.884500000000000286e-01
0.000000000000000000e+00
0.000000000000000000e+00
5.815500000000000114e-01
0.000000000000000000e+00
0.000000000000000000e+00
0.000000000000000000e+00
0.000000000000000000e+00
7.638899999999999579e-01
0.000000000000000000e+00
0.000000000000000000e+00
0.000000000000000000e+00
0.000000000000000000e+00
4.765699999999999936e-01
0.000000000000000000e+00
0.000000000000000000e+00
6.714799999999999658e-01
0.000000000000000000e+00
5.205100000000000282e-01
0.000000000000000000e+00
7.230400000000000160e-01
0.000000000000000000e+00
6.205699999999999550e-01
0.000000000000000000e+00
4.670199999999999907e-01
0.000000000000000000e+00
0.000000000000000000e+00
4.614300000000000068e-01
0.000000000000000000e+00
0.000000000000000000e+00
3.716300000000000159e-01
0.000000000000000000e+00
0.000000000000000000e+00
4.633300000000000196e-01
0.000000000000000000e+00
0.000000000000000000e+00
5.569699999999999651e-01
0.000000000000000000e+00
0.000000000000000000e+00
0.000000000000000000e+00
4.668300000000000227e-01
0.000000000000000000e+00
6.995099999999999651e-01
0.000000000000000000e+00
0.000000000000000000e+00
8.043400000000000549e-01
0.000000000000000000e+00
0.000000000000000000e+00
6.109999999999999876e-01
0.000000000000000000e+00
0.000000000000000000e+00
0.000000000000000000e+00
0.000000000000000000e+00
4.823500000000000010e-01
0.000000000000000000e+00
0.000000000000000000e+00
0.000000000000000000e+00
0.000000000000000000e+00
0.000000000000000000e+00
0.000000000000000000e+00
0.000000000000000000e+00
0.000000000000000000e+00
0.000000000000000000e+00
0.000000000000000000e+00
0.000000000000000000e+00
0.000000000000000000e+00
0.000000000000000000e+00
0.000000000000000000e+00
0.000000000000000000e+00
0.000000000000000000e+00
0.000000000000000000e+00
0.000000000000000000e+00
0.000000000000000000e+00
0.000000000000000000e+00
0.000000000000000000e+00
0.000000000000000000e+00
0.000000000000000000e+00
4.300899999999999723e-01
0.000000000000000000e+00
0.000000000000000000e+00
4.118600000000000039e-01
0.000000000000000000e+00
0.000000000000000000e+00
4.645799999999999930e-01
0.000000000000000000e+00
0.000000000000000000e+00
0.000000000000000000e+00
4.554300000000000015e-01
0.000000000000000000e+00
0.000000000000000000e+00
0.000000000000000000e+00
0.000000000000000000e+00
6.355800000000000338e-01
0.000000000000000000e+00
0.000000000000000000e+00
7.500299999999999745e-01
0.000000000000000000e+00
0.000000000000000000e+00
0.000000000000000000e+00
4.605199999999999849e-01
0.000000000000000000e+00
0.000000000000000000e+00
0.000000000000000000e+00
5.338600000000000012e-01
0.000000000000000000e+00
0.000000000000000000e+00
5.095100000000000184e-01
0.000000000000000000e+00
5.470500000000000362e-01
0.000000000000000000e+00
6.280200000000000227e-01
0.000000000000000000e+00
0.000000000000000000e+00
0.000000000000000000e+00
4.737600000000000144e-01
0.000000000000000000e+00
5.095499999999999474e-01
0.000000000000000000e+00
0.000000000000000000e+00
0.000000000000000000e+00
0.000000000000000000e+00
4.687100000000000155e-01
0.000000000000000000e+00
0.000000000000000000e+00
0.000000000000000000e+00
0.000000000000000000e+00
6.487100000000000088e-01
0.000000000000000000e+00
0.000000000000000000e+00
7.651499999999999968e-01
0.000000000000000000e+00
7.267700000000000271e-01
0.000000000000000000e+00
5.753500000000000281e-01
0.000000000000000000e+00
0.000000000000000000e+00
0.000000000000000000e+00
0.000000000000000000e+00
4.286599999999999855e-01
0.000000000000000000e+00
0.000000000000000000e+00
5.779999999999999583e-01
0.000000000000000000e+00
0.000000000000000000e+00
5.169500000000000206e-01
0.000000000000000000e+00
0.000000000000000000e+00
5.662399999999999656e-01
0.000000000000000000e+00
0.000000000000000000e+00
5.448699999999999655e-01
0.000000000000000000e+00
0.000000000000000000e+00
4.822299999999999920e-01
0.000000000000000000e+00
0.000000000000000000e+00
0.000000000000000000e+00
0.000000000000000000e+00
0.000000000000000000e+00
0.000000000000000000e+00
5.717999999999999750e-01
0.000000000000000000e+00
0.000000000000000000e+00
0.000000000000000000e+00
0.000000000000000000e+00
5.047700000000000520e-01
0.000000000000000000e+00
0.000000000000000000e+00
0.000000000000000000e+00
4.390299999999999758e-01
0.000000000000000000e+00
0.000000000000000000e+00
5.864000000000000323e-01
0.000000000000000000e+00
5.249000000000000332e-01
0.000000000000000000e+00
0.000000000000000000e+00
3.967600000000000016e-01
0.000000000000000000e+00
0.000000000000000000e+00
5.210099999999999731e-01
0.000000000000000000e+00
0.000000000000000000e+00
0.000000000000000000e+00
0.000000000000000000e+00
0.000000000000000000e+00
4.022200000000000220e-01
0.000000000000000000e+00
5.921699999999999742e-01
0.000000000000000000e+00
4.718100000000000072e-01
0.000000000000000000e+00
6.218299999999999939e-01
0.000000000000000000e+00
0.000000000000000000e+00
7.228499999999999925e-01
0.000000000000000000e+00
0.000000000000000000e+00
5.740100000000000202e-01
0.000000000000000000e+00
0.000000000000000000e+00
4.336699999999999999e-01
0.000000000000000000e+00
0.000000000000000000e+00
0.000000000000000000e+00
0.000000000000000000e+00
4.775900000000000145e-01
0.000000000000000000e+00
0.000000000000000000e+00
0.000000000000000000e+00
1.049279999999999990e+00
0.000000000000000000e+00
6.148900000000000476e-01
0.000000000000000000e+00
0.000000000000000000e+00
0.000000000000000000e+00
4.627999999999999892e-01
0.000000000000000000e+00
6.524600000000000399e-01
0.000000000000000000e+00
0.000000000000000000e+00
0.000000000000000000e+00
5.024499999999999522e-01
0.000000000000000000e+00
4.769599999999999951e-01
0.000000000000000000e+00
0.000000000000000000e+00
0.000000000000000000e+00
0.000000000000000000e+00
0.000000000000000000e+00
5.482000000000000206e-01
0.000000000000000000e+00
6.016599999999999726e-01
0.000000000000000000e+00
0.000000000000000000e+00
0.000000000000000000e+00
5.566799999999999526e-01
0.000000000000000000e+00
6.444600000000000328e-01
0.000000000000000000e+00
0.000000000000000000e+00
0.000000000000000000e+00
0.000000000000000000e+00
0.000000000000000000e+00
0.000000000000000000e+00
6.907400000000000206e-01
0.000000000000000000e+00
0.000000000000000000e+00
0.000000000000000000e+00
5.393799999999999706e-01
0.000000000000000000e+00
0.000000000000000000e+00
0.000000000000000000e+00
4.528900000000000148e-01
0.000000000000000000e+00
0.000000000000000000e+00
4.500399999999999956e-01
0.000000000000000000e+00
0.000000000000000000e+00
5.355699999999999905e-01
0.000000000000000000e+00
6.236300000000000177e-01
0.000000000000000000e+00
0.000000000000000000e+00
5.064699999999999758e-01
0.000000000000000000e+00
0.000000000000000000e+00
0.000000000000000000e+00
0.000000000000000000e+00
4.031799999999999828e-01
0.000000000000000000e+00
5.052900000000000169e-01
0.000000000000000000e+00
0.000000000000000000e+00
0.000000000000000000e+00
0.000000000000000000e+00
4.299899999999999833e-01
0.000000000000000000e+00
0.000000000000000000e+00
0.000000000000000000e+00
4.745900000000000118e-01
0.000000000000000000e+00
5.218699999999999450e-01
0.000000000000000000e+00
0.000000000000000000e+00
0.000000000000000000e+00
0.000000000000000000e+00
4.977900000000000102e-01
0.000000000000000000e+00
0.000000000000000000e+00
0.000000000000000000e+00
0.000000000000000000e+00
0.000000000000000000e+00
3.806300000000000239e-01
0.000000000000000000e+00
0.000000000000000000e+00
0.000000000000000000e+00
0.000000000000000000e+00
4.430999999999999939e-01
0.000000000000000000e+00
0.000000000000000000e+00
4.899999999999999911e-01
0.000000000000000000e+00
9.431699999999999529e-01
0.000000000000000000e+00
0.000000000000000000e+00
4.598099999999999965e-01
0.000000000000000000e+00
0.000000000000000000e+00
4.556499999999999995e-01
0.000000000000000000e+00
0.000000000000000000e+00
0.000000000000000000e+00
0.000000000000000000e+00
4.074300000000000144e-01
0.000000000000000000e+00
6.255100000000000104e-01
0.000000000000000000e+00
0.000000000000000000e+00
5.233900000000000219e-01
0.000000000000000000e+00
0.000000000000000000e+00
5.357800000000000340e-01
0.000000000000000000e+00
0.000000000000000000e+00
0.000000000000000000e+00
4.796300000000000008e-01
0.000000000000000000e+00
6.031499999999999639e-01
0.000000000000000000e+00
0.000000000000000000e+00
5.920299999999999452e-01
0.000000000000000000e+00
7.845199999999999951e-01
0.000000000000000000e+00
6.515699999999999825e-01
0.000000000000000000e+00
7.067200000000000149e-01
0.000000000000000000e+00
0.000000000000000000e+00
0.000000000000000000e+00
0.000000000000000000e+00
9.344900000000000428e-01
0.000000000000000000e+00
0.000000000000000000e+00
7.598300000000000054e-01
0.000000000000000000e+00
0.000000000000000000e+00
0.000000000000000000e+00
0.000000000000000000e+00
0.000000000000000000e+00
0.000000000000000000e+00
0.000000000000000000e+00
0.000000000000000000e+00
0.000000000000000000e+00
0.000000000000000000e+00
0.000000000000000000e+00
0.000000000000000000e+00
0.000000000000000000e+00
