0.000000000000000000e+00
0.000000000000000000e+00
0.000000000000000000e+00
0.000000000000000000e+00
0.000000000000000000e+00
0.000000000000000000e+00
0.000000000000000000e+00
0.000000000000000000e+00
0.000000000000000000e+00
0.000000000000000000e+00
9.511100000000000110e-01
0.000000000000000000e+00
5.407600000000000184e-01
0.000000000000000000e+00
0.000000000000000000e+00
8.364899999999999558e-01
0.000000000000000000e+00
0.000000000000000000e+00
5.663700000000000401e-01
0.000000000000000000e+00
5.515099999999999447e-01
0.000000000000000000e+00
0.000000000000000000e+00
0.000000000000000000e+00
5.860199999999999854e-01
0.000000000000000000e+00
0.000000000000000000e+00
0.000000000000000000e+00
5.313200000000000145e-01
0.000000000000000000e+00
0.000000000000000000e+00
4.990100000000000091e-01
0.000000000000000000e+00
0.000000000000000000e+00
0.000000000000000000e+00
7.174199999999999466e-01
0.000000000000000000e+00
6.130400000000000293e-01
0.000000000000000000e+00
0.000000000000000000e+00
5.482599999999999696e-01
0.000000000000000000e+00
5.113100000000000422e-01
0.000000000000000000e+00
4.934299999999999797e-01
0.000000000000000000e+00
0.000000000000000000e+00
0.000000000000000000e+00
0.000000000000000000e+00
5.467600000000000238e-01
0.000000000000000000e+00
0.000000000000000000e+00
0.000000000000000000e+00
7.558399999999999563e-01
0.000000000000000000e+00
5.139299999999999979e-01
0.000000000000000000e+00
0.000000000000000000e+00
5.271599999999999620e-01
0.000000000000000000e+00
0.000000000000000000e+00
0.000000000000000000e+00
5.917000000000000037e-01
0.000000000000000000e+00
0.000000000000000000e+00
0.000000000000000000e+00
5.614200000000000301e-01
0.000000000000000000e+00
0.000000000000000000e+00
0.000000000000000000e+00
0.000000000000000000e+00
0.000000000000000000e+00
0.000000000000000000e+00
5.038200000000000456e-01
0.000000000000000000e+00
0.000000000000000000e+00
0.000000000000000000e+00
4.987800000000000011e-01
0.000000000000000000e+00
0.000000000000000000e+00
0.000000000000000000e+00
5.788600000000000412e-01
0.000000000000000000e+00
0.000000000000000000e+00
4.227799999999999891e-01
0.000000000000000000e+00
7.007999999999999785e-01
0.000000000000000000e+00
0.000000000000000000e+00
0.000000000000000000e+00
5.363799999999999679e-01
0.000000000000000000e+00
0.000000000000000000e+00
0.000000000000000000e+00
0.000000000000000000e+00
5.598699999999999788e-01
0.000000000000000000e+00
0.000000000000000000e+00
0.000000000000000000e+00
0.000000000000000000e+00
0.000000000000000000e+00
5.229200000000000514e-01
0.000000000000000000e+00
0.000000000000000000e+00
0.000000000000000000e+00
0.000000000000000000e+00
5.982800000000000340e-01
0.000000000000000000e+00
0.000000000000000000e+00
0.000000000000000000e+00
0.000000000000000000e+00
3.745200000000000196e-01
0.000000000000000000e+00
8.216499999999999915e-01
0.000000000000000000e+00
1.061600000000000099e+00
0.000000000000000000e+00
0.000000000000000000e+00
0.000000000000000000e+00
3.785100000000000131e-01
0.000000000000000000e+00
0.000000000000000000e+00
4.494699999999999807e-01
0.000000000000000000e+00
0.000000000000000000e+00
0.000000000000000000e+00
6.351799999999999669e-01
0.000000000000000000e+00
0.000000000000000000e+00
6.130100000000000549e-01
0.000000000000000000e+00
0.000000000000000000e+00
0.000000000000000000e+00
4.495500000000000052e-01
0.000000000000000000e+00
0.000000000000000000e+00
7.211699999999999777e-01
0.000000000000000000e+00
0.000000000000000000e+00
0.000000000000000000e+00
5.905099999999999794e-01
0.000000000000000000e+00
0.000000000000000000e+00
0.000000000000000000e+00
0.000000000000000000e+00
5.172999999999999821e-01
0.000000000000000000e+00
0.000000000000000000e+00
0.000000000000000000e+00
8.311899999999999844e-01
0.000000000000000000e+00
0.000000000000000000e+00
0.000000000000000000e+00
5.399199999999999555e-01
0.000000000000000000e+00
0.000000000000000000e+00
0.000000000000000000e+00
0.000000000000000000e+00
5.093800000000000550e-01
0.000000000000000000e+00
0.000000000000000000e+00
6.256300000000000194e-01
0.000000000000000000e+00
0.000000000000000000e+00
0.000000000000000000e+00
0.000000000000000000e+00
6.210999999999999854e-01
0.000000000000000000e+00
0.000000000000000000e+00
0.000000000000000000e+00
5.931400000000000006e-01
0.000000000000000000e+00
7.175300000000000011e-01
0.000000000000000000e+00
0.000000000000000000e+00
0.000000000000000000e+00
5.728400000000000158e-01
0.000000000000000000e+00
0.000000000000000000e+00
4.746799999999999908e-01
0.000000000000000000e+00
0.000000000000000000e+00
5.982300000000000395e-01
0.000000000000000000e+00
0.000000000000000000e+00
5.402000000000000135e-01
0.000000000000000000e+00
0.000000000000000000e+00
0.000000000000000000e+00
6.246699999999999475e-01
0.000000000000000000e+00
0.000000000000000000e+00
0.000000000000000000e+00
1.203910000000000036e+00
0.000000000000000000e+00
0.000000000000000000e+00
0.000000000000000000e+00
0.000000000000000000e+00
5.412200000000000344e-01
0.000000000000000000e+00
5.271599999999999620e-01
0.000000000000000000e+00
0.000000000000000000e+00
4.504500000000000171e-01
0.000000000000000000e+00
4.599800000000000000e-01
0.000000000000000000e+00
0.000000000000000000e+00
0.000000000000000000e+00
0.000000000000000000e+00
0.000000000000000000e+00
0.000000000000000000e+00
8.676000000000000378e-01
0.000000000000000000e+00
0.000000000000000000e+00
0.000000000000000000e+00
0.000000000000000000e+00
1.935789999999999900e+00
0.000000000000000000e+00
0.000000000000000000e+00
0.000000000000000000e+00
0.000000000000000000e+00
7.297099999999999698e-01
0.000000000000000000e+00
0.000000000000000000e+00
0.000000000000000000e+00
6.733500000000000041e-01
0.000000000000000000e+00
0.000000000000000000e+00
6.507500000000000506e-01
0.000000000000000000e+00
8.857399999999999718e-01
0.000000000000000000e+00
0.000000000000000000e+00
0.000000000000000000e+00
0.000000000000000000e+00
0.000000000000000000e+00
0.000000000000000000e+00
0.000000000000000000e+00
5.152099999999999458e-01
0.000000000000000000e+00
0.000000000000000000e+00
5.646900000000000253e-01
0.000000000000000000e+00
0.000000000000000000e+00
5.424299999999999677e-01
0.000000000000000000e+00
0.000000000000000000e+00
5.663500000000000201e-01
0.000000000000000000e+00
6.642700000000000271e-01
0.000000000000000000e+00
0.000000000000000000e+00
0.000000000000000000e+00
4.373600000000000265e-01
0.000000000000000000e+00
0.000000000000000000e+00
0.000000000000000000e+00
0.000000000000000000e+00
6.111100000000000421e-01
0.000000000000000000e+00
0.000000000000000000e+00
0.000000000000000000e+00
7.298499999999999988e-01
0.000000000000000000e+00
0.000000000000000000e+00
6.388700000000000490e-01
0.000000000000000000e+00
0.000000000000000000e+00
6.494499999999999718e-01
0.000000000000000000e+00
0.000000000000000000e+00
4.857400000000000051e-01
0.000000000000000000e+00
0.000000000000000000e+00
0.000000000000000000e+00
0.000000000000000000e+00
5.075800000000000312e-01
0.000000000000000000e+00
0.000000000000000000e+00
5.189300000000000024e-01
0.000000000000000000e+00
0.000000000000000000e+00
0.000000000000000000e+00
6.211600000000000454e-01
0.000000000000000000e+00
0.000000000000000000e+00
6.023600000000000065e-01
0.000000000000000000e+00
0.000000000000000000e+00
0.000000000000000000e+00
0.000000000000000000e+00
6.082400000000000029e-01
0.000000000000000000e+00
0.000000000000000000e+00
0.000000000000000000e+00
0.000000000000000000e+00
0.000000000000000000e+00
5.713300000000000045e-01
0.000000000000000000e+00
5.504900000000000349e-01
0.000000000000000000e+00
0.000000000000000000e+00
0.000000000000000000e+00
0.000000000000000000e+00
0.000000000000000000e+00
0.000000000000000000e+00
0.000000000000000000e+00
0.000000000000000000e+00
0.000000000000000000e+00
0.000000000000000000e+00
0.000000000000000000e+00
0.000000000000000000e+00
0.000000000000000000e+00
0.000000000000000000e+00
0.000000000000000000e+00
0.000000000000000000e+00
0.000000000000000000e+00
0.000000000000000000e+00
0.000000000000000000e+00
0.000000000000000000e+00
0.000000000000000000e+00
0.000000000000000000e+00
0.000000000000000000e+00
0.000000000000000000e+00
0.000000000000000000e+00
0.000000000000000000e+00
1.102149999999999963e+00
0.000000000000000000e+00
0.000000000000000000e+00
6.291600000000000525e-01
0.000000000000000000e+00
6.517199999999999660e-01
0.000000000000000000e+00
0.000000000000000000e+00
0.000000000000000000e+00
0.000000000000000000e+00
5.411700000000000399e-01
0.000000000000000000e+00
6.247099999999999875e-01
0.000000000000000000e+00
0.000000000000000000e+00
6.740500000000000380e-01
0.000000000000000000e+00
0.000000000000000000e+00
0.000000000000000000e+00
5.529699999999999616e-01
0.000000000000000000e+00
0.000000000000000000e+00
9.072500000000000009e-01
0.000000000000000000e+00
0.000000000000000000e+00
0.000000000000000000e+00
1.391059999999999963e+00
0.000000000000000000e+00
6.763900000000000468e-01
0.000000000000000000e+00
0.000000000000000000e+00
0.000000000000000000e+00
7.525899999999999812e-01
0.000000000000000000e+00
6.246000000000000441e-01
0.000000000000000000e+00
1.169589999999999907e+00
0.000000000000000000e+00
0.000000000000000000e+00
0.000000000000000000e+00
0.000000000000000000e+00
6.214199999999999724e-01
0.000000000000000000e+00
0.000000000000000000e+00
0.000000000000000000e+00
0.000000000000000000e+00
1.436940000000000106e+00
0.000000000000000000e+00
5.573500000000000121e-01
0.000000000000000000e+00
4.740800000000000014e-01
0.000000000000000000e+00
4.874800000000000244e-01
0.000000000000000000e+00
0.000000000000000000e+00
0.000000000000000000e+00
5.180299999999999905e-01
0.000000000000000000e+00
9.151799999999999935e-01
0.000000000000000000e+00
0.000000000000000000e+00
0.000000000000000000e+00
6.177399999999999558e-01
0.000000000000000000e+00
0.000000000000000000e+00
7.291199999999999903e-01
0.000000000000000000e+00
1.223190000000000000e+00
0.000000000000000000e+00
0.000000000000000000e+00
8.637599999999999723e-01
0.000000000000000000e+00
0.000000000000000000e+00
7.561400000000000343e-01
0.000000000000000000e+00
0.000000000000000000e+00
6.323900000000000077e-01
0.000000000000000000e+00
0.000000000000000000e+00
0.000000000000000000e+00
0.000000000000000000e+00
0.000000000000000000e+00
0.000000000000000000e+00
1.192509999999999959e+00
0.000000000000000000e+00
0.000000000000000000e+00
1.014320000000000110e+00
0.000000000000000000e+00
6.291499999999999870e-01
0.000000000000000000e+00
7.087799999999999656e-01
0.000000000000000000e+00
5.461799999999999988e-01
0.000000000000000000e+00
0.000000000000000000e+00
0.000000000000000000e+00
0.000000000000000000e+00
6.577300000000000368e-01
0.000000000000000000e+00
0.000000000000000000e+00
1.011079999999999979e+00
0.000000000000000000e+00
0.000000000000000000e+00
6.134100000000000108e-01
0.000000000000000000e+00
0.000000000000000000e+00
0.000000000000000000e+00
0.000000000000000000e+00
0.000000000000000000e+00
8.345299999999999940e-01
0.000000000000000000e+00
6.095399999999999707e-01
0.000000000000000000e+00
5.919100000000000472e-01
0.000000000000000000e+00
9.585399999999999476e-01
0.000000000000000000e+00
5.348199999999999621e-01
0.000000000000000000e+00
0.000000000000000000e+00
1.420029999999999903e+00
0.000000000000000000e+00
0.000000000000000000e+00
0.000000000000000000e+00
1.007009999999999961e+00
0.000000000000000000e+00
0.000000000000000000e+00
0.000000000000000000e+00
0.000000000000000000e+00
8.283599999999999852e-01
0.000000000000000000e+00
0.000000000000000000e+00
5.861899999999999888e-01
0.000000000000000000e+00
0.000000000000000000e+00
0.000000000000000000e+00
6.419200000000000461e-01
0.000000000000000000e+00
0.000000000000000000e+00
0.000000000000000000e+00
0.000000000000000000e+00
0.000000000000000000e+00
4.889899999999999802e-01
0.000000000000000000e+00
6.488500000000000378e-01
0.000000000000000000e+00
0.000000000000000000e+00
0.000000000000000000e+00
5.998999999999999888e-01
0.000000000000000000e+00
0.000000000000000000e+00
6.188200000000000367e-01
0.000000000000000000e+00
1.154400000000000093e+00
0.000000000000000000e+00
0.000000000000000000e+00
7.762000000000000011e-01
0.000000000000000000e+00
0.000000000000000000e+00
5.750300000000000411e-01
0.000000000000000000e+00
8.401300000000000434e-01
0.000000000000000000e+00
0.000000000000000000e+00
0.000000000000000000e+00
5.820699999999999763e-01
0.000000000000000000e+00
0.000000000000000000e+00
0.000000000000000000e+00
8.757200000000000539e-01
0.000000000000000000e+00
0.000000000000000000e+00
0.000000000000000000e+00
5.793599999999999861e-01
0.000000000000000000e+00
0.000000000000000000e+00
0.000000000000000000e+00
0.000000000000000000e+00
0.000000000000000000e+00
4.305200000000000138e-01
0.000000000000000000e+00
5.603500000000000147e-01
0.000000000000000000e+00
1.167999999999999927e+00
0.000000000000000000e+00
6.135800000000000143e-01
0.000000000000000000e+00
0.000000000000000000e+00
0.000000000000000000e+00
0.000000000000000000e+00
0.000000000000000000e+00
0.000000000000000000e+00
7.814600000000000435e-01
0.000000000000000000e+00
0.000000000000000000e+00
0.000000000000000000e+00
5.461700000000000443e-01
0.000000000000000000e+00
0.000000000000000000e+00
6.537899999999999823e-01
0.000000000000000000e+00
8.223099999999999854e-01
0.000000000000000000e+00
0.000000000000000000e+00
0.000000000000000000e+00
0.000000000000000000e+00
6.177700000000000413e-01
0.000000000000000000e+00
0.000000000000000000e+00
0.000000000000000000e+00
6.258500000000000174e-01
0.000000000000000000e+00
8.434199999999999475e-01
0.000000000000000000e+00
0.000000000000000000e+00
8.947300000000000253e-01
0.000000000000000000e+00
0.000000000000000000e+00
5.296100000000000252e-01
0.000000000000000000e+00
9.517999999999999794e-01
0.000000000000000000e+00
0.000000000000000000e+00
0.000000000000000000e+00
0.000000000000000000e+00
5.581500000000000350e-01
0.000000000000000000e+00
0.000000000000000000e+00
0.000000000000000000e+00
0.000000000000000000e+00
5.238199999999999523e-01
0.000000000000000000e+00
1.067320000000000046e+00
0.000000000000000000e+00
0.000000000000000000e+00
0.000000000000000000e+00
0.000000000000000000e+00
7.766699999999999715e-01
0.000000000000000000e+00
0.000000000000000000e+00
4.973400000000000043e-01
0.000000000000000000e+00
0.000000000000000000e+00
0.000000000000000000e+00
6.916499999999999870e-01
0.000000000000000000e+00
0.000000000000000000e+00
5.234900000000000109e-01
0.000000000000000000e+00
0.000000000000000000e+00
5.086500000000000465e-01
0.000000000000000000e+00
0.000000000000000000e+00
5.529600000000000071e-01
0.000000000000000000e+00
0.000000000000000000e+00
0.000000000000000000e+00
5.061099999999999488e-01
0.000000000000000000e+00
0.000000000000000000e+00
0.000000000000000000e+00
0.000000000000000000e+00
8.104599999999999582e-01
0.000000000000000000e+00
0.000000000000000000e+00
0.000000000000000000e+00
0.000000000000000000e+00
0.000000000000000000e+00
0.000000000000000000e+00
0.000000000000000000e+00
0.000000000000000000e+00
0.000000000000000000e+00
0.000000000000000000e+00
0.000000000000000000e+00
0.000000000000000000e+00
0.000000000000000000e+00
0.000000000000000000e+00
0.000000000000000000e+00
0.000000000000000000e+00
0.000000000000000000e+00
0.000000000000000000e+00
0.000000000000000000e+00
0.000000000000000000e+00
0.000000000000000000e+00
0.000000000000000000e+00
0.000000000000000000e+00
0.000000000000000000e+00
8.907599999999999962e-01
0.000000000000000000e+00
0.000000000000000000e+00
0.000000000000000000e+00
8.126400000000000290e-01
0.000000000000000000e+00
0.000000000000000000e+00
0.000000000000000000e+00
1.080580000000000096e+00
0.000000000000000000e+00
0.000000000000000000e+00
0.000000000000000000e+00
0.000000000000000000e+00
5.924399999999999666e-01
0.000000000000000000e+00
0.000000000000000000e+00
0.000000000000000000e+00
0.000000000000000000e+00
1.261660000000000004e+00
0.000000000000000000e+00
0.000000000000000000e+00
1.087579999999999991e+00
0.000000000000000000e+00
0.000000000000000000e+00
7.729300000000000059e-01
0.000000000000000000e+00
0.000000000000000000e+00
0.000000000000000000e+00
0.000000000000000000e+00
0.000000000000000000e+00
0.000000000000000000e+00
7.197999999999999954e-01
0.000000000000000000e+00
6.232400000000000162e-01
0.000000000000000000e+00
0.000000000000000000e+00
5.264999999999999680e-01
0.000000000000000000e+00
0.000000000000000000e+00
5.976399999999999491e-01
0.000000000000000000e+00
0.000000000000000000e+00
7.503300000000000525e-01
0.000000000000000000e+00
0.000000000000000000e+00
0.000000000000000000e+00
6.443799999999999528e-01
0.000000000000000000e+00
0.000000000000000000e+00
0.000000000000000000e+00
0.000000000000000000e+00
6.822500000000000231e-01
0.000000000000000000e+00
0.000000000000000000e+00
4.454500000000000126e-01
0.000000000000000000e+00
5.976599999999999691e-01
0.000000000000000000e+00
0.000000000000000000e+00
0.000000000000000000e+00
6.022199999999999775e-01
0.000000000000000000e+00
0.000000000000000000e+00
8.110800000000000232e-01
0.000000000000000000e+00
7.885199999999999987e-01
0.000000000000000000e+00
1.033139999999999947e+00
0.000000000000000000e+00
0.000000000000000000e+00
1.031339999999999923e+00
0.000000000000000000e+00
0.000000000000000000e+00
0.000000000000000000e+00
0.000000000000000000e+00
4.988199999999999856e-01
0.000000000000000000e+00
0.000000000000000000e+00
6.895700000000000163e-01
0.000000000000000000e+00
0.000000000000000000e+00
0.000000000000000000e+00
0.000000000000000000e+00
6.688399999999999901e-01
0.000000000000000000e+00
0.000000000000000000e+00
0.000000000000000000e+00
7.165399999999999547e-01
0.000000000000000000e+00
0.000000000000000000e+00
0.000000000000000000e+00
5.585499999999999909e-01
0.000000000000000000e+00
6.677100000000000257e-01
0.000000000000000000e+00
0.000000000000000000e+00
0.000000000000000000e+00
0.000000000000000000e+00
5.831399999999999917e-01
0.000000000000000000e+00
1.047569999999999890e+00
0.000000000000000000e+00
0.000000000000000000e+00
0.000000000000000000e+00
0.000000000000000000e+00
0.000000000000000000e+00
5.667200000000000015e-01
0.000000000000000000e+00
0.000000000000000000e+00
0.000000000000000000e+00
1.005929999999999991e+00
0.000000000000000000e+00
1.155829999999999913e+00
0.000000000000000000e+00
0.000000000000000000e+00
6.135599999999999943e-01
0.000000000000000000e+00
8.063399999999999457e-01
0.000000000000000000e+00
6.046700000000000408e-01
0.000000000000000000e+00
0.000000000000000000e+00
6.600399999999999601e-01
0.000000000000000000e+00
0.000000000000000000e+00
0.000000000000000000e+00
0.000000000000000000e+00
5.925300000000000011e-01
0.000000000000000000e+00
6.060299999999999576e-01
0.000000000000000000e+00
0.000000000000000000e+00
0.000000000000000000e+00
6.236500000000000377e-01
0.000000000000000000e+00
0.000000000000000000e+00
0.000000000000000000e+00
0.000000000000000000e+00
6.143800000000000372e-01
0.000000000000000000e+00
0.000000000000000000e+00
6.312600000000000433e-01
0.000000000000000000e+00
0.000000000000000000e+00
5.783599999999999852e-01
0.000000000000000000e+00
0.000000000000000000e+00
0.000000000000000000e+00
0.000000000000000000e+00
5.939200000000000035e-01
0.000000000000000000e+00
0.000000000000000000e+00
0.000000000000000000e+00
5.768799999999999484e-01
0.000000000000000000e+00
0.000000000000000000e+00
0.000000000000000000e+00
0.000000000000000000e+00
6.396600000000000064e-01
0.000000000000000000e+00
0.000000000000000000e+00
0.000000000000000000e+00
0.000000000000000000e+00
8.242099999999999982e-01
0.000000000000000000e+00
1.110829999999999984e+00
0.000000000000000000e+00
0.000000000000000000e+00
0.000000000000000000e+00
5.048599999999999755e-01
0.000000000000000000e+00
0.000000000000000000e+00
0.000000000000000000e+00
5.167500000000000426e-01
0.000000000000000000e+00
0.000000000000000000e+00
0.000000000000000000e+00
0.000000000000000000e+00
5.415600000000000414e-01
0.000000000000000000e+00
5.582200000000000495e-01
0.000000000000000000e+00
0.000000000000000000e+00
5.134999999999999565e-01
0.000000000000000000e+00
0.000000000000000000e+00
0.000000000000000000e+00
5.097199999999999509e-01
0.000000000000000000e+00
0.000000000000000000e+00
0.000000000000000000e+00
0.000000000000000000e+00
0.000000000000000000e+00
4.988000000000000211e-01
0.000000000000000000e+00
0.000000000000000000e+00
0.000000000000000000e+00
0.000000000000000000e+00
6.405399999999999983e-01
0.000000000000000000e+00
0.000000000000000000e+00
5.445200000000000040e-01
0.000000000000000000e+00
0.000000000000000000e+00
0.000000000000000000e+00
5.785700000000000287e-01
0.000000000000000000e+00
5.941899999999999959e-01
0.000000000000000000e+00
6.587800000000000322e-01
0.000000000000000000e+00
0.000000000000000000e+00
0.000000000000000000e+00
1.125099999999999989e+00
0.000000000000000000e+00
0.000000000000000000e+00
7.855299999999999505e-01
0.000000000000000000e+00
0.000000000000000000e+00
0.000000000000000000e+00
5.636700000000000044e-01
0.000000000000000000e+00
0.000000000000000000e+00
0.000000000000000000e+00
1.279500000000000082e+00
0.000000000000000000e+00
5.947299999999999809e-01
0.000000000000000000e+00
6.436899999999999844e-01
0.000000000000000000e+00
7.520499999999999963e-01
0.000000000000000000e+00
0.000000000000000000e+00
5.881399999999999961e-01
0.000000000000000000e+00
0.000000000000000000e+00
5.485900000000000221e-01
0.000000000000000000e+00
0.000000000000000000e+00
0.000000000000000000e+00
0.000000000000000000e+00
5.983000000000000540e-01
0.000000000000000000e+00
0.000000000000000000e+00
0.000000000000000000e+00
6.463100000000000511e-01
0.000000000000000000e+00
0.000000000000000000e+00
9.436799999999999633e-01
0.000000000000000000e+00
1.071169999999999956e+00
0.000000000000000000e+00
0.000000000000000000e+00
0.000000000000000000e+00
0.000000000000000000e+00
8.076100000000000501e-01
0.000000000000000000e+00
0.000000000000000000e+00
6.000400000000000178e-01
0.000000000000000000e+00
0.000000000000000000e+00
0.000000000000000000e+00
7.870700000000000474e-01
0.000000000000000000e+00
0.000000000000000000e+00
7.113000000000000433e-01
0.000000000000000000e+00
0.000000000000000000e+00
8.521300000000000541e-01
0.000000000000000000e+00
0.000000000000000000e+00
0.000000000000000000e+00
6.137000000000000233e-01
0.000000000000000000e+00
0.000000000000000000e+00
5.246100000000000207e-01
0.000000000000000000e+00
0.000000000000000000e+00
0.000000000000000000e+00
5.001999999999999780e-01
0.000000000000000000e+00
0.000000000000000000e+00
0.000000000000000000e+00
0.000000000000000000e+00
0.000000000000000000e+00
0.000000000000000000e+00
0.000000000000000000e+00
0.000000000000000000e+00
0.000000000000000000e+00
0.000000000000000000e+00
0.000000000000000000e+00
0.000000000000000000e+00
0.000000000000000000e+00
0.000000000000000000e+00
0.000000000000000000e+00
0.000000000000000000e+00
0.000000000000000000e+00
0.000000000000000000e+00
0.000000000000000000e+00
0.000000000000000000e+00
0.000000000000000000e+00
1.173110000000000097e+00
0.000000000000000000e+00
0.000000000000000000e+00
0.000000000000000000e+00
6.532599999999999518e-01
0.000000000000000000e+00
7.237400000000000500e-01
0.000000000000000000e+00
0.000000000000000000e+00
8.196200000000000152e-01
0.000000000000000000e+00
0.000000000000000000e+00
0.000000000000000000e+00
1.018240000000000034e+00
0.000000000000000000e+00
0.000000000000000000e+00
5.592399999999999594e-01
0.000000000000000000e+00
0.000000000000000000e+00
6.294300000000000450e-01
0.000000000000000000e+00
0.000000000000000000e+00
5.236100000000000199e-01
0.000000000000000000e+00
0.000000000000000000e+00
0.000000000000000000e+00
4.848199999999999732e-01
0.000000000000000000e+00
0.000000000000000000e+00
5.750699999999999701e-01
0.000000000000000000e+00
9.755800000000000027e-01
0.000000000000000000e+00
0.000000000000000000e+00
0.000000000000000000e+00
7.303800000000000292e-01
0.000000000000000000e+00
0.000000000000000000e+00
1.065509999999999957e+00
0.000000000000000000e+00
0.000000000000000000e+00
0.000000000000000000e+00
5.355199999999999960e-01
0.000000000000000000e+00
5.442500000000000115e-01
0.000000000000000000e+00
0.000000000000000000e+00
0.000000000000000000e+00
6.842399999999999594e-01
0.000000000000000000e+00
0.000000000000000000e+00
0.000000000000000000e+00
0.000000000000000000e+00
8.195999999999999952e-01
0.000000000000000000e+00
0.000000000000000000e+00
6.130600000000000493e-01
0.000000000000000000e+00
0.000000000000000000e+00
0.000000000000000000e+00
5.229200000000000514e-01
0.000000000000000000e+00
0.000000000000000000e+00
0.000000000000000000e+00
9.285299999999999665e-01
0.000000000000000000e+00
6.816499999999999782e-01
0.000000000000000000e+00
1.427550000000000097e+00
0.000000000000000000e+00
6.603200000000000180e-01
0.000000000000000000e+00
0.000000000000000000e+00
0.000000000000000000e+00
7.713799999999999546e-01
0.000000000000000000e+00
0.000000000000000000e+00
0.000000000000000000e+00
1.004310000000000036e+00
0.000000000000000000e+00
0.000000000000000000e+00
0.000000000000000000e+00
1.311399999999999899e+00
0.000000000000000000e+00
6.484600000000000364e-01
0.000000000000000000e+00
0.000000000000000000e+00
0.000000000000000000e+00
7.800899999999999501e-01
0.000000000000000000e+00
0.000000000000000000e+00
0.000000000000000000e+00
0.000000000000000000e+00
0.000000000000000000e+00
0.000000000000000000e+00
6.190400000000000347e-01
0.000000000000000000e+00
5.409899999999999709e-01
0.000000000000000000e+00
5.501300000000000079e-01
0.000000000000000000e+00
5.785299999999999887e-01
0.000000000000000000e+00
0.000000000000000000e+00
0.000000000000000000e+00
0.000000000000000000e+00
6.029400000000000315e-01
0.000000000000000000e+00
0.000000000000000000e+00
5.240099999999999758e-01
0.000000000000000000e+00
5.977500000000000036e-01
0.000000000000000000e+00
1.014310000000000045e+00
0.000000000000000000e+00
0.000000000000000000e+00
0.000000000000000000e+00
7.284300000000000219e-01
0.000000000000000000e+00
0.000000000000000000e+00
1.047830000000000039e+00
0.000000000000000000e+00
0.000000000000000000e+00
7.311800000000000521e-01
0.000000000000000000e+00
0.000000000000000000e+00
5.727999999999999758e-01
0.000000000000000000e+00
6.580200000000000493e-01
0.000000000000000000e+00
0.000000000000000000e+00
5.259000000000000341e-01
0.000000000000000000e+00
0.000000000000000000e+00
0.000000000000000000e+00
9.710299999999999487e-01
0.000000000000000000e+00
6.814200000000000257e-01
0.000000000000000000e+00
0.000000000000000000e+00
5.765500000000000069e-01
0.000000000000000000e+00
0.000000000000000000e+00
1.114409999999999901e+00
0.000000000000000000e+00
0.000000000000000000e+00
5.008899999999999464e-01
0.000000000000000000e+00
5.993300000000000294e-01
0.000000000000000000e+00
0.000000000000000000e+00
0.000000000000000000e+00
0.000000000000000000e+00
5.302400000000000446e-01
0.000000000000000000e+00
0.000000000000000000e+00
0.000000000000000000e+00
0.000000000000000000e+00
0.000000000000000000e+00
1.083309999999999995e+00
0.000000000000000000e+00
0.000000000000000000e+00
0.000000000000000000e+00
5.942399999999999904e-01
0.000000000000000000e+00
0.000000000000000000e+00
0.000000000000000000e+00
0.000000000000000000e+00
0.000000000000000000e+00
7.675199999999999800e-01
0.000000000000000000e+00
0.000000000000000000e+00
8.149699999999999722e-01
0.000000000000000000e+00
7.888100000000000112e-01
0.000000000000000000e+00
0.000000000000000000e+00
0.000000000000000000e+00
0.000000000000000000e+00
5.601099999999999968e-01
0.000000000000000000e+00
0.000000000000000000e+00
5.862399999999999833e-01
0.000000000000000000e+00
6.617199999999999749e-01
0.000000000000000000e+00
5.925799999999999956e-01
0.000000000000000000e+00
0.000000000000000000e+00
5.609399999999999942e-01
0.000000000000000000e+00
0.000000000000000000e+00
1.009260000000000046e+00
0.000000000000000000e+00
0.000000000000000000e+00
0.000000000000000000e+00
6.052899999999999947e-01
0.000000000000000000e+00
1.269910000000000094e+00
0.000000000000000000e+00
0.000000000000000000e+00
6.092300000000000493e-01
0.000000000000000000e+00
0.000000000000000000e+00
0.000000000000000000e+00
5.807799999999999629e-01
0.000000000000000000e+00
0.000000000000000000e+00
0.000000000000000000e+00
0.000000000000000000e+00
6.685699999999999976e-01
0.000000000000000000e+00
8.622400000000000064e-01
0.000000000000000000e+00
0.000000000000000000e+00
0.000000000000000000e+00
5.392200000000000326e-01
0.000000000000000000e+00
0.000000000000000000e+00
5.961899999999999977e-01
0.000000000000000000e+00
0.000000000000000000e+00
0.000000000000000000e+00
6.546600000000000197e-01
0.000000000000000000e+00
0.000000000000000000e+00
0.000000000000000000e+00
5.811500000000000554e-01
0.000000000000000000e+00
1.597779999999999978e+00
0.000000000000000000e+00
0.000000000000000000e+00
7.368500000000000050e-01
0.000000000000000000e+00
0.000000000000000000e+00
0.000000000000000000e+00
5.298699999999999521e-01
0.000000000000000000e+00
0.000000000000000000e+00
0.000000000000000000e+00
0.000000000000000000e+00
5.891999999999999460e-01
0.000000000000000000e+00
5.991499999999999604e-01
0.000000000000000000e+00
5.593700000000000339e-01
0.000000000000000000e+00
7.821700000000000319e-01
0.000000000000000000e+00
0.000000000000000000e+00
5.835399999999999476e-01
0.000000000000000000e+00
0.000000000000000000e+00
0.000000000000000000e+00
5.632000000000000339e-01
0.000000000000000000e+00
0.000000000000000000e+00
9.536599999999999522e-01
0.000000000000000000e+00
0.000000000000000000e+00
0.000000000000000000e+00
0.000000000000000000e+00
0.000000000000000000e+00
0.000000000000000000e+00
0.000000000000000000e+00
0.000000000000000000e+00
0.000000000000000000e+00
0.000000000000000000e+00
0.000000000000000000e+00
0.000000000000000000e+00
0.000000000000000000e+00
0.000000000000000000e+00
0.000000000000000000e+00
0.000000000000000000e+00
0.000000000000000000e+00
0.000000000000000000e+00
0.000000000000000000e+00
0.000000000000000000e+00
0.000000000000000000e+00
8.352000000000000535e-01
0.000000000000000000e+00
0.000000000000000000e+00
0.000000000000000000e+00
0.000000000000000000e+00
5.326400000000000023e-01
0.000000000000000000e+00
7.065500000000000114e-01
0.000000000000000000e+00
0.000000000000000000e+00
0.000000000000000000e+00
0.000000000000000000e+00
5.603099999999999747e-01
0.000000000000000000e+00
5.786799999999999722e-01
0.000000000000000000e+00
0.000000000000000000e+00
0.000000000000000000e+00
5.238899999999999668e-01
0.000000000000000000e+00
0.000000000000000000e+00
0.000000000000000000e+00
5.527100000000000346e-01
0.000000000000000000e+00
0.000000000000000000e+00
0.000000000000000000e+00
0.000000000000000000e+00
0.000000000000000000e+00
5.028200000000000447e-01
0.000000000000000000e+00
0.000000000000000000e+00
6.104899999999999771e-01
0.000000000000000000e+00
0.000000000000000000e+00
0.000000000000000000e+00
0.000000000000000000e+00
5.804700000000000415e-01
0.000000000000000000e+00
0.000000000000000000e+00
0.000000000000000000e+00
5.560300000000000242e-01
0.000000000000000000e+00
0.000000000000000000e+00
4.313100000000000267e-01
0.000000000000000000e+00
7.349400000000000377e-01
0.000000000000000000e+00
0.000000000000000000e+00
0.000000000000000000e+00
0.000000000000000000e+00
1.391839999999999966e+00
0.000000000000000000e+00
0.000000000000000000e+00
0.000000000000000000e+00
0.000000000000000000e+00
0.000000000000000000e+00
0.000000000000000000e+00
1.408570000000000100e+00
0.000000000000000000e+00
0.000000000000000000e+00
0.000000000000000000e+00
5.857200000000000184e-01
0.000000000000000000e+00
0.000000000000000000e+00
7.374600000000000044e-01
0.000000000000000000e+00
0.000000000000000000e+00
4.932099999999999818e-01
0.000000000000000000e+00
0.000000000000000000e+00
0.000000000000000000e+00
0.000000000000000000e+00
0.000000000000000000e+00
4.839399999999999813e-01
0.000000000000000000e+00
0.000000000000000000e+00
5.577400000000000135e-01
0.000000000000000000e+00
0.000000000000000000e+00
6.391599999999999504e-01
0.000000000000000000e+00
0.000000000000000000e+00
0.000000000000000000e+00
1.028250000000000108e+00
0.000000000000000000e+00
7.196200000000000374e-01
0.000000000000000000e+00
5.508800000000000363e-01
0.000000000000000000e+00
8.154799999999999827e-01
0.000000000000000000e+00
0.000000000000000000e+00
0.000000000000000000e+00
0.000000000000000000e+00
7.076799999999999757e-01
0.000000000000000000e+00
6.817900000000000071e-01
0.000000000000000000e+00
0.000000000000000000e+00
0.000000000000000000e+00
5.847400000000000375e-01
0.000000000000000000e+00
0.000000000000000000e+00
5.681599999999999984e-01
0.000000000000000000e+00
0.000000000000000000e+00
5.690399999999999903e-01
0.000000000000000000e+00
0.000000000000000000e+00
0.000000000000000000e+00
4.804499999999999882e-01
0.000000000000000000e+00
0.000000000000000000e+00
0.000000000000000000e+00
0.000000000000000000e+00
0.000000000000000000e+00
9.592199999999999616e-01
0.000000000000000000e+00
0.000000000000000000e+00
0.000000000000000000e+00
5.966599999999999682e-01
0.000000000000000000e+00
5.427800000000000402e-01
0.000000000000000000e+00
0.000000000000000000e+00
9.159599999999999964e-01
0.000000000000000000e+00
0.000000000000000000e+00
0.000000000000000000e+00
0.000000000000000000e+00
0.000000000000000000e+00
7.382400000000000073e-01
0.000000000000000000e+00
0.000000000000000000e+00
6.991300000000000292e-01
0.000000000000000000e+00
0.000000000000000000e+00
0.000000000000000000e+00
5.561199999999999477e-01
0.000000000000000000e+00
0.000000000000000000e+00
0.000000000000000000e+00
0.000000000000000000e+00
5.540500000000000425e-01
0.000000000000000000e+00
5.241500000000000048e-01
0.000000000000000000e+00
0.000000000000000000e+00
5.899100000000000454e-01
0.000000000000000000e+00
0.000000000000000000e+00
0.000000000000000000e+00
0.000000000000000000e+00
9.795700000000000518e-01
0.000000000000000000e+00
0.000000000000000000e+00
0.000000000000000000e+00
0.000000000000000000e+00
0.000000000000000000e+00
0.000000000000000000e+00
0.000000000000000000e+00
4.796599999999999753e-01
0.000000000000000000e+00
9.723399999999999821e-01
0.000000000000000000e+00
8.150899999999999812e-01
0.000000000000000000e+00
5.654099999999999682e-01
0.000000000000000000e+00
1.085620000000000029e+00
0.000000000000000000e+00
0.000000000000000000e+00
6.452900000000000302e-01
0.000000000000000000e+00
0.000000000000000000e+00
0.000000000000000000e+00
0.000000000000000000e+00
0.000000000000000000e+00
5.651800000000000157e-01
0.000000000000000000e+00
9.161200000000000454e-01
0.000000000000000000e+00
4.991300000000000181e-01
0.000000000000000000e+00
0.000000000000000000e+00
0.000000000000000000e+00
5.636200000000000099e-01
0.000000000000000000e+00
6.032800000000000384e-01
0.000000000000000000e+00
0.000000000000000000e+00
0.000000000000000000e+00
5.912899999999999823e-01
0.000000000000000000e+00
6.623999999999999888e-01
0.000000000000000000e+00
0.000000000000000000e+00
0.000000000000000000e+00
0.000000000000000000e+00
5.227500000000000480e-01
0.000000000000000000e+00
0.000000000000000000e+00
0.000000000000000000e+00
0.000000000000000000e+00
0.000000000000000000e+00
0.000000000000000000e+00
9.411699999999999511e-01
0.000000000000000000e+00
0.000000000000000000e+00
0.000000000000000000e+00
1.374509999999999899e+00
0.000000000000000000e+00
0.000000000000000000e+00
7.814699999999999980e-01
0.000000000000000000e+00
0.000000000000000000e+00
0.000000000000000000e+00
6.077299999999999924e-01
0.000000000000000000e+00
0.000000000000000000e+00
5.039000000000000146e-01
0.000000000000000000e+00
0.000000000000000000e+00
0.000000000000000000e+00
0.000000000000000000e+00
0.000000000000000000e+00
7.394300000000000317e-01
0.000000000000000000e+00
9.145199999999999996e-01
0.000000000000000000e+00
0.000000000000000000e+00
6.709100000000000064e-01
0.000000000000000000e+00
0.000000000000000000e+00
0.000000000000000000e+00
0.000000000000000000e+00
6.607800000000000340e-01
0.000000000000000000e+00
0.000000000000000000e+00
0.000000000000000000e+00
0.000000000000000000e+00
5.949999999999999734e-01
0.000000000000000000e+00
0.000000000000000000e+00
5.783700000000000507e-01
0.000000000000000000e+00
1.167319999999999913e+00
0.000000000000000000e+00
5.856400000000000494e-01
0.000000000000000000e+00
6.861000000000000432e-01
0.000000000000000000e+00
6.575800000000000534e-01
0.000000000000000000e+00
0.000000000000000000e+00
5.588800000000000434e-01
0.000000000000000000e+00
0.000000000000000000e+00
6.166000000000000369e-01
0.000000000000000000e+00
0.000000000000000000e+00
5.952300000000000368e-01
0.000000000000000000e+00
0.000000000000000000e+00
4.961999999999999744e-01
0.000000000000000000e+00
0.000000000000000000e+00
0.000000000000000000e+00
6.254899999999999904e-01
0.000000000000000000e+00
1.133119999999999905e+00
0.000000000000000000e+00
0.000000000000000000e+00
5.518100000000000227e-01
0.000000000000000000e+00
0.000000000000000000e+00
5.334699999999999998e-01
0.000000000000000000e+00
0.000000000000000000e+00
0.000000000000000000e+00
0.000000000000000000e+00
5.118500000000000272e-01
0.000000000000000000e+00
0.000000000000000000e+00
0.000000000000000000e+00
0.000000000000000000e+00
0.000000000000000000e+00
0.000000000000000000e+00
0.000000000000000000e+00
0.000000000000000000e+00
0.000000000000000000e+00
0.000000000000000000e+00
0.000000000000000000e+00
0.000000000000000000e+00
0.000000000000000000e+00
0.000000000000000000e+00
0.000000000000000000e+00
0.000000000000000000e+00
0.000000000000000000e+00
0.000000000000000000e+00
0.000000000000000000e+00
0.000000000000000000e+00
0.000000000000000000e+00
0.000000000000000000e+00
0.000000000000000000e+00
8.645399999999999752e-01
0.000000000000000000e+00
0.000000000000000000e+00
7.700099999999999723e-01
0.000000000000000000e+00
0.000000000000000000e+00
7.116500000000000048e-01
0.000000000000000000e+00
0.000000000000000000e+00
0.000000000000000000e+00
9.376600000000000490e-01
0.000000000000000000e+00
0.000000000000000000e+00
0.000000000000000000e+00
0.000000000000000000e+00
8.282199999999999562e-01
0.000000000000000000e+00
0.000000000000000000e+00
8.079399999999999915e-01
0.000000000000000000e+00
0.000000000000000000e+00
0.000000000000000000e+00
5.815299999999999914e-01
0.000000000000000000e+00
0.000000000000000000e+00
0.000000000000000000e+00
7.980899999999999661e-01
0.000000000000000000e+00
0.000000000000000000e+00
8.011500000000000288e-01
0.000000000000000000e+00
6.870600000000000041e-01
0.000000000000000000e+00
1.146980000000000111e+00
0.000000000000000000e+00
0.000000000000000000e+00
0.000000000000000000e+00
6.732000000000000206e-01
0.000000000000000000e+00
6.251700000000000035e-01
0.000000000000000000e+00
0.000000000000000000e+00
0.000000000000000000e+00
0.000000000000000000e+00
5.014300000000000423e-01
0.000000000000000000e+00
0.000000000000000000e+00
0.000000000000000000e+00
0.000000000000000000e+00
5.183999999999999719e-01
0.000000000000000000e+00
0.000000000000000000e+00
5.511899999999999578e-01
0.000000000000000000e+00
8.452499999999999458e-01
0.000000000000000000e+00
6.668699999999999628e-01
0.000000000000000000e+00
0.000000000000000000e+00
0.000000000000000000e+00
0.000000000000000000e+00
5.790300000000000447e-01
0.000000000000000000e+00
0.000000000000000000e+00
1.839579999999999993e+00
0.000000000000000000e+00
0.000000000000000000e+00
6.877400000000000180e-01
0.000000000000000000e+00
0.000000000000000000e+00
4.825900000000000190e-01
0.000000000000000000e+00
0.000000000000000000e+00
5.197699999999999543e-01
0.000000000000000000e+00
0.000000000000000000e+00
5.700699999999999656e-01
0.000000000000000000e+00
0.000000000000000000e+00
0.000000000000000000e+00
0.000000000000000000e+00
0.000000000000000000e+00
0.000000000000000000e+00
1.386230000000000073e+00
0.000000000000000000e+00
0.000000000000000000e+00
0.000000000000000000e+00
0.000000000000000000e+00
8.464800000000000102e-01
0.000000000000000000e+00
0.000000000000000000e+00
0.000000000000000000e+00
1.501009999999999955e+00
0.000000000000000000e+00
0.000000000000000000e+00
9.609499999999999709e-01
0.000000000000000000e+00
5.213499999999999801e-01
0.000000000000000000e+00
0.000000000000000000e+00
5.242099999999999538e-01
0.000000000000000000e+00
0.000000000000000000e+00
9.435799999999999743e-01
0.000000000000000000e+00
0.000000000000000000e+00
0.000000000000000000e+00
0.000000000000000000e+00
0.000000000000000000e+00
5.506499999999999728e-01
0.000000000000000000e+00
5.572000000000000286e-01
0.000000000000000000e+00
5.172299999999999676e-01
0.000000000000000000e+00
7.486699999999999466e-01
0.000000000000000000e+00
0.000000000000000000e+00
5.721199999999999619e-01
0.000000000000000000e+00
0.000000000000000000e+00
9.188399999999999901e-01
0.000000000000000000e+00
0.000000000000000000e+00
5.618900000000000006e-01
0.000000000000000000e+00
0.000000000000000000e+00
0.000000000000000000e+00
0.000000000000000000e+00
5.195199999999999818e-01
0.000000000000000000e+00
0.000000000000000000e+00
0.000000000000000000e+00
6.215500000000000469e-01
0.000000000000000000e+00
1.105650000000000022e+00
0.000000000000000000e+00
0.000000000000000000e+00
0.000000000000000000e+00
6.044399999999999773e-01
0.000000000000000000e+00
6.468500000000000361e-01
0.000000000000000000e+00
0.000000000000000000e+00
0.000000000000000000e+00
6.583900000000000308e-01
0.000000000000000000e+00
1.004599999999999937e+00
0.000000000000000000e+00
0.000000000000000000e+00
0.000000000000000000e+00
0.000000000000000000e+00
0.000000000000000000e+00
6.351799999999999669e-01
0.000000000000000000e+00
6.102199999999999847e-01
0.000000000000000000e+00
0.000000000000000000e+00
0.000000000000000000e+00
6.739000000000000545e-01
0.000000000000000000e+00
5.835399999999999476e-01
0.000000000000000000e+00
0.000000000000000000e+00
0.000000000000000000e+00
0.000000000000000000e+00
0.000000000000000000e+00
0.000000000000000000e+00
5.425999999999999712e-01
0.000000000000000000e+00
0.000000000000000000e+00
0.000000000000000000e+00
9.100899999999999546e-01
0.000000000000000000e+00
0.000000000000000000e+00
0.000000000000000000e+00
5.553399999999999448e-01
0.000000000000000000e+00
0.000000000000000000e+00
7.492100000000000426e-01
0.000000000000000000e+00
0.000000000000000000e+00
8.088999999999999524e-01
0.000000000000000000e+00
6.841099999999999959e-01
0.000000000000000000e+00
0.000000000000000000e+00
5.688199999999999923e-01
0.000000000000000000e+00
0.000000000000000000e+00
0.000000000000000000e+00
0.000000000000000000e+00
6.951899999999999746e-01
0.000000000000000000e+00
6.156099999999999905e-01
0.000000000000000000e+00
0.000000000000000000e+00
0.000000000000000000e+00
0.000000000000000000e+00
6.636300000000000532e-01
0.000000000000000000e+00
0.000000000000000000e+00
0.000000000000000000e+00
9.091399999999999482e-01
0.000000000000000000e+00
6.166700000000000514e-01
0.000000000000000000e+00
0.000000000000000000e+00
0.000000000000000000e+00
0.000000000000000000e+00
5.597400000000000153e-01
0.000000000000000000e+00
0.000000000000000000e+00
0.000000000000000000e+00
0.000000000000000000e+00
0.000000000000000000e+00
6.116500000000000270e-01
0.000000000000000000e+00
0.000000000000000000e+00
0.000000000000000000e+00
0.000000000000000000e+00
9.061700000000000310e-01
0.000000000000000000e+00
0.000000000000000000e+00
5.697799999999999532e-01
0.000000000000000000e+00
6.062699999999999756e-01
0.000000000000000000e+00
0.000000000000000000e+00
8.583100000000000174e-01
0.000000000000000000e+00
0.000000000000000000e+00
5.395199999999999996e-01
0.000000000000000000e+00
0.000000000000000000e+00
0.000000000000000000e+00
0.000000000000000000e+00
1.154870000000000063e+00
0.000000000000000000e+00
5.289199999999999458e-01
0.000000000000000000e+00
0.000000000000000000e+00
1.626279999999999948e+00
0.000000000000000000e+00
0.000000000000000000e+00
6.014800000000000146e-01
0.000000000000000000e+00
0.000000000000000000e+00
0.000000000000000000e+00
5.907200000000000228e-01
0.000000000000000000e+00
6.017700000000000271e-01
0.000000000000000000e+00
0.000000000000000000e+00
5.033900000000000041e-01
0.000000000000000000e+00
5.775700000000000278e-01
0.000000000000000000e+00
6.521200000000000330e-01
0.000000000000000000e+00
6.119900000000000340e-01
0.000000000000000000e+00
0.000000000000000000e+00
0.000000000000000000e+00
0.000000000000000000e+00
1.620479999999999920e+00
0.000000000000000000e+00
0.000000000000000000e+00
7.388000000000000123e-01
0.000000000000000000e+00
0.000000000000000000e+00
0.000000000000000000e+00
0.000000000000000000e+00
0.000000000000000000e+00
0.000000000000000000e+00
0.000000000000000000e+00
0.000000000000000000e+00
0.000000000000000000e+00
0.000000000000000000e+00
0.000000000000000000e+00
0.000000000000000000e+00
0.000000000000000000e+00
