0.000000000000000000e+00
0.000000000000000000e+00
0.000000000000000000e+00
0.000000000000000000e+00
0.000000000000000000e+00
0.000000000000000000e+00
0.000000000000000000e+00
0.000000000000000000e+00
0.000000000000000000e+00
0.000000000000000000e+00
1.037230000000000096e+00
0.000000000000000000e+00
6.654799999999999605e-01
0.000000000000000000e+00
0.000000000000000000e+00
1.177759999999999918e+00
0.000000000000000000e+00
0.000000000000000000e+00
6.170900000000000274e-01
0.000000000000000000e+00
6.397199999999999553e-01
0.000000000000000000e+00
0.000000000000000000e+00
0.000000000000000000e+00
5.188300000000000134e-01
0.000000000000000000e+00
0.000000000000000000e+00
0.000000000000000000e+00
7.066200000000000259e-01
0.000000000000000000e+00
0.000000000000000000e+00
5.301599999999999646e-01
0.000000000000000000e+00
0.000000000000000000e+00
0.000000000000000000e+00
4.968899999999999983e-01
0.000000000000000000e+00
5.014800000000000368e-01
0.000000000000000000e+00
0.000000000000000000e+00
5.026199999999999557e-01
0.000000000000000000e+00
4.845700000000000007e-01
0.000000000000000000e+00
7.304199999999999582e-01
0.000000000000000000e+00
0.000000000000000000e+00
0.000000000000000000e+00
0.000000000000000000e+00
4.941800000000000082e-01
0.000000000000000000e+00
0.000000000000000000e+00
0.000000000000000000e+00
4.912599999999999745e-01
0.000000000000000000e+00
7.285099999999999909e-01
0.000000000000000000e+00
0.000000000000000000e+00
5.126399999999999846e-01
0.000000000000000000e+00
0.000000000000000000e+00
0.000000000000000000e+00
4.771599999999999731e-01
0.000000000000000000e+00
0.000000000000000000e+00
0.000000000000000000e+00
4.809200000000000141e-01
0.000000000000000000e+00
0.000000000000000000e+00
0.000000000000000000e+00
0.000000000000000000e+00
0.000000000000000000e+00
0.000000000000000000e+00
5.481399999999999606e-01
0.000000000000000000e+00
0.000000000000000000e+00
0.000000000000000000e+00
5.216800000000000326e-01
0.000000000000000000e+00
0.000000000000000000e+00
0.000000000000000000e+00
4.919399999999999884e-01
0.000000000000000000e+00
0.000000000000000000e+00
4.909499999999999975e-01
0.000000000000000000e+00
5.533799999999999830e-01
0.000000000000000000e+00
0.000000000000000000e+00
0.000000000000000000e+00
6.280900000000000372e-01
0.000000000000000000e+00
0.000000000000000000e+00
0.000000000000000000e+00
0.000000000000000000e+00
4.851900000000000102e-01
0.000000000000000000e+00
0.000000000000000000e+00
0.000000000000000000e+00
0.000000000000000000e+00
0.000000000000000000e+00
1.302410000000000068e+00
0.000000000000000000e+00
0.000000000000000000e+00
0.000000000000000000e+00
0.000000000000000000e+00
5.761899999999999800e-01
0.000000000000000000e+00
0.000000000000000000e+00
0.000000000000000000e+00
0.000000000000000000e+00
4.665000000000000258e-01
0.000000000000000000e+00
5.109099999999999753e-01
0.000000000000000000e+00
5.368399999999999839e-01
0.000000000000000000e+00
0.000000000000000000e+00
0.000000000000000000e+00
4.997099999999999875e-01
0.000000000000000000e+00
0.000000000000000000e+00
5.263900000000000245e-01
0.000000000000000000e+00
0.000000000000000000e+00
0.000000000000000000e+00
5.788999999999999702e-01
0.000000000000000000e+00
0.000000000000000000e+00
5.798999999999999710e-01
0.000000000000000000e+00
0.000000000000000000e+00
0.000000000000000000e+00
6.327000000000000401e-01
0.000000000000000000e+00
0.000000000000000000e+00
5.105800000000000338e-01
0.000000000000000000e+00
0.000000000000000000e+00
0.000000000000000000e+00
5.662700000000000511e-01
0.000000000000000000e+00
0.000000000000000000e+00
0.000000000000000000e+00
0.000000000000000000e+00
5.345800000000000551e-01
0.000000000000000000e+00
0.000000000000000000e+00
0.000000000000000000e+00
9.538299999999999557e-01
0.000000000000000000e+00
0.000000000000000000e+00
0.000000000000000000e+00
5.246300000000000407e-01
0.000000000000000000e+00
0.000000000000000000e+00
0.000000000000000000e+00
0.000000000000000000e+00
4.316900000000000182e-01
0.000000000000000000e+00
0.000000000000000000e+00
5.132600000000000495e-01
0.000000000000000000e+00
0.000000000000000000e+00
0.000000000000000000e+00
0.000000000000000000e+00
4.927699999999999858e-01
0.000000000000000000e+00
0.000000000000000000e+00
0.000000000000000000e+00
5.806400000000000450e-01
0.000000000000000000e+00
5.373999999999999888e-01
0.000000000000000000e+00
0.000000000000000000e+00
0.000000000000000000e+00
4.951699999999999990e-01
0.000000000000000000e+00
0.000000000000000000e+00
5.001299999999999635e-01
0.000000000000000000e+00
0.000000000000000000e+00
5.590000000000000524e-01
0.000000000000000000e+00
0.000000000000000000e+00
6.411499999999999977e-01
0.000000000000000000e+00
0.000000000000000000e+00
0.000000000000000000e+00
5.493500000000000050e-01
0.000000000000000000e+00
0.000000000000000000e+00
0.000000000000000000e+00
5.179599999999999760e-01
0.000000000000000000e+00
0.000000000000000000e+00
0.000000000000000000e+00
0.000000000000000000e+00
5.353299999999999725e-01
0.000000000000000000e+00
5.547400000000000109e-01
0.000000000000000000e+00
0.000000000000000000e+00
1.257470000000000088e+00
0.000000000000000000e+00
5.405699999999999950e-01
0.000000000000000000e+00
0.000000000000000000e+00
0.000000000000000000e+00
0.000000000000000000e+00
0.000000000000000000e+00
0.000000000000000000e+00
5.170400000000000551e-01
0.000000000000000000e+00
0.000000000000000000e+00
0.000000000000000000e+00
0.000000000000000000e+00
5.044100000000000250e-01
0.000000000000000000e+00
0.000000000000000000e+00
0.000000000000000000e+00
0.000000000000000000e+00
5.127399999999999736e-01
0.000000000000000000e+00
0.000000000000000000e+00
0.000000000000000000e+00
6.732500000000000151e-01
0.000000000000000000e+00
0.000000000000000000e+00
5.390700000000000491e-01
0.000000000000000000e+00
5.184999999999999609e-01
0.000000000000000000e+00
0.000000000000000000e+00
0.000000000000000000e+00
0.000000000000000000e+00
0.000000000000000000e+00
0.000000000000000000e+00
0.000000000000000000e+00
4.957199999999999940e-01
0.000000000000000000e+00
0.000000000000000000e+00
6.044399999999999773e-01
0.000000000000000000e+00
0.000000000000000000e+00
4.956400000000000250e-01
0.000000000000000000e+00
0.000000000000000000e+00
6.034300000000000219e-01
0.000000000000000000e+00
7.365300000000000180e-01
0.000000000000000000e+00
0.000000000000000000e+00
0.000000000000000000e+00
5.570699999999999541e-01
0.000000000000000000e+00
0.000000000000000000e+00
0.000000000000000000e+00
0.000000000000000000e+00
5.127300000000000191e-01
0.000000000000000000e+00
0.000000000000000000e+00
0.000000000000000000e+00
5.358500000000000485e-01
0.000000000000000000e+00
0.000000000000000000e+00
8.820400000000000462e-01
0.000000000000000000e+00
0.000000000000000000e+00
5.632800000000000029e-01
0.000000000000000000e+00
0.000000000000000000e+00
6.727100000000000302e-01
0.000000000000000000e+00
0.000000000000000000e+00
0.000000000000000000e+00
0.000000000000000000e+00
7.181400000000000006e-01
0.000000000000000000e+00
0.000000000000000000e+00
7.434899999999999842e-01
0.000000000000000000e+00
0.000000000000000000e+00
0.000000000000000000e+00
5.914899999999999602e-01
0.000000000000000000e+00
0.000000000000000000e+00
4.967900000000000094e-01
0.000000000000000000e+00
0.000000000000000000e+00
0.000000000000000000e+00
0.000000000000000000e+00
6.399200000000000443e-01
0.000000000000000000e+00
0.000000000000000000e+00
0.000000000000000000e+00
0.000000000000000000e+00
0.000000000000000000e+00
5.664000000000000146e-01
0.000000000000000000e+00
6.046000000000000263e-01
0.000000000000000000e+00
0.000000000000000000e+00
0.000000000000000000e+00
0.000000000000000000e+00
0.000000000000000000e+00
0.000000000000000000e+00
0.000000000000000000e+00
0.000000000000000000e+00
0.000000000000000000e+00
0.000000000000000000e+00
0.000000000000000000e+00
0.000000000000000000e+00
0.000000000000000000e+00
0.000000000000000000e+00
0.000000000000000000e+00
0.000000000000000000e+00
0.000000000000000000e+00
0.000000000000000000e+00
0.000000000000000000e+00
0.000000000000000000e+00
0.000000000000000000e+00
0.000000000000000000e+00
0.000000000000000000e+00
0.000000000000000000e+00
0.000000000000000000e+00
0.000000000000000000e+00
5.569300000000000361e-01
0.000000000000000000e+00
0.000000000000000000e+00
5.139500000000000179e-01
0.000000000000000000e+00
5.194400000000000128e-01
0.000000000000000000e+00
0.000000000000000000e+00
0.000000000000000000e+00
0.000000000000000000e+00
5.135899999999999910e-01
0.000000000000000000e+00
6.504499999999999726e-01
0.000000000000000000e+00
0.000000000000000000e+00
8.918700000000000516e-01
0.000000000000000000e+00
0.000000000000000000e+00
0.000000000000000000e+00
6.088599999999999568e-01
0.000000000000000000e+00
0.000000000000000000e+00
6.627899999999999903e-01
0.000000000000000000e+00
0.000000000000000000e+00
0.000000000000000000e+00
7.635100000000000220e-01
0.000000000000000000e+00
5.535900000000000265e-01
0.000000000000000000e+00
0.000000000000000000e+00
0.000000000000000000e+00
6.493600000000000483e-01
0.000000000000000000e+00
5.224299999999999500e-01
0.000000000000000000e+00
5.359000000000000430e-01
0.000000000000000000e+00
0.000000000000000000e+00
0.000000000000000000e+00
0.000000000000000000e+00
5.440300000000000136e-01
0.000000000000000000e+00
0.000000000000000000e+00
0.000000000000000000e+00
0.000000000000000000e+00
6.010199999999999987e-01
0.000000000000000000e+00
6.074300000000000255e-01
0.000000000000000000e+00
9.358999999999999542e-01
0.000000000000000000e+00
5.521599999999999842e-01
0.000000000000000000e+00
0.000000000000000000e+00
0.000000000000000000e+00
9.746399999999999508e-01
0.000000000000000000e+00
5.001700000000000035e-01
0.000000000000000000e+00
0.000000000000000000e+00
0.000000000000000000e+00
4.795300000000000118e-01
0.000000000000000000e+00
0.000000000000000000e+00
1.041530000000000067e+00
0.000000000000000000e+00
6.548599999999999977e-01
0.000000000000000000e+00
0.000000000000000000e+00
6.514699999999999935e-01
0.000000000000000000e+00
0.000000000000000000e+00
5.507699999999999818e-01
0.000000000000000000e+00
0.000000000000000000e+00
6.626999999999999558e-01
0.000000000000000000e+00
0.000000000000000000e+00
0.000000000000000000e+00
0.000000000000000000e+00
0.000000000000000000e+00
0.000000000000000000e+00
7.037400000000000322e-01
0.000000000000000000e+00
0.000000000000000000e+00
5.548899999999999944e-01
0.000000000000000000e+00
8.731100000000000527e-01
0.000000000000000000e+00
4.655699999999999839e-01
0.000000000000000000e+00
6.008200000000000207e-01
0.000000000000000000e+00
0.000000000000000000e+00
0.000000000000000000e+00
0.000000000000000000e+00
5.210599999999999676e-01
0.000000000000000000e+00
0.000000000000000000e+00
5.954300000000000148e-01
0.000000000000000000e+00
0.000000000000000000e+00
5.390099999999999891e-01
0.000000000000000000e+00
0.000000000000000000e+00
0.000000000000000000e+00
0.000000000000000000e+00
0.000000000000000000e+00
8.962299999999999711e-01
0.000000000000000000e+00
4.757600000000000162e-01
0.000000000000000000e+00
5.041900000000000270e-01
0.000000000000000000e+00
5.666200000000000125e-01
0.000000000000000000e+00
9.160099999999999909e-01
0.000000000000000000e+00
0.000000000000000000e+00
5.436699999999999866e-01
0.000000000000000000e+00
0.000000000000000000e+00
0.000000000000000000e+00
6.174600000000000088e-01
0.000000000000000000e+00
0.000000000000000000e+00
0.000000000000000000e+00
0.000000000000000000e+00
5.424700000000000077e-01
0.000000000000000000e+00
0.000000000000000000e+00
1.605439999999999978e+00
0.000000000000000000e+00
0.000000000000000000e+00
0.000000000000000000e+00
6.069099999999999495e-01
0.000000000000000000e+00
0.000000000000000000e+00
0.000000000000000000e+00
0.000000000000000000e+00
0.000000000000000000e+00
4.935599999999999987e-01
0.000000000000000000e+00
6.089700000000000113e-01
0.000000000000000000e+00
0.000000000000000000e+00
0.000000000000000000e+00
5.666299999999999670e-01
0.000000000000000000e+00
0.000000000000000000e+00
7.845400000000000151e-01
0.000000000000000000e+00
6.647899999999999920e-01
0.000000000000000000e+00
0.000000000000000000e+00
5.428500000000000547e-01
0.000000000000000000e+00
0.000000000000000000e+00
7.860300000000000065e-01
0.000000000000000000e+00
6.078900000000000414e-01
0.000000000000000000e+00
0.000000000000000000e+00
0.000000000000000000e+00
4.707000000000000073e-01
0.000000000000000000e+00
0.000000000000000000e+00
0.000000000000000000e+00
5.442000000000000171e-01
0.000000000000000000e+00
0.000000000000000000e+00
0.000000000000000000e+00
5.125199999999999756e-01
0.000000000000000000e+00
0.000000000000000000e+00
0.000000000000000000e+00
0.000000000000000000e+00
0.000000000000000000e+00
7.256299999999999972e-01
0.000000000000000000e+00
6.683900000000000396e-01
0.000000000000000000e+00
5.267199999999999660e-01
0.000000000000000000e+00
5.712399999999999700e-01
0.000000000000000000e+00
0.000000000000000000e+00
0.000000000000000000e+00
0.000000000000000000e+00
0.000000000000000000e+00
0.000000000000000000e+00
5.119500000000000162e-01
0.000000000000000000e+00
0.000000000000000000e+00
0.000000000000000000e+00
6.286699999999999511e-01
0.000000000000000000e+00
0.000000000000000000e+00
5.412799999999999834e-01
0.000000000000000000e+00
5.393499999999999961e-01
0.000000000000000000e+00
0.000000000000000000e+00
0.000000000000000000e+00
0.000000000000000000e+00
6.372999999999999776e-01
0.000000000000000000e+00
0.000000000000000000e+00
0.000000000000000000e+00
5.542700000000000404e-01
0.000000000000000000e+00
9.826500000000000234e-01
0.000000000000000000e+00
0.000000000000000000e+00
6.008999999999999897e-01
0.000000000000000000e+00
0.000000000000000000e+00
7.108499999999999819e-01
0.000000000000000000e+00
5.941499999999999559e-01
0.000000000000000000e+00
0.000000000000000000e+00
0.000000000000000000e+00
0.000000000000000000e+00
5.004999999999999449e-01
0.000000000000000000e+00
0.000000000000000000e+00
0.000000000000000000e+00
0.000000000000000000e+00
5.231500000000000039e-01
0.000000000000000000e+00
5.375199999999999978e-01
0.000000000000000000e+00
0.000000000000000000e+00
0.000000000000000000e+00
0.000000000000000000e+00
5.777099999999999458e-01
0.000000000000000000e+00
0.000000000000000000e+00
5.026599999999999957e-01
0.000000000000000000e+00
0.000000000000000000e+00
0.000000000000000000e+00
4.566299999999999804e-01
0.000000000000000000e+00
0.000000000000000000e+00
4.852199999999999847e-01
0.000000000000000000e+00
0.000000000000000000e+00
7.860300000000000065e-01
0.000000000000000000e+00
0.000000000000000000e+00
5.851800000000000335e-01
0.000000000000000000e+00
0.000000000000000000e+00
0.000000000000000000e+00
5.595599999999999463e-01
0.000000000000000000e+00
0.000000000000000000e+00
0.000000000000000000e+00
0.000000000000000000e+00
6.791700000000000514e-01
0.000000000000000000e+00
0.000000000000000000e+00
0.000000000000000000e+00
0.000000000000000000e+00
0.000000000000000000e+00
0.000000000000000000e+00
0.000000000000000000e+00
0.000000000000000000e+00
0.000000000000000000e+00
0.000000000000000000e+00
0.000000000000000000e+00
0.000000000000000000e+00
0.000000000000000000e+00
0.000000000000000000e+00
0.000000000000000000e+00
0.000000000000000000e+00
0.000000000000000000e+00
0.000000000000000000e+00
0.000000000000000000e+00
0.000000000000000000e+00
0.000000000000000000e+00
0.000000000000000000e+00
0.000000000000000000e+00
0.000000000000000000e+00
5.673300000000000010e-01
0.000000000000000000e+00
0.000000000000000000e+00
0.000000000000000000e+00
5.823199999999999488e-01
0.000000000000000000e+00
0.000000000000000000e+00
0.000000000000000000e+00
5.363400000000000389e-01
0.000000000000000000e+00
0.000000000000000000e+00
0.000000000000000000e+00
0.000000000000000000e+00
5.305900000000000061e-01
0.000000000000000000e+00
0.000000000000000000e+00
0.000000000000000000e+00
0.000000000000000000e+00
5.798600000000000421e-01
0.000000000000000000e+00
0.000000000000000000e+00
5.377100000000000213e-01
0.000000000000000000e+00
0.000000000000000000e+00
1.081469999999999931e+00
0.000000000000000000e+00
0.000000000000000000e+00
0.000000000000000000e+00
0.000000000000000000e+00
0.000000000000000000e+00
0.000000000000000000e+00
5.781300000000000328e-01
0.000000000000000000e+00
6.611900000000000555e-01
0.000000000000000000e+00
0.000000000000000000e+00
5.333400000000000363e-01
0.000000000000000000e+00
0.000000000000000000e+00
5.840999999999999526e-01
0.000000000000000000e+00
0.000000000000000000e+00
6.504100000000000437e-01
0.000000000000000000e+00
0.000000000000000000e+00
0.000000000000000000e+00
6.763200000000000323e-01
0.000000000000000000e+00
0.000000000000000000e+00
0.000000000000000000e+00
0.000000000000000000e+00
5.788799999999999502e-01
0.000000000000000000e+00
0.000000000000000000e+00
5.259099999999999886e-01
0.000000000000000000e+00
8.942999999999999838e-01
0.000000000000000000e+00
0.000000000000000000e+00
0.000000000000000000e+00
1.381699999999999928e+00
0.000000000000000000e+00
0.000000000000000000e+00
5.715500000000000025e-01
0.000000000000000000e+00
6.384900000000000020e-01
0.000000000000000000e+00
5.618600000000000261e-01
0.000000000000000000e+00
0.000000000000000000e+00
5.034800000000000386e-01
0.000000000000000000e+00
0.000000000000000000e+00
0.000000000000000000e+00
0.000000000000000000e+00
8.792999999999999705e-01
0.000000000000000000e+00
0.000000000000000000e+00
6.083600000000000119e-01
0.000000000000000000e+00
0.000000000000000000e+00
0.000000000000000000e+00
0.000000000000000000e+00
5.675000000000000044e-01
0.000000000000000000e+00
0.000000000000000000e+00
0.000000000000000000e+00
5.696200000000000152e-01
0.000000000000000000e+00
0.000000000000000000e+00
0.000000000000000000e+00
7.314300000000000246e-01
0.000000000000000000e+00
6.227899999999999547e-01
0.000000000000000000e+00
0.000000000000000000e+00
0.000000000000000000e+00
0.000000000000000000e+00
7.160699999999999843e-01
0.000000000000000000e+00
6.994799999999999907e-01
0.000000000000000000e+00
0.000000000000000000e+00
0.000000000000000000e+00
0.000000000000000000e+00
0.000000000000000000e+00
6.903399999999999537e-01
0.000000000000000000e+00
0.000000000000000000e+00
0.000000000000000000e+00
6.442200000000000149e-01
0.000000000000000000e+00
5.578699999999999770e-01
0.000000000000000000e+00
0.000000000000000000e+00
5.588300000000000489e-01
0.000000000000000000e+00
7.453699999999999770e-01
0.000000000000000000e+00
5.424600000000000533e-01
0.000000000000000000e+00
0.000000000000000000e+00
6.465899999999999981e-01
0.000000000000000000e+00
0.000000000000000000e+00
0.000000000000000000e+00
0.000000000000000000e+00
4.812799999999999856e-01
0.000000000000000000e+00
5.478300000000000392e-01
0.000000000000000000e+00
0.000000000000000000e+00
0.000000000000000000e+00
5.944000000000000394e-01
0.000000000000000000e+00
0.000000000000000000e+00
0.000000000000000000e+00
0.000000000000000000e+00
6.378599999999999826e-01
0.000000000000000000e+00
0.000000000000000000e+00
5.812899999999999734e-01
0.000000000000000000e+00
0.000000000000000000e+00
6.086899999999999533e-01
0.000000000000000000e+00
0.000000000000000000e+00
0.000000000000000000e+00
0.000000000000000000e+00
5.999100000000000543e-01
0.000000000000000000e+00
0.000000000000000000e+00
0.000000000000000000e+00
5.661399999999999766e-01
0.000000000000000000e+00
0.000000000000000000e+00
0.000000000000000000e+00
0.000000000000000000e+00
9.306600000000000428e-01
0.000000000000000000e+00
0.000000000000000000e+00
0.000000000000000000e+00
0.000000000000000000e+00
5.520599999999999952e-01
0.000000000000000000e+00
5.511200000000000543e-01
0.000000000000000000e+00
0.000000000000000000e+00
0.000000000000000000e+00
7.977400000000000047e-01
0.000000000000000000e+00
0.000000000000000000e+00
0.000000000000000000e+00
1.095469999999999944e+00
0.000000000000000000e+00
0.000000000000000000e+00
0.000000000000000000e+00
0.000000000000000000e+00
5.553399999999999448e-01
0.000000000000000000e+00
5.815599999999999659e-01
0.000000000000000000e+00
0.000000000000000000e+00
4.836699999999999888e-01
0.000000000000000000e+00
0.000000000000000000e+00
0.000000000000000000e+00
6.172900000000000054e-01
0.000000000000000000e+00
0.000000000000000000e+00
0.000000000000000000e+00
0.000000000000000000e+00
0.000000000000000000e+00
5.687200000000000033e-01
0.000000000000000000e+00
0.000000000000000000e+00
0.000000000000000000e+00
0.000000000000000000e+00
4.571000000000000063e-01
0.000000000000000000e+00
0.000000000000000000e+00
5.003199999999999870e-01
0.000000000000000000e+00
0.000000000000000000e+00
0.000000000000000000e+00
9.277499999999999636e-01
0.000000000000000000e+00
6.210099999999999509e-01
0.000000000000000000e+00
5.585099999999999509e-01
0.000000000000000000e+00
0.000000000000000000e+00
0.000000000000000000e+00
5.536499999999999755e-01
0.000000000000000000e+00
0.000000000000000000e+00
1.102519999999999945e+00
0.000000000000000000e+00
0.000000000000000000e+00
0.000000000000000000e+00
5.182999999999999829e-01
0.000000000000000000e+00
0.000000000000000000e+00
0.000000000000000000e+00
1.911810000000000009e+00
0.000000000000000000e+00
6.430599999999999650e-01
0.000000000000000000e+00
1.215559999999999974e+00
0.000000000000000000e+00
7.320100000000000495e-01
0.000000000000000000e+00
0.000000000000000000e+00
5.947299999999999809e-01
0.000000000000000000e+00
0.000000000000000000e+00
6.106300000000000061e-01
0.000000000000000000e+00
0.000000000000000000e+00
0.000000000000000000e+00
0.000000000000000000e+00
1.016920000000000046e+00
0.000000000000000000e+00
0.000000000000000000e+00
0.000000000000000000e+00
6.994299999999999962e-01
0.000000000000000000e+00
0.000000000000000000e+00
5.485299999999999621e-01
0.000000000000000000e+00
7.675800000000000400e-01
0.000000000000000000e+00
0.000000000000000000e+00
0.000000000000000000e+00
0.000000000000000000e+00
5.655400000000000427e-01
0.000000000000000000e+00
0.000000000000000000e+00
1.919569999999999999e+00
0.000000000000000000e+00
0.000000000000000000e+00
0.000000000000000000e+00
5.865200000000000413e-01
0.000000000000000000e+00
0.000000000000000000e+00
6.510000000000000231e-01
0.000000000000000000e+00
0.000000000000000000e+00
7.152399999999999869e-01
0.000000000000000000e+00
0.000000000000000000e+00
0.000000000000000000e+00
6.205199999999999605e-01
0.000000000000000000e+00
0.000000000000000000e+00
5.924399999999999666e-01
0.000000000000000000e+00
0.000000000000000000e+00
0.000000000000000000e+00
9.859499999999999931e-01
0.000000000000000000e+00
0.000000000000000000e+00
0.000000000000000000e+00
0.000000000000000000e+00
0.000000000000000000e+00
0.000000000000000000e+00
0.000000000000000000e+00
0.000000000000000000e+00
0.000000000000000000e+00
0.000000000000000000e+00
0.000000000000000000e+00
0.000000000000000000e+00
0.000000000000000000e+00
0.000000000000000000e+00
0.000000000000000000e+00
0.000000000000000000e+00
0.000000000000000000e+00
0.000000000000000000e+00
0.000000000000000000e+00
0.000000000000000000e+00
0.000000000000000000e+00
6.104500000000000481e-01
0.000000000000000000e+00
0.000000000000000000e+00
0.000000000000000000e+00
4.783299999999999774e-01
0.000000000000000000e+00
5.158199999999999452e-01
0.000000000000000000e+00
0.000000000000000000e+00
4.626700000000000257e-01
0.000000000000000000e+00
0.000000000000000000e+00
0.000000000000000000e+00
6.973599999999999799e-01
0.000000000000000000e+00
0.000000000000000000e+00
6.635400000000000187e-01
0.000000000000000000e+00
0.000000000000000000e+00
8.212300000000000155e-01
0.000000000000000000e+00
0.000000000000000000e+00
5.805299999999999905e-01
0.000000000000000000e+00
0.000000000000000000e+00
0.000000000000000000e+00
5.926200000000000356e-01
0.000000000000000000e+00
0.000000000000000000e+00
5.756999999999999895e-01
0.000000000000000000e+00
7.239499999999999824e-01
0.000000000000000000e+00
0.000000000000000000e+00
0.000000000000000000e+00
6.035199999999999454e-01
0.000000000000000000e+00
0.000000000000000000e+00
5.609199999999999742e-01
0.000000000000000000e+00
0.000000000000000000e+00
0.000000000000000000e+00
5.543099999999999694e-01
0.000000000000000000e+00
5.513200000000000323e-01
0.000000000000000000e+00
0.000000000000000000e+00
0.000000000000000000e+00
7.029800000000000493e-01
0.000000000000000000e+00
0.000000000000000000e+00
0.000000000000000000e+00
0.000000000000000000e+00
6.420099999999999696e-01
0.000000000000000000e+00
0.000000000000000000e+00
6.151900000000000146e-01
0.000000000000000000e+00
0.000000000000000000e+00
0.000000000000000000e+00
5.277699999999999614e-01
0.000000000000000000e+00
0.000000000000000000e+00
0.000000000000000000e+00
1.621739999999999959e+00
0.000000000000000000e+00
5.554799999999999738e-01
0.000000000000000000e+00
7.256399999999999517e-01
0.000000000000000000e+00
6.404999999999999583e-01
0.000000000000000000e+00
0.000000000000000000e+00
0.000000000000000000e+00
6.237500000000000266e-01
0.000000000000000000e+00
0.000000000000000000e+00
0.000000000000000000e+00
6.910500000000000531e-01
0.000000000000000000e+00
0.000000000000000000e+00
0.000000000000000000e+00
6.053399999999999892e-01
0.000000000000000000e+00
5.737299999999999622e-01
0.000000000000000000e+00
0.000000000000000000e+00
0.000000000000000000e+00
7.856199999999999850e-01
0.000000000000000000e+00
0.000000000000000000e+00
0.000000000000000000e+00
0.000000000000000000e+00
0.000000000000000000e+00
0.000000000000000000e+00
6.090700000000000003e-01
0.000000000000000000e+00
5.902199999999999669e-01
0.000000000000000000e+00
7.469099999999999628e-01
0.000000000000000000e+00
1.175759999999999916e+00
0.000000000000000000e+00
0.000000000000000000e+00
0.000000000000000000e+00
0.000000000000000000e+00
6.812000000000000277e-01
0.000000000000000000e+00
0.000000000000000000e+00
9.207999999999999519e-01
0.000000000000000000e+00
6.663900000000000379e-01
0.000000000000000000e+00
5.986200000000000410e-01
0.000000000000000000e+00
0.000000000000000000e+00
0.000000000000000000e+00
6.287700000000000511e-01
0.000000000000000000e+00
0.000000000000000000e+00
7.729200000000000514e-01
0.000000000000000000e+00
0.000000000000000000e+00
1.176360000000000072e+00
0.000000000000000000e+00
0.000000000000000000e+00
8.321100000000000163e-01
0.000000000000000000e+00
1.330920000000000103e+00
0.000000000000000000e+00
0.000000000000000000e+00
1.582969999999999988e+00
0.000000000000000000e+00
0.000000000000000000e+00
0.000000000000000000e+00
5.546900000000000164e-01
0.000000000000000000e+00
7.591299999999999715e-01
0.000000000000000000e+00
0.000000000000000000e+00
8.445500000000000229e-01
0.000000000000000000e+00
0.000000000000000000e+00
1.175990000000000091e+00
0.000000000000000000e+00
0.000000000000000000e+00
6.407300000000000217e-01
0.000000000000000000e+00
7.517500000000000293e-01
0.000000000000000000e+00
0.000000000000000000e+00
0.000000000000000000e+00
0.000000000000000000e+00
5.990600000000000369e-01
0.000000000000000000e+00
0.000000000000000000e+00
0.000000000000000000e+00
0.000000000000000000e+00
0.000000000000000000e+00
7.992200000000000415e-01
0.000000000000000000e+00
0.000000000000000000e+00
0.000000000000000000e+00
9.586099999999999621e-01
0.000000000000000000e+00
0.000000000000000000e+00
0.000000000000000000e+00
0.000000000000000000e+00
0.000000000000000000e+00
1.443769999999999998e+00
0.000000000000000000e+00
0.000000000000000000e+00
1.002429999999999932e+00
0.000000000000000000e+00
6.866100000000000536e-01
0.000000000000000000e+00
0.000000000000000000e+00
0.000000000000000000e+00
0.000000000000000000e+00
1.921030000000000015e+00
0.000000000000000000e+00
0.000000000000000000e+00
9.207199999999999829e-01
0.000000000000000000e+00
6.571099999999999719e-01
0.000000000000000000e+00
5.554599999999999538e-01
0.000000000000000000e+00
0.000000000000000000e+00
5.685299999999999798e-01
0.000000000000000000e+00
0.000000000000000000e+00
5.361700000000000355e-01
0.000000000000000000e+00
0.000000000000000000e+00
0.000000000000000000e+00
1.231370000000000076e+00
0.000000000000000000e+00
6.871599999999999930e-01
0.000000000000000000e+00
0.000000000000000000e+00
6.799199999999999688e-01
0.000000000000000000e+00
0.000000000000000000e+00
0.000000000000000000e+00
6.297899999999999610e-01
0.000000000000000000e+00
0.000000000000000000e+00
0.000000000000000000e+00
0.000000000000000000e+00
5.190399999999999459e-01
0.000000000000000000e+00
5.500199999999999534e-01
0.000000000000000000e+00
0.000000000000000000e+00
0.000000000000000000e+00
5.376900000000000013e-01
0.000000000000000000e+00
0.000000000000000000e+00
7.554199999999999804e-01
0.000000000000000000e+00
0.000000000000000000e+00
0.000000000000000000e+00
5.314499999999999780e-01
0.000000000000000000e+00
0.000000000000000000e+00
0.000000000000000000e+00
6.268399999999999528e-01
0.000000000000000000e+00
6.141900000000000137e-01
0.000000000000000000e+00
0.000000000000000000e+00
6.080600000000000449e-01
0.000000000000000000e+00
0.000000000000000000e+00
0.000000000000000000e+00
7.152399999999999869e-01
0.000000000000000000e+00
0.000000000000000000e+00
0.000000000000000000e+00
0.000000000000000000e+00
5.427199999999999802e-01
0.000000000000000000e+00
8.363300000000000178e-01
0.000000000000000000e+00
8.220399999999999929e-01
0.000000000000000000e+00
6.845799999999999663e-01
0.000000000000000000e+00
0.000000000000000000e+00
5.315499999999999670e-01
0.000000000000000000e+00
0.000000000000000000e+00
0.000000000000000000e+00
5.701800000000000201e-01
0.000000000000000000e+00
0.000000000000000000e+00
7.521700000000000053e-01
0.000000000000000000e+00
0.000000000000000000e+00
0.000000000000000000e+00
0.000000000000000000e+00
0.000000000000000000e+00
0.000000000000000000e+00
0.000000000000000000e+00
0.000000000000000000e+00
0.000000000000000000e+00
0.000000000000000000e+00
0.000000000000000000e+00
0.000000000000000000e+00
0.000000000000000000e+00
0.000000000000000000e+00
0.000000000000000000e+00
0.000000000000000000e+00
0.000000000000000000e+00
0.000000000000000000e+00
0.000000000000000000e+00
0.000000000000000000e+00
0.000000000000000000e+00
6.438800000000000079e-01
0.000000000000000000e+00
0.000000000000000000e+00
0.000000000000000000e+00
0.000000000000000000e+00
6.847299999999999498e-01
0.000000000000000000e+00
8.366700000000000248e-01
0.000000000000000000e+00
0.000000000000000000e+00
0.000000000000000000e+00
0.000000000000000000e+00
7.223699999999999566e-01
0.000000000000000000e+00
6.706800000000000539e-01
0.000000000000000000e+00
0.000000000000000000e+00
0.000000000000000000e+00
6.794799999999999729e-01
0.000000000000000000e+00
0.000000000000000000e+00
0.000000000000000000e+00
6.430399999999999450e-01
0.000000000000000000e+00
0.000000000000000000e+00
0.000000000000000000e+00
0.000000000000000000e+00
0.000000000000000000e+00
5.482900000000000551e-01
0.000000000000000000e+00
0.000000000000000000e+00
6.104699999999999571e-01
0.000000000000000000e+00
0.000000000000000000e+00
0.000000000000000000e+00
0.000000000000000000e+00
1.556999999999999940e+00
0.000000000000000000e+00
0.000000000000000000e+00
0.000000000000000000e+00
6.292999999999999705e-01
0.000000000000000000e+00
0.000000000000000000e+00
9.579800000000000537e-01
0.000000000000000000e+00
6.202600000000000335e-01
0.000000000000000000e+00
0.000000000000000000e+00
0.000000000000000000e+00
0.000000000000000000e+00
6.549000000000000377e-01
0.000000000000000000e+00
0.000000000000000000e+00
0.000000000000000000e+00
0.000000000000000000e+00
0.000000000000000000e+00
0.000000000000000000e+00
6.352200000000000069e-01
0.000000000000000000e+00
0.000000000000000000e+00
0.000000000000000000e+00
6.026099999999999790e-01
0.000000000000000000e+00
0.000000000000000000e+00
8.463800000000000212e-01
0.000000000000000000e+00
0.000000000000000000e+00
5.625099999999999545e-01
0.000000000000000000e+00
0.000000000000000000e+00
0.000000000000000000e+00
0.000000000000000000e+00
0.000000000000000000e+00
5.885000000000000231e-01
0.000000000000000000e+00
0.000000000000000000e+00
1.924360000000000070e+00
0.000000000000000000e+00
0.000000000000000000e+00
7.084000000000000297e-01
0.000000000000000000e+00
0.000000000000000000e+00
0.000000000000000000e+00
7.595699999999999674e-01
0.000000000000000000e+00
5.802199999999999580e-01
0.000000000000000000e+00
6.522700000000000164e-01
0.000000000000000000e+00
6.485999999999999543e-01
0.000000000000000000e+00
0.000000000000000000e+00
0.000000000000000000e+00
0.000000000000000000e+00
6.913399999999999546e-01
0.000000000000000000e+00
8.043799999999999839e-01
0.000000000000000000e+00
0.000000000000000000e+00
0.000000000000000000e+00
6.843700000000000339e-01
0.000000000000000000e+00
0.000000000000000000e+00
7.337599999999999678e-01
0.000000000000000000e+00
0.000000000000000000e+00
5.364100000000000534e-01
0.000000000000000000e+00
0.000000000000000000e+00
0.000000000000000000e+00
7.452199999999999935e-01
0.000000000000000000e+00
0.000000000000000000e+00
0.000000000000000000e+00
0.000000000000000000e+00
0.000000000000000000e+00
8.307600000000000540e-01
0.000000000000000000e+00
0.000000000000000000e+00
0.000000000000000000e+00
1.359499999999999931e+00
0.000000000000000000e+00
5.894599999999999840e-01
0.000000000000000000e+00
0.000000000000000000e+00
6.126599999999999824e-01
0.000000000000000000e+00
0.000000000000000000e+00
0.000000000000000000e+00
0.000000000000000000e+00
0.000000000000000000e+00
6.377099999999999991e-01
0.000000000000000000e+00
0.000000000000000000e+00
5.731800000000000228e-01
0.000000000000000000e+00
0.000000000000000000e+00
0.000000000000000000e+00
6.663499999999999979e-01
0.000000000000000000e+00
0.000000000000000000e+00
0.000000000000000000e+00
0.000000000000000000e+00
5.385400000000000187e-01
0.000000000000000000e+00
6.672299999999999898e-01
0.000000000000000000e+00
0.000000000000000000e+00
5.606400000000000272e-01
0.000000000000000000e+00
0.000000000000000000e+00
0.000000000000000000e+00
0.000000000000000000e+00
5.889199999999999990e-01
0.000000000000000000e+00
0.000000000000000000e+00
0.000000000000000000e+00
0.000000000000000000e+00
0.000000000000000000e+00
0.000000000000000000e+00
0.000000000000000000e+00
7.084700000000000442e-01
0.000000000000000000e+00
6.098400000000000487e-01
0.000000000000000000e+00
7.401600000000000401e-01
0.000000000000000000e+00
5.748199999999999976e-01
0.000000000000000000e+00
5.490000000000000435e-01
0.000000000000000000e+00
0.000000000000000000e+00
7.190400000000000125e-01
0.000000000000000000e+00
0.000000000000000000e+00
0.000000000000000000e+00
0.000000000000000000e+00
0.000000000000000000e+00
6.363499999999999712e-01
0.000000000000000000e+00
6.092600000000000238e-01
0.000000000000000000e+00
6.159099999999999575e-01
0.000000000000000000e+00
0.000000000000000000e+00
0.000000000000000000e+00
5.732599999999999918e-01
0.000000000000000000e+00
1.189149999999999929e+00
0.000000000000000000e+00
0.000000000000000000e+00
0.000000000000000000e+00
7.409299999999999775e-01
0.000000000000000000e+00
8.587200000000000388e-01
0.000000000000000000e+00
0.000000000000000000e+00
0.000000000000000000e+00
0.000000000000000000e+00
9.174400000000000333e-01
0.000000000000000000e+00
0.000000000000000000e+00
0.000000000000000000e+00
0.000000000000000000e+00
0.000000000000000000e+00
0.000000000000000000e+00
7.625199999999999756e-01
0.000000000000000000e+00
0.000000000000000000e+00
0.000000000000000000e+00
5.830800000000000427e-01
0.000000000000000000e+00
0.000000000000000000e+00
6.033199999999999674e-01
0.000000000000000000e+00
0.000000000000000000e+00
0.000000000000000000e+00
5.829900000000000082e-01
0.000000000000000000e+00
0.000000000000000000e+00
9.461199999999999610e-01
0.000000000000000000e+00
0.000000000000000000e+00
0.000000000000000000e+00
0.000000000000000000e+00
0.000000000000000000e+00
6.083100000000000174e-01
0.000000000000000000e+00
1.111029999999999962e+00
0.000000000000000000e+00
0.000000000000000000e+00
1.919790000000000108e+00
0.000000000000000000e+00
0.000000000000000000e+00
0.000000000000000000e+00
0.000000000000000000e+00
6.713099999999999623e-01
0.000000000000000000e+00
0.000000000000000000e+00
0.000000000000000000e+00
0.000000000000000000e+00
7.461299999999999599e-01
0.000000000000000000e+00
0.000000000000000000e+00
6.698300000000000365e-01
0.000000000000000000e+00
6.202299999999999480e-01
0.000000000000000000e+00
6.486300000000000399e-01
0.000000000000000000e+00
7.417799999999999949e-01
0.000000000000000000e+00
5.754700000000000371e-01
0.000000000000000000e+00
0.000000000000000000e+00
1.252699999999999925e+00
0.000000000000000000e+00
0.000000000000000000e+00
5.373599999999999488e-01
0.000000000000000000e+00
0.000000000000000000e+00
5.522700000000000387e-01
0.000000000000000000e+00
0.000000000000000000e+00
6.012499999999999512e-01
0.000000000000000000e+00
0.000000000000000000e+00
0.000000000000000000e+00
5.314100000000000490e-01
0.000000000000000000e+00
6.676299999999999457e-01
0.000000000000000000e+00
0.000000000000000000e+00
7.379099999999999548e-01
0.000000000000000000e+00
0.000000000000000000e+00
7.067900000000000293e-01
0.000000000000000000e+00
0.000000000000000000e+00
0.000000000000000000e+00
0.000000000000000000e+00
5.545600000000000529e-01
0.000000000000000000e+00
0.000000000000000000e+00
0.000000000000000000e+00
0.000000000000000000e+00
0.000000000000000000e+00
0.000000000000000000e+00
0.000000000000000000e+00
0.000000000000000000e+00
0.000000000000000000e+00
0.000000000000000000e+00
0.000000000000000000e+00
0.000000000000000000e+00
0.000000000000000000e+00
0.000000000000000000e+00
0.000000000000000000e+00
0.000000000000000000e+00
0.000000000000000000e+00
0.000000000000000000e+00
0.000000000000000000e+00
0.000000000000000000e+00
0.000000000000000000e+00
0.000000000000000000e+00
0.000000000000000000e+00
6.666499999999999648e-01
0.000000000000000000e+00
0.000000000000000000e+00
6.007700000000000262e-01
0.000000000000000000e+00
0.000000000000000000e+00
6.874700000000000255e-01
0.000000000000000000e+00
0.000000000000000000e+00
0.000000000000000000e+00
6.457899999999999752e-01
0.000000000000000000e+00
0.000000000000000000e+00
0.000000000000000000e+00
0.000000000000000000e+00
5.734000000000000208e-01
0.000000000000000000e+00
0.000000000000000000e+00
5.950600000000000334e-01
0.000000000000000000e+00
0.000000000000000000e+00
0.000000000000000000e+00
5.963800000000000212e-01
0.000000000000000000e+00
0.000000000000000000e+00
0.000000000000000000e+00
8.130399999999999849e-01
0.000000000000000000e+00
0.000000000000000000e+00
1.384449999999999958e+00
0.000000000000000000e+00
8.631600000000000383e-01
0.000000000000000000e+00
7.056299999999999795e-01
0.000000000000000000e+00
0.000000000000000000e+00
0.000000000000000000e+00
7.778800000000000159e-01
0.000000000000000000e+00
7.027999999999999803e-01
0.000000000000000000e+00
0.000000000000000000e+00
0.000000000000000000e+00
0.000000000000000000e+00
5.917299999999999782e-01
0.000000000000000000e+00
0.000000000000000000e+00
0.000000000000000000e+00
0.000000000000000000e+00
5.733500000000000263e-01
0.000000000000000000e+00
0.000000000000000000e+00
7.087499999999999911e-01
0.000000000000000000e+00
8.666700000000000514e-01
0.000000000000000000e+00
6.741700000000000470e-01
0.000000000000000000e+00
0.000000000000000000e+00
0.000000000000000000e+00
0.000000000000000000e+00
6.002999999999999448e-01
0.000000000000000000e+00
0.000000000000000000e+00
5.714200000000000390e-01
0.000000000000000000e+00
0.000000000000000000e+00
6.012199999999999767e-01
0.000000000000000000e+00
0.000000000000000000e+00
7.555300000000000349e-01
0.000000000000000000e+00
0.000000000000000000e+00
8.362100000000000088e-01
0.000000000000000000e+00
0.000000000000000000e+00
9.998399999999999510e-01
0.000000000000000000e+00
0.000000000000000000e+00
0.000000000000000000e+00
0.000000000000000000e+00
0.000000000000000000e+00
0.000000000000000000e+00
5.984599999999999920e-01
0.000000000000000000e+00
0.000000000000000000e+00
0.000000000000000000e+00
0.000000000000000000e+00
7.228599999999999470e-01
0.000000000000000000e+00
0.000000000000000000e+00
0.000000000000000000e+00
5.593299999999999939e-01
0.000000000000000000e+00
0.000000000000000000e+00
8.040100000000000025e-01
0.000000000000000000e+00
7.188200000000000145e-01
0.000000000000000000e+00
0.000000000000000000e+00
5.817600000000000549e-01
0.000000000000000000e+00
0.000000000000000000e+00
5.035800000000000276e-01
0.000000000000000000e+00
0.000000000000000000e+00
0.000000000000000000e+00
0.000000000000000000e+00
0.000000000000000000e+00
6.243699999999999806e-01
0.000000000000000000e+00
7.445699999999999541e-01
0.000000000000000000e+00
5.959600000000000453e-01
0.000000000000000000e+00
1.925480000000000080e+00
0.000000000000000000e+00
0.000000000000000000e+00
6.237399999999999611e-01
0.000000000000000000e+00
0.000000000000000000e+00
5.612399999999999611e-01
0.000000000000000000e+00
0.000000000000000000e+00
5.529600000000000071e-01
0.000000000000000000e+00
0.000000000000000000e+00
0.000000000000000000e+00
0.000000000000000000e+00
5.759699999999999820e-01
0.000000000000000000e+00
0.000000000000000000e+00
0.000000000000000000e+00
9.117300000000000404e-01
0.000000000000000000e+00
5.489199999999999635e-01
0.000000000000000000e+00
0.000000000000000000e+00
0.000000000000000000e+00
1.631629999999999914e+00
0.000000000000000000e+00
1.035709999999999908e+00
0.000000000000000000e+00
0.000000000000000000e+00
0.000000000000000000e+00
5.953000000000000513e-01
0.000000000000000000e+00
5.879499999999999726e-01
0.000000000000000000e+00
0.000000000000000000e+00
0.000000000000000000e+00
0.000000000000000000e+00
0.000000000000000000e+00
6.838400000000000034e-01
0.000000000000000000e+00
5.804700000000000415e-01
0.000000000000000000e+00
0.000000000000000000e+00
0.000000000000000000e+00
1.306249999999999911e+00
0.000000000000000000e+00
6.234100000000000197e-01
0.000000000000000000e+00
0.000000000000000000e+00
0.000000000000000000e+00
0.000000000000000000e+00
0.000000000000000000e+00
0.000000000000000000e+00
7.088400000000000256e-01
0.000000000000000000e+00
0.000000000000000000e+00
0.000000000000000000e+00
1.427440000000000042e+00
0.000000000000000000e+00
0.000000000000000000e+00
0.000000000000000000e+00
1.068070000000000075e+00
0.000000000000000000e+00
0.000000000000000000e+00
8.040500000000000425e-01
0.000000000000000000e+00
0.000000000000000000e+00
1.349949999999999983e+00
0.000000000000000000e+00
6.214600000000000124e-01
0.000000000000000000e+00
0.000000000000000000e+00
7.789700000000000513e-01
0.000000000000000000e+00
0.000000000000000000e+00
0.000000000000000000e+00
0.000000000000000000e+00
7.068100000000000493e-01
0.000000000000000000e+00
9.231800000000000006e-01
0.000000000000000000e+00
0.000000000000000000e+00
0.000000000000000000e+00
0.000000000000000000e+00
6.455400000000000027e-01
0.000000000000000000e+00
0.000000000000000000e+00
0.000000000000000000e+00
9.018300000000000205e-01
0.000000000000000000e+00
6.018499999999999961e-01
0.000000000000000000e+00
0.000000000000000000e+00
0.000000000000000000e+00
0.000000000000000000e+00
6.220200000000000173e-01
0.000000000000000000e+00
0.000000000000000000e+00
0.000000000000000000e+00
0.000000000000000000e+00
0.000000000000000000e+00
1.597920000000000007e+00
0.000000000000000000e+00
0.000000000000000000e+00
0.000000000000000000e+00
0.000000000000000000e+00
6.908400000000000096e-01
0.000000000000000000e+00
0.000000000000000000e+00
6.226699999999999458e-01
0.000000000000000000e+00
5.935700000000000420e-01
0.000000000000000000e+00
0.000000000000000000e+00
5.147599999999999953e-01
0.000000000000000000e+00
0.000000000000000000e+00
7.669000000000000261e-01
0.000000000000000000e+00
0.000000000000000000e+00
0.000000000000000000e+00
0.000000000000000000e+00
6.020799999999999486e-01
0.000000000000000000e+00
9.928700000000000303e-01
0.000000000000000000e+00
0.000000000000000000e+00
7.586600000000000010e-01
0.000000000000000000e+00
0.000000000000000000e+00
1.235470000000000068e+00
0.000000000000000000e+00
0.000000000000000000e+00
0.000000000000000000e+00
5.504299999999999748e-01
0.000000000000000000e+00
1.284540000000000015e+00
0.000000000000000000e+00
0.000000000000000000e+00
8.160899999999999821e-01
0.000000000000000000e+00
5.416999999999999593e-01
0.000000000000000000e+00
5.823099999999999943e-01
0.000000000000000000e+00
5.502099999999999769e-01
0.000000000000000000e+00
0.000000000000000000e+00
0.000000000000000000e+00
0.000000000000000000e+00
8.444800000000000084e-01
0.000000000000000000e+00
0.000000000000000000e+00
6.592999999999999972e-01
0.000000000000000000e+00
0.000000000000000000e+00
0.000000000000000000e+00
0.000000000000000000e+00
0.000000000000000000e+00
0.000000000000000000e+00
0.000000000000000000e+00
0.000000000000000000e+00
0.000000000000000000e+00
0.000000000000000000e+00
0.000000000000000000e+00
0.000000000000000000e+00
0.000000000000000000e+00
