0.000000000000000000e+00
0.000000000000000000e+00
0.000000000000000000e+00
0.000000000000000000e+00
0.000000000000000000e+00
0.000000000000000000e+00
0.000000000000000000e+00
0.000000000000000000e+00
0.000000000000000000e+00
0.000000000000000000e+00
5.603299999999999947e-01
0.000000000000000000e+00
5.303400000000000336e-01
0.000000000000000000e+00
0.000000000000000000e+00
9.790400000000000214e-01
0.000000000000000000e+00
0.000000000000000000e+00
5.108000000000000318e-01
0.000000000000000000e+00
5.579100000000000170e-01
0.000000000000000000e+00
0.000000000000000000e+00
0.000000000000000000e+00
5.230799999999999894e-01
0.000000000000000000e+00
0.000000000000000000e+00
0.000000000000000000e+00
8.287499999999999867e-01
0.000000000000000000e+00
0.000000000000000000e+00
6.548300000000000232e-01
0.000000000000000000e+00
0.000000000000000000e+00
0.000000000000000000e+00
5.119599999999999707e-01
0.000000000000000000e+00
5.195499999999999563e-01
0.000000000000000000e+00
0.000000000000000000e+00
5.381799999999999917e-01
0.000000000000000000e+00
5.283200000000000118e-01
0.000000000000000000e+00
5.328100000000000058e-01
0.000000000000000000e+00
0.000000000000000000e+00
0.000000000000000000e+00
0.000000000000000000e+00
5.608800000000000452e-01
0.000000000000000000e+00
0.000000000000000000e+00
0.000000000000000000e+00
8.264399999999999524e-01
0.000000000000000000e+00
5.900600000000000289e-01
0.000000000000000000e+00
0.000000000000000000e+00
8.591499999999999693e-01
0.000000000000000000e+00
0.000000000000000000e+00
0.000000000000000000e+00
5.137599999999999945e-01
0.000000000000000000e+00
0.000000000000000000e+00
0.000000000000000000e+00
5.369500000000000384e-01
0.000000000000000000e+00
0.000000000000000000e+00
0.000000000000000000e+00
0.000000000000000000e+00
0.000000000000000000e+00
0.000000000000000000e+00
5.074699999999999767e-01
0.000000000000000000e+00
0.000000000000000000e+00
0.000000000000000000e+00
6.073399999999999910e-01
0.000000000000000000e+00
0.000000000000000000e+00
0.000000000000000000e+00
6.229999999999999982e-01
0.000000000000000000e+00
0.000000000000000000e+00
4.418799999999999950e-01
0.000000000000000000e+00
6.789699999999999624e-01
0.000000000000000000e+00
0.000000000000000000e+00
0.000000000000000000e+00
5.674000000000000155e-01
0.000000000000000000e+00
0.000000000000000000e+00
0.000000000000000000e+00
0.000000000000000000e+00
5.617799999999999461e-01
0.000000000000000000e+00
0.000000000000000000e+00
0.000000000000000000e+00
0.000000000000000000e+00
0.000000000000000000e+00
6.379200000000000426e-01
0.000000000000000000e+00
0.000000000000000000e+00
0.000000000000000000e+00
0.000000000000000000e+00
5.483900000000000441e-01
0.000000000000000000e+00
0.000000000000000000e+00
0.000000000000000000e+00
0.000000000000000000e+00
5.519699999999999607e-01
0.000000000000000000e+00
5.465799999999999548e-01
0.000000000000000000e+00
5.160900000000000487e-01
0.000000000000000000e+00
0.000000000000000000e+00
0.000000000000000000e+00
8.523399999999999865e-01
0.000000000000000000e+00
0.000000000000000000e+00
6.302799999999999514e-01
0.000000000000000000e+00
0.000000000000000000e+00
0.000000000000000000e+00
4.936300000000000132e-01
0.000000000000000000e+00
0.000000000000000000e+00
5.259899999999999576e-01
0.000000000000000000e+00
0.000000000000000000e+00
0.000000000000000000e+00
5.129500000000000171e-01
0.000000000000000000e+00
0.000000000000000000e+00
4.800900000000000167e-01
0.000000000000000000e+00
0.000000000000000000e+00
0.000000000000000000e+00
4.960200000000000164e-01
0.000000000000000000e+00
0.000000000000000000e+00
0.000000000000000000e+00
0.000000000000000000e+00
5.673099999999999810e-01
0.000000000000000000e+00
0.000000000000000000e+00
0.000000000000000000e+00
5.009299999999999864e-01
0.000000000000000000e+00
0.000000000000000000e+00
0.000000000000000000e+00
5.400899999999999590e-01
0.000000000000000000e+00
0.000000000000000000e+00
0.000000000000000000e+00
0.000000000000000000e+00
4.230400000000000271e-01
0.000000000000000000e+00
0.000000000000000000e+00
4.957699999999999885e-01
0.000000000000000000e+00
0.000000000000000000e+00
0.000000000000000000e+00
0.000000000000000000e+00
4.995399999999999840e-01
0.000000000000000000e+00
0.000000000000000000e+00
0.000000000000000000e+00
5.601599999999999913e-01
0.000000000000000000e+00
4.754200000000000093e-01
0.000000000000000000e+00
0.000000000000000000e+00
0.000000000000000000e+00
4.557800000000000185e-01
0.000000000000000000e+00
0.000000000000000000e+00
5.401000000000000245e-01
0.000000000000000000e+00
0.000000000000000000e+00
5.335100000000000398e-01
0.000000000000000000e+00
0.000000000000000000e+00
8.146299999999999653e-01
0.000000000000000000e+00
0.000000000000000000e+00
0.000000000000000000e+00
6.445499999999999563e-01
0.000000000000000000e+00
0.000000000000000000e+00
0.000000000000000000e+00
5.139500000000000179e-01
0.000000000000000000e+00
0.000000000000000000e+00
0.000000000000000000e+00
0.000000000000000000e+00
4.827000000000000179e-01
0.000000000000000000e+00
4.659200000000000008e-01
0.000000000000000000e+00
0.000000000000000000e+00
3.550400000000000222e-01
0.000000000000000000e+00
5.035100000000000131e-01
0.000000000000000000e+00
0.000000000000000000e+00
0.000000000000000000e+00
0.000000000000000000e+00
0.000000000000000000e+00
0.000000000000000000e+00
4.257099999999999773e-01
0.000000000000000000e+00
0.000000000000000000e+00
0.000000000000000000e+00
0.000000000000000000e+00
4.697899999999999854e-01
0.000000000000000000e+00
0.000000000000000000e+00
0.000000000000000000e+00
0.000000000000000000e+00
5.432200000000000362e-01
0.000000000000000000e+00
0.000000000000000000e+00
0.000000000000000000e+00
5.668999999999999595e-01
0.000000000000000000e+00
0.000000000000000000e+00
5.431799999999999962e-01
0.000000000000000000e+00
4.428799999999999959e-01
0.000000000000000000e+00
0.000000000000000000e+00
0.000000000000000000e+00
0.000000000000000000e+00
0.000000000000000000e+00
0.000000000000000000e+00
0.000000000000000000e+00
5.188399999999999679e-01
0.000000000000000000e+00
0.000000000000000000e+00
8.270999999999999464e-01
0.000000000000000000e+00
0.000000000000000000e+00
4.985899999999999777e-01
0.000000000000000000e+00
0.000000000000000000e+00
4.803499999999999992e-01
0.000000000000000000e+00
8.918300000000000116e-01
0.000000000000000000e+00
0.000000000000000000e+00
0.000000000000000000e+00
5.339399999999999702e-01
0.000000000000000000e+00
0.000000000000000000e+00
0.000000000000000000e+00
0.000000000000000000e+00
5.188000000000000389e-01
0.000000000000000000e+00
0.000000000000000000e+00
0.000000000000000000e+00
5.847999999999999865e-01
0.000000000000000000e+00
0.000000000000000000e+00
4.868899999999999895e-01
0.000000000000000000e+00
0.000000000000000000e+00
5.020299999999999763e-01
0.000000000000000000e+00
0.000000000000000000e+00
5.276600000000000179e-01
0.000000000000000000e+00
0.000000000000000000e+00
0.000000000000000000e+00
0.000000000000000000e+00
4.176000000000000267e-01
0.000000000000000000e+00
0.000000000000000000e+00
4.530100000000000238e-01
0.000000000000000000e+00
0.000000000000000000e+00
0.000000000000000000e+00
5.160799999999999832e-01
0.000000000000000000e+00
0.000000000000000000e+00
6.515600000000000280e-01
0.000000000000000000e+00
0.000000000000000000e+00
0.000000000000000000e+00
0.000000000000000000e+00
6.187099999999999822e-01
0.000000000000000000e+00
0.000000000000000000e+00
0.000000000000000000e+00
0.000000000000000000e+00
0.000000000000000000e+00
5.404700000000000060e-01
0.000000000000000000e+00
6.530299999999999994e-01
0.000000000000000000e+00
0.000000000000000000e+00
0.000000000000000000e+00
0.000000000000000000e+00
0.000000000000000000e+00
0.000000000000000000e+00
0.000000000000000000e+00
0.000000000000000000e+00
0.000000000000000000e+00
0.000000000000000000e+00
0.000000000000000000e+00
0.000000000000000000e+00
0.000000000000000000e+00
0.000000000000000000e+00
0.000000000000000000e+00
0.000000000000000000e+00
0.000000000000000000e+00
0.000000000000000000e+00
0.000000000000000000e+00
0.000000000000000000e+00
0.000000000000000000e+00
0.000000000000000000e+00
0.000000000000000000e+00
0.000000000000000000e+00
0.000000000000000000e+00
0.000000000000000000e+00
4.835200000000000053e-01
0.000000000000000000e+00
0.000000000000000000e+00
4.937799999999999967e-01
0.000000000000000000e+00
4.922699999999999854e-01
0.000000000000000000e+00
0.000000000000000000e+00
0.000000000000000000e+00
0.000000000000000000e+00
4.017000000000000015e-01
0.000000000000000000e+00
4.088600000000000012e-01
0.000000000000000000e+00
0.000000000000000000e+00
5.209700000000000442e-01
0.000000000000000000e+00
0.000000000000000000e+00
0.000000000000000000e+00
8.294799999999999951e-01
0.000000000000000000e+00
0.000000000000000000e+00
6.148000000000000131e-01
0.000000000000000000e+00
0.000000000000000000e+00
0.000000000000000000e+00
4.648800000000000154e-01
0.000000000000000000e+00
9.806099999999999817e-01
0.000000000000000000e+00
0.000000000000000000e+00
0.000000000000000000e+00
1.746059999999999945e+00
0.000000000000000000e+00
6.773099999999999676e-01
0.000000000000000000e+00
9.058699999999999530e-01
0.000000000000000000e+00
0.000000000000000000e+00
0.000000000000000000e+00
0.000000000000000000e+00
4.934000000000000052e-01
0.000000000000000000e+00
0.000000000000000000e+00
0.000000000000000000e+00
0.000000000000000000e+00
5.605599999999999472e-01
0.000000000000000000e+00
5.150599999999999623e-01
0.000000000000000000e+00
5.367300000000000404e-01
0.000000000000000000e+00
5.731199999999999628e-01
0.000000000000000000e+00
0.000000000000000000e+00
0.000000000000000000e+00
5.636700000000000044e-01
0.000000000000000000e+00
5.487600000000000255e-01
0.000000000000000000e+00
0.000000000000000000e+00
0.000000000000000000e+00
4.546200000000000241e-01
0.000000000000000000e+00
0.000000000000000000e+00
6.008000000000000007e-01
0.000000000000000000e+00
5.068200000000000482e-01
0.000000000000000000e+00
0.000000000000000000e+00
4.634199999999999986e-01
0.000000000000000000e+00
0.000000000000000000e+00
4.847099999999999742e-01
0.000000000000000000e+00
0.000000000000000000e+00
5.559699999999999642e-01
0.000000000000000000e+00
0.000000000000000000e+00
0.000000000000000000e+00
0.000000000000000000e+00
0.000000000000000000e+00
0.000000000000000000e+00
5.249700000000000477e-01
0.000000000000000000e+00
0.000000000000000000e+00
5.232700000000000129e-01
0.000000000000000000e+00
6.838499999999999579e-01
0.000000000000000000e+00
5.134499999999999620e-01
0.000000000000000000e+00
5.438100000000000156e-01
0.000000000000000000e+00
0.000000000000000000e+00
0.000000000000000000e+00
0.000000000000000000e+00
5.716499999999999915e-01
0.000000000000000000e+00
0.000000000000000000e+00
4.697399999999999909e-01
0.000000000000000000e+00
0.000000000000000000e+00
5.994399999999999729e-01
0.000000000000000000e+00
0.000000000000000000e+00
0.000000000000000000e+00
0.000000000000000000e+00
0.000000000000000000e+00
5.324999999999999734e-01
0.000000000000000000e+00
5.369599999999999929e-01
0.000000000000000000e+00
9.444799999999999862e-01
0.000000000000000000e+00
5.248599999999999932e-01
0.000000000000000000e+00
4.441999999999999837e-01
0.000000000000000000e+00
0.000000000000000000e+00
5.087000000000000410e-01
0.000000000000000000e+00
0.000000000000000000e+00
0.000000000000000000e+00
5.165800000000000392e-01
0.000000000000000000e+00
0.000000000000000000e+00
0.000000000000000000e+00
0.000000000000000000e+00
4.915200000000000125e-01
0.000000000000000000e+00
0.000000000000000000e+00
5.216800000000000326e-01
0.000000000000000000e+00
0.000000000000000000e+00
0.000000000000000000e+00
4.831599999999999784e-01
0.000000000000000000e+00
0.000000000000000000e+00
0.000000000000000000e+00
0.000000000000000000e+00
0.000000000000000000e+00
9.069700000000000539e-01
0.000000000000000000e+00
5.315299999999999470e-01
0.000000000000000000e+00
0.000000000000000000e+00
0.000000000000000000e+00
5.604999999999999982e-01
0.000000000000000000e+00
0.000000000000000000e+00
4.528300000000000103e-01
0.000000000000000000e+00
8.730200000000000182e-01
0.000000000000000000e+00
0.000000000000000000e+00
5.224299999999999500e-01
0.000000000000000000e+00
0.000000000000000000e+00
5.181499999999999995e-01
0.000000000000000000e+00
7.242199999999999749e-01
0.000000000000000000e+00
0.000000000000000000e+00
0.000000000000000000e+00
6.011999999999999567e-01
0.000000000000000000e+00
0.000000000000000000e+00
0.000000000000000000e+00
5.283200000000000118e-01
0.000000000000000000e+00
0.000000000000000000e+00
0.000000000000000000e+00
5.029700000000000282e-01
0.000000000000000000e+00
0.000000000000000000e+00
0.000000000000000000e+00
0.000000000000000000e+00
0.000000000000000000e+00
4.842299999999999938e-01
0.000000000000000000e+00
7.969800000000000217e-01
0.000000000000000000e+00
5.326800000000000423e-01
0.000000000000000000e+00
4.490199999999999747e-01
0.000000000000000000e+00
0.000000000000000000e+00
0.000000000000000000e+00
0.000000000000000000e+00
0.000000000000000000e+00
0.000000000000000000e+00
1.149089999999999945e+00
0.000000000000000000e+00
0.000000000000000000e+00
0.000000000000000000e+00
8.177699999999999969e-01
0.000000000000000000e+00
0.000000000000000000e+00
5.680399999999999894e-01
0.000000000000000000e+00
5.458600000000000119e-01
0.000000000000000000e+00
0.000000000000000000e+00
0.000000000000000000e+00
0.000000000000000000e+00
5.057700000000000529e-01
0.000000000000000000e+00
0.000000000000000000e+00
0.000000000000000000e+00
7.475199999999999623e-01
0.000000000000000000e+00
6.207000000000000295e-01
0.000000000000000000e+00
0.000000000000000000e+00
5.482700000000000351e-01
0.000000000000000000e+00
0.000000000000000000e+00
5.116500000000000492e-01
0.000000000000000000e+00
5.721100000000000074e-01
0.000000000000000000e+00
0.000000000000000000e+00
0.000000000000000000e+00
0.000000000000000000e+00
5.636100000000000554e-01
0.000000000000000000e+00
0.000000000000000000e+00
0.000000000000000000e+00
0.000000000000000000e+00
4.644599999999999840e-01
0.000000000000000000e+00
4.918799999999999839e-01
0.000000000000000000e+00
0.000000000000000000e+00
0.000000000000000000e+00
0.000000000000000000e+00
4.871900000000000119e-01
0.000000000000000000e+00
0.000000000000000000e+00
5.955000000000000293e-01
0.000000000000000000e+00
0.000000000000000000e+00
0.000000000000000000e+00
4.637499999999999956e-01
0.000000000000000000e+00
0.000000000000000000e+00
4.352699999999999902e-01
0.000000000000000000e+00
0.000000000000000000e+00
4.683300000000000241e-01
0.000000000000000000e+00
0.000000000000000000e+00
5.665799999999999725e-01
0.000000000000000000e+00
0.000000000000000000e+00
0.000000000000000000e+00
6.276199999999999557e-01
0.000000000000000000e+00
0.000000000000000000e+00
0.000000000000000000e+00
0.000000000000000000e+00
5.549500000000000544e-01
0.000000000000000000e+00
0.000000000000000000e+00
0.000000000000000000e+00
0.000000000000000000e+00
0.000000000000000000e+00
0.000000000000000000e+00
0.000000000000000000e+00
0.000000000000000000e+00
0.000000000000000000e+00
0.000000000000000000e+00
0.000000000000000000e+00
0.000000000000000000e+00
0.000000000000000000e+00
0.000000000000000000e+00
0.000000000000000000e+00
0.000000000000000000e+00
0.000000000000000000e+00
0.000000000000000000e+00
0.000000000000000000e+00
0.000000000000000000e+00
0.000000000000000000e+00
0.000000000000000000e+00
0.000000000000000000e+00
0.000000000000000000e+00
7.762599999999999500e-01
0.000000000000000000e+00
0.000000000000000000e+00
0.000000000000000000e+00
4.988500000000000156e-01
0.000000000000000000e+00
0.000000000000000000e+00
0.000000000000000000e+00
6.344300000000000495e-01
0.000000000000000000e+00
0.000000000000000000e+00
0.000000000000000000e+00
0.000000000000000000e+00
5.811899999999999844e-01
0.000000000000000000e+00
0.000000000000000000e+00
0.000000000000000000e+00
0.000000000000000000e+00
4.656199999999999783e-01
0.000000000000000000e+00
0.000000000000000000e+00
4.738700000000000134e-01
0.000000000000000000e+00
0.000000000000000000e+00
5.720600000000000129e-01
0.000000000000000000e+00
0.000000000000000000e+00
0.000000000000000000e+00
0.000000000000000000e+00
0.000000000000000000e+00
0.000000000000000000e+00
6.646800000000000486e-01
0.000000000000000000e+00
5.032100000000000461e-01
0.000000000000000000e+00
0.000000000000000000e+00
4.985899999999999777e-01
0.000000000000000000e+00
0.000000000000000000e+00
5.433700000000000196e-01
0.000000000000000000e+00
0.000000000000000000e+00
5.455600000000000449e-01
0.000000000000000000e+00
0.000000000000000000e+00
0.000000000000000000e+00
6.273300000000000542e-01
0.000000000000000000e+00
0.000000000000000000e+00
0.000000000000000000e+00
0.000000000000000000e+00
4.621100000000000207e-01
0.000000000000000000e+00
0.000000000000000000e+00
8.659099999999999575e-01
0.000000000000000000e+00
6.296300000000000230e-01
0.000000000000000000e+00
0.000000000000000000e+00
0.000000000000000000e+00
5.681699999999999529e-01
0.000000000000000000e+00
0.000000000000000000e+00
5.491399999999999615e-01
0.000000000000000000e+00
5.925500000000000211e-01
0.000000000000000000e+00
4.646100000000000230e-01
0.000000000000000000e+00
0.000000000000000000e+00
5.643299999999999983e-01
0.000000000000000000e+00
0.000000000000000000e+00
0.000000000000000000e+00
0.000000000000000000e+00
6.796400000000000219e-01
0.000000000000000000e+00
0.000000000000000000e+00
5.018799999999999928e-01
0.000000000000000000e+00
0.000000000000000000e+00
0.000000000000000000e+00
0.000000000000000000e+00
4.558699999999999974e-01
0.000000000000000000e+00
0.000000000000000000e+00
0.000000000000000000e+00
5.500199999999999534e-01
0.000000000000000000e+00
0.000000000000000000e+00
0.000000000000000000e+00
5.169700000000000406e-01
0.000000000000000000e+00
5.225800000000000445e-01
0.000000000000000000e+00
0.000000000000000000e+00
0.000000000000000000e+00
0.000000000000000000e+00
5.910699999999999843e-01
0.000000000000000000e+00
5.579899999999999860e-01
0.000000000000000000e+00
0.000000000000000000e+00
0.000000000000000000e+00
0.000000000000000000e+00
0.000000000000000000e+00
6.330400000000000471e-01
0.000000000000000000e+00
0.000000000000000000e+00
0.000000000000000000e+00
5.061799999999999633e-01
0.000000000000000000e+00
9.491699999999999582e-01
0.000000000000000000e+00
0.000000000000000000e+00
6.264600000000000168e-01
0.000000000000000000e+00
5.523200000000000331e-01
0.000000000000000000e+00
5.027899999999999592e-01
0.000000000000000000e+00
0.000000000000000000e+00
6.133199999999999763e-01
0.000000000000000000e+00
0.000000000000000000e+00
0.000000000000000000e+00
0.000000000000000000e+00
5.627799999999999470e-01
0.000000000000000000e+00
5.276399999999999979e-01
0.000000000000000000e+00
0.000000000000000000e+00
0.000000000000000000e+00
5.520899999999999697e-01
0.000000000000000000e+00
0.000000000000000000e+00
0.000000000000000000e+00
0.000000000000000000e+00
5.975099999999999856e-01
0.000000000000000000e+00
0.000000000000000000e+00
9.140800000000000036e-01
0.000000000000000000e+00
0.000000000000000000e+00
5.474400000000000377e-01
0.000000000000000000e+00
0.000000000000000000e+00
0.000000000000000000e+00
0.000000000000000000e+00
5.476900000000000102e-01
0.000000000000000000e+00
0.000000000000000000e+00
0.000000000000000000e+00
3.967600000000000016e-01
0.000000000000000000e+00
0.000000000000000000e+00
0.000000000000000000e+00
0.000000000000000000e+00
5.908200000000000118e-01
0.000000000000000000e+00
0.000000000000000000e+00
0.000000000000000000e+00
0.000000000000000000e+00
5.249300000000000077e-01
0.000000000000000000e+00
9.885500000000000398e-01
0.000000000000000000e+00
0.000000000000000000e+00
0.000000000000000000e+00
5.390200000000000546e-01
0.000000000000000000e+00
0.000000000000000000e+00
0.000000000000000000e+00
7.638000000000000345e-01
0.000000000000000000e+00
0.000000000000000000e+00
0.000000000000000000e+00
0.000000000000000000e+00
4.765199999999999991e-01
0.000000000000000000e+00
8.421100000000000252e-01
0.000000000000000000e+00
0.000000000000000000e+00
5.324799999999999534e-01
0.000000000000000000e+00
0.000000000000000000e+00
0.000000000000000000e+00
4.296099999999999919e-01
0.000000000000000000e+00
0.000000000000000000e+00
0.000000000000000000e+00
0.000000000000000000e+00
0.000000000000000000e+00
5.266600000000000170e-01
0.000000000000000000e+00
0.000000000000000000e+00
0.000000000000000000e+00
0.000000000000000000e+00
5.655999999999999917e-01
0.000000000000000000e+00
0.000000000000000000e+00
4.177400000000000002e-01
0.000000000000000000e+00
0.000000000000000000e+00
0.000000000000000000e+00
6.098599999999999577e-01
0.000000000000000000e+00
7.189200000000000035e-01
0.000000000000000000e+00
5.439000000000000501e-01
0.000000000000000000e+00
0.000000000000000000e+00
0.000000000000000000e+00
5.065699999999999648e-01
0.000000000000000000e+00
0.000000000000000000e+00
5.554700000000000193e-01
0.000000000000000000e+00
0.000000000000000000e+00
0.000000000000000000e+00
4.834399999999999809e-01
0.000000000000000000e+00
0.000000000000000000e+00
0.000000000000000000e+00
6.940800000000000303e-01
0.000000000000000000e+00
6.882899999999999574e-01
0.000000000000000000e+00
5.176699999999999635e-01
0.000000000000000000e+00
4.720699999999999896e-01
0.000000000000000000e+00
0.000000000000000000e+00
4.637000000000000011e-01
0.000000000000000000e+00
0.000000000000000000e+00
5.117699999999999472e-01
0.000000000000000000e+00
0.000000000000000000e+00
0.000000000000000000e+00
0.000000000000000000e+00
5.206300000000000372e-01
0.000000000000000000e+00
0.000000000000000000e+00
0.000000000000000000e+00
6.167599999999999749e-01
0.000000000000000000e+00
0.000000000000000000e+00
6.035700000000000509e-01
0.000000000000000000e+00
5.602000000000000313e-01
0.000000000000000000e+00
0.000000000000000000e+00
0.000000000000000000e+00
0.000000000000000000e+00
6.044000000000000483e-01
0.000000000000000000e+00
0.000000000000000000e+00
5.622099999999999875e-01
0.000000000000000000e+00
0.000000000000000000e+00
0.000000000000000000e+00
9.620400000000000063e-01
0.000000000000000000e+00
0.000000000000000000e+00
5.544000000000000039e-01
0.000000000000000000e+00
0.000000000000000000e+00
5.456600000000000339e-01
0.000000000000000000e+00
0.000000000000000000e+00
0.000000000000000000e+00
6.005800000000000027e-01
0.000000000000000000e+00
0.000000000000000000e+00
4.509699999999999820e-01
0.000000000000000000e+00
0.000000000000000000e+00
0.000000000000000000e+00
5.215699999999999781e-01
0.000000000000000000e+00
0.000000000000000000e+00
0.000000000000000000e+00
0.000000000000000000e+00
0.000000000000000000e+00
0.000000000000000000e+00
0.000000000000000000e+00
0.000000000000000000e+00
0.000000000000000000e+00
0.000000000000000000e+00
0.000000000000000000e+00
0.000000000000000000e+00
0.000000000000000000e+00
0.000000000000000000e+00
0.000000000000000000e+00
0.000000000000000000e+00
0.000000000000000000e+00
0.000000000000000000e+00
0.000000000000000000e+00
0.000000000000000000e+00
0.000000000000000000e+00
4.650500000000000189e-01
0.000000000000000000e+00
0.000000000000000000e+00
0.000000000000000000e+00
5.857099999999999529e-01
0.000000000000000000e+00
4.573099999999999943e-01
0.000000000000000000e+00
0.000000000000000000e+00
5.425699999999999967e-01
0.000000000000000000e+00
0.000000000000000000e+00
0.000000000000000000e+00
5.066399999999999793e-01
0.000000000000000000e+00
0.000000000000000000e+00
5.979299999999999615e-01
0.000000000000000000e+00
0.000000000000000000e+00
5.829299999999999482e-01
0.000000000000000000e+00
0.000000000000000000e+00
7.862500000000000044e-01
0.000000000000000000e+00
0.000000000000000000e+00
0.000000000000000000e+00
5.332700000000000218e-01
0.000000000000000000e+00
0.000000000000000000e+00
7.445100000000000051e-01
0.000000000000000000e+00
6.857499999999999707e-01
0.000000000000000000e+00
0.000000000000000000e+00
0.000000000000000000e+00
3.970400000000000040e-01
0.000000000000000000e+00
0.000000000000000000e+00
8.677399999999999558e-01
0.000000000000000000e+00
0.000000000000000000e+00
0.000000000000000000e+00
9.235900000000000221e-01
0.000000000000000000e+00
5.741500000000000492e-01
0.000000000000000000e+00
0.000000000000000000e+00
0.000000000000000000e+00
8.316299999999999804e-01
0.000000000000000000e+00
0.000000000000000000e+00
0.000000000000000000e+00
0.000000000000000000e+00
4.565000000000000169e-01
0.000000000000000000e+00
0.000000000000000000e+00
5.764599999999999724e-01
0.000000000000000000e+00
0.000000000000000000e+00
0.000000000000000000e+00
5.954899999999999638e-01
0.000000000000000000e+00
0.000000000000000000e+00
0.000000000000000000e+00
6.810100000000000042e-01
0.000000000000000000e+00
6.019400000000000306e-01
0.000000000000000000e+00
5.486499999999999710e-01
0.000000000000000000e+00
5.080200000000000271e-01
0.000000000000000000e+00
0.000000000000000000e+00
0.000000000000000000e+00
5.987999999999999989e-01
0.000000000000000000e+00
0.000000000000000000e+00
0.000000000000000000e+00
3.807499999999999774e-01
0.000000000000000000e+00
0.000000000000000000e+00
0.000000000000000000e+00
4.298000000000000154e-01
0.000000000000000000e+00
6.294699999999999740e-01
0.000000000000000000e+00
0.000000000000000000e+00
0.000000000000000000e+00
5.108000000000000318e-01
0.000000000000000000e+00
0.000000000000000000e+00
0.000000000000000000e+00
0.000000000000000000e+00
0.000000000000000000e+00
0.000000000000000000e+00
4.969399999999999928e-01
0.000000000000000000e+00
6.239500000000000046e-01
0.000000000000000000e+00
4.467099999999999960e-01
0.000000000000000000e+00
5.539500000000000535e-01
0.000000000000000000e+00
0.000000000000000000e+00
0.000000000000000000e+00
0.000000000000000000e+00
5.293700000000000072e-01
0.000000000000000000e+00
0.000000000000000000e+00
4.351099999999999968e-01
0.000000000000000000e+00
4.266900000000000137e-01
0.000000000000000000e+00
5.223700000000000010e-01
0.000000000000000000e+00
0.000000000000000000e+00
0.000000000000000000e+00
5.019099999999999673e-01
0.000000000000000000e+00
0.000000000000000000e+00
5.753300000000000081e-01
0.000000000000000000e+00
0.000000000000000000e+00
4.935200000000000142e-01
0.000000000000000000e+00
0.000000000000000000e+00
5.076699999999999546e-01
0.000000000000000000e+00
6.908600000000000296e-01
0.000000000000000000e+00
0.000000000000000000e+00
4.923100000000000254e-01
0.000000000000000000e+00
0.000000000000000000e+00
0.000000000000000000e+00
5.041900000000000270e-01
0.000000000000000000e+00
6.288200000000000456e-01
0.000000000000000000e+00
0.000000000000000000e+00
5.970100000000000406e-01
0.000000000000000000e+00
0.000000000000000000e+00
4.903199999999999781e-01
0.000000000000000000e+00
0.000000000000000000e+00
7.126299999999999857e-01
0.000000000000000000e+00
6.238099999999999756e-01
0.000000000000000000e+00
0.000000000000000000e+00
0.000000000000000000e+00
0.000000000000000000e+00
5.306999999999999496e-01
0.000000000000000000e+00
0.000000000000000000e+00
0.000000000000000000e+00
0.000000000000000000e+00
0.000000000000000000e+00
8.452100000000000168e-01
0.000000000000000000e+00
0.000000000000000000e+00
0.000000000000000000e+00
5.458800000000000319e-01
0.000000000000000000e+00
0.000000000000000000e+00
0.000000000000000000e+00
0.000000000000000000e+00
0.000000000000000000e+00
4.834899999999999753e-01
0.000000000000000000e+00
0.000000000000000000e+00
7.896999999999999575e-01
0.000000000000000000e+00
5.374900000000000233e-01
0.000000000000000000e+00
0.000000000000000000e+00
0.000000000000000000e+00
0.000000000000000000e+00
5.681000000000000494e-01
0.000000000000000000e+00
0.000000000000000000e+00
4.719200000000000061e-01
0.000000000000000000e+00
5.767099999999999449e-01
0.000000000000000000e+00
5.891499999999999515e-01
0.000000000000000000e+00
0.000000000000000000e+00
5.445600000000000440e-01
0.000000000000000000e+00
0.000000000000000000e+00
5.136699999999999600e-01
0.000000000000000000e+00
0.000000000000000000e+00
0.000000000000000000e+00
5.356999999999999540e-01
0.000000000000000000e+00
6.132499999999999618e-01
0.000000000000000000e+00
0.000000000000000000e+00
4.470899999999999874e-01
0.000000000000000000e+00
0.000000000000000000e+00
0.000000000000000000e+00
7.901200000000000445e-01
0.000000000000000000e+00
0.000000000000000000e+00
0.000000000000000000e+00
0.000000000000000000e+00
4.976900000000000213e-01
0.000000000000000000e+00
5.126300000000000301e-01
0.000000000000000000e+00
0.000000000000000000e+00
0.000000000000000000e+00
4.457400000000000251e-01
0.000000000000000000e+00
0.000000000000000000e+00
4.487700000000000022e-01
0.000000000000000000e+00
0.000000000000000000e+00
0.000000000000000000e+00
5.426600000000000312e-01
0.000000000000000000e+00
0.000000000000000000e+00
0.000000000000000000e+00
5.268800000000000150e-01
0.000000000000000000e+00
6.242900000000000116e-01
0.000000000000000000e+00
0.000000000000000000e+00
5.015600000000000058e-01
0.000000000000000000e+00
0.000000000000000000e+00
0.000000000000000000e+00
5.431799999999999962e-01
0.000000000000000000e+00
0.000000000000000000e+00
0.000000000000000000e+00
0.000000000000000000e+00
4.466100000000000070e-01
0.000000000000000000e+00
4.665500000000000203e-01
0.000000000000000000e+00
4.320899999999999741e-01
0.000000000000000000e+00
4.851099999999999857e-01
0.000000000000000000e+00
0.000000000000000000e+00
4.209100000000000064e-01
0.000000000000000000e+00
0.000000000000000000e+00
0.000000000000000000e+00
5.559699999999999642e-01
0.000000000000000000e+00
0.000000000000000000e+00
4.108299999999999730e-01
0.000000000000000000e+00
0.000000000000000000e+00
0.000000000000000000e+00
0.000000000000000000e+00
0.000000000000000000e+00
0.000000000000000000e+00
0.000000000000000000e+00
0.000000000000000000e+00
0.000000000000000000e+00
0.000000000000000000e+00
0.000000000000000000e+00
0.000000000000000000e+00
0.000000000000000000e+00
0.000000000000000000e+00
0.000000000000000000e+00
0.000000000000000000e+00
0.000000000000000000e+00
0.000000000000000000e+00
0.000000000000000000e+00
0.000000000000000000e+00
0.000000000000000000e+00
5.112200000000000077e-01
0.000000000000000000e+00
0.000000000000000000e+00
0.000000000000000000e+00
0.000000000000000000e+00
5.050700000000000189e-01
0.000000000000000000e+00
3.945899999999999963e-01
0.000000000000000000e+00
0.000000000000000000e+00
0.000000000000000000e+00
0.000000000000000000e+00
4.668399999999999772e-01
0.000000000000000000e+00
4.320200000000000151e-01
0.000000000000000000e+00
0.000000000000000000e+00
0.000000000000000000e+00
5.691800000000000193e-01
0.000000000000000000e+00
0.000000000000000000e+00
0.000000000000000000e+00
3.825100000000000167e-01
0.000000000000000000e+00
0.000000000000000000e+00
0.000000000000000000e+00
0.000000000000000000e+00
0.000000000000000000e+00
5.063199999999999923e-01
0.000000000000000000e+00
0.000000000000000000e+00
5.356100000000000305e-01
0.000000000000000000e+00
0.000000000000000000e+00
0.000000000000000000e+00
0.000000000000000000e+00
4.876099999999999879e-01
0.000000000000000000e+00
0.000000000000000000e+00
0.000000000000000000e+00
4.810300000000000131e-01
0.000000000000000000e+00
0.000000000000000000e+00
4.403599999999999737e-01
0.000000000000000000e+00
4.859399999999999831e-01
0.000000000000000000e+00
0.000000000000000000e+00
0.000000000000000000e+00
0.000000000000000000e+00
4.638900000000000245e-01
0.000000000000000000e+00
0.000000000000000000e+00
0.000000000000000000e+00
0.000000000000000000e+00
0.000000000000000000e+00
0.000000000000000000e+00
5.756200000000000205e-01
0.000000000000000000e+00
0.000000000000000000e+00
0.000000000000000000e+00
4.876800000000000024e-01
0.000000000000000000e+00
0.000000000000000000e+00
4.429100000000000259e-01
0.000000000000000000e+00
0.000000000000000000e+00
6.513200000000000101e-01
0.000000000000000000e+00
0.000000000000000000e+00
0.000000000000000000e+00
0.000000000000000000e+00
0.000000000000000000e+00
5.326400000000000023e-01
0.000000000000000000e+00
0.000000000000000000e+00
6.638199999999999656e-01
0.000000000000000000e+00
0.000000000000000000e+00
5.720600000000000129e-01
0.000000000000000000e+00
0.000000000000000000e+00
0.000000000000000000e+00
4.100800000000000001e-01
0.000000000000000000e+00
4.854999999999999871e-01
0.000000000000000000e+00
4.684099999999999930e-01
0.000000000000000000e+00
4.994100000000000206e-01
0.000000000000000000e+00
0.000000000000000000e+00
0.000000000000000000e+00
0.000000000000000000e+00
5.161599999999999522e-01
0.000000000000000000e+00
5.267300000000000315e-01
0.000000000000000000e+00
0.000000000000000000e+00
0.000000000000000000e+00
5.800199999999999800e-01
0.000000000000000000e+00
0.000000000000000000e+00
5.835299999999999931e-01
0.000000000000000000e+00
0.000000000000000000e+00
4.849100000000000077e-01
0.000000000000000000e+00
0.000000000000000000e+00
0.000000000000000000e+00
4.798899999999999832e-01
0.000000000000000000e+00
0.000000000000000000e+00
0.000000000000000000e+00
0.000000000000000000e+00
0.000000000000000000e+00
7.895600000000000396e-01
0.000000000000000000e+00
0.000000000000000000e+00
0.000000000000000000e+00
7.526000000000000467e-01
0.000000000000000000e+00
4.899700000000000166e-01
0.000000000000000000e+00
0.000000000000000000e+00
4.602800000000000225e-01
0.000000000000000000e+00
0.000000000000000000e+00
0.000000000000000000e+00
0.000000000000000000e+00
0.000000000000000000e+00
4.377400000000000180e-01
0.000000000000000000e+00
0.000000000000000000e+00
5.600000000000000533e-01
0.000000000000000000e+00
0.000000000000000000e+00
0.000000000000000000e+00
5.041400000000000325e-01
0.000000000000000000e+00
0.000000000000000000e+00
0.000000000000000000e+00
0.000000000000000000e+00
4.945100000000000051e-01
0.000000000000000000e+00
3.950899999999999967e-01
0.000000000000000000e+00
0.000000000000000000e+00
7.013800000000000034e-01
0.000000000000000000e+00
0.000000000000000000e+00
0.000000000000000000e+00
0.000000000000000000e+00
5.261000000000000121e-01
0.000000000000000000e+00
0.000000000000000000e+00
0.000000000000000000e+00
0.000000000000000000e+00
0.000000000000000000e+00
0.000000000000000000e+00
0.000000000000000000e+00
4.737700000000000244e-01
0.000000000000000000e+00
4.559199999999999919e-01
0.000000000000000000e+00
6.178700000000000303e-01
0.000000000000000000e+00
5.325199999999999934e-01
0.000000000000000000e+00
5.139599999999999724e-01
0.000000000000000000e+00
0.000000000000000000e+00
6.193300000000000471e-01
0.000000000000000000e+00
0.000000000000000000e+00
0.000000000000000000e+00
0.000000000000000000e+00
0.000000000000000000e+00
7.846699999999999786e-01
0.000000000000000000e+00
5.267800000000000260e-01
0.000000000000000000e+00
5.037500000000000311e-01
0.000000000000000000e+00
0.000000000000000000e+00
0.000000000000000000e+00
5.516299999999999537e-01
0.000000000000000000e+00
6.531500000000000083e-01
0.000000000000000000e+00
0.000000000000000000e+00
0.000000000000000000e+00
5.845900000000000540e-01
0.000000000000000000e+00
5.816500000000000004e-01
0.000000000000000000e+00
0.000000000000000000e+00
0.000000000000000000e+00
0.000000000000000000e+00
4.431999999999999829e-01
0.000000000000000000e+00
0.000000000000000000e+00
0.000000000000000000e+00
0.000000000000000000e+00
0.000000000000000000e+00
0.000000000000000000e+00
5.061099999999999488e-01
0.000000000000000000e+00
0.000000000000000000e+00
0.000000000000000000e+00
5.732000000000000428e-01
0.000000000000000000e+00
0.000000000000000000e+00
4.036699999999999733e-01
0.000000000000000000e+00
0.000000000000000000e+00
0.000000000000000000e+00
4.952699999999999880e-01
0.000000000000000000e+00
0.000000000000000000e+00
4.588999999999999746e-01
0.000000000000000000e+00
0.000000000000000000e+00
0.000000000000000000e+00
0.000000000000000000e+00
0.000000000000000000e+00
4.705099999999999838e-01
0.000000000000000000e+00
5.651000000000000467e-01
0.000000000000000000e+00
0.000000000000000000e+00
5.260000000000000231e-01
0.000000000000000000e+00
0.000000000000000000e+00
0.000000000000000000e+00
0.000000000000000000e+00
4.037399999999999878e-01
0.000000000000000000e+00
0.000000000000000000e+00
0.000000000000000000e+00
0.000000000000000000e+00
5.478899999999999881e-01
0.000000000000000000e+00
0.000000000000000000e+00
5.808100000000000485e-01
0.000000000000000000e+00
4.734499999999999820e-01
0.000000000000000000e+00
6.238399999999999501e-01
0.000000000000000000e+00
4.708100000000000063e-01
0.000000000000000000e+00
5.995899999999999563e-01
0.000000000000000000e+00
0.000000000000000000e+00
4.316699999999999982e-01
0.000000000000000000e+00
0.000000000000000000e+00
5.546699999999999964e-01
0.000000000000000000e+00
0.000000000000000000e+00
5.000700000000000145e-01
0.000000000000000000e+00
0.000000000000000000e+00
5.627900000000000125e-01
0.000000000000000000e+00
0.000000000000000000e+00
0.000000000000000000e+00
4.225099999999999967e-01
0.000000000000000000e+00
7.810899999999999510e-01
0.000000000000000000e+00
0.000000000000000000e+00
4.564500000000000224e-01
0.000000000000000000e+00
0.000000000000000000e+00
4.753399999999999848e-01
0.000000000000000000e+00
0.000000000000000000e+00
0.000000000000000000e+00
0.000000000000000000e+00
4.428500000000000214e-01
0.000000000000000000e+00
0.000000000000000000e+00
0.000000000000000000e+00
0.000000000000000000e+00
0.000000000000000000e+00
0.000000000000000000e+00
0.000000000000000000e+00
0.000000000000000000e+00
0.000000000000000000e+00
0.000000000000000000e+00
0.000000000000000000e+00
0.000000000000000000e+00
0.000000000000000000e+00
0.000000000000000000e+00
0.000000000000000000e+00
0.000000000000000000e+00
0.000000000000000000e+00
0.000000000000000000e+00
0.000000000000000000e+00
0.000000000000000000e+00
0.000000000000000000e+00
0.000000000000000000e+00
0.000000000000000000e+00
5.349000000000000421e-01
0.000000000000000000e+00
0.000000000000000000e+00
4.531000000000000028e-01
0.000000000000000000e+00
0.000000000000000000e+00
4.109900000000000220e-01
0.000000000000000000e+00
0.000000000000000000e+00
0.000000000000000000e+00
5.389800000000000146e-01
0.000000000000000000e+00
0.000000000000000000e+00
0.000000000000000000e+00
0.000000000000000000e+00
5.141700000000000159e-01
0.000000000000000000e+00
0.000000000000000000e+00
5.287899999999999823e-01
0.000000000000000000e+00
0.000000000000000000e+00
0.000000000000000000e+00
5.369000000000000439e-01
0.000000000000000000e+00
0.000000000000000000e+00
0.000000000000000000e+00
4.417800000000000060e-01
0.000000000000000000e+00
0.000000000000000000e+00
5.718400000000000150e-01
0.000000000000000000e+00
4.408199999999999896e-01
0.000000000000000000e+00
4.528599999999999848e-01
0.000000000000000000e+00
0.000000000000000000e+00
0.000000000000000000e+00
5.072600000000000442e-01
0.000000000000000000e+00
5.864200000000000523e-01
0.000000000000000000e+00
0.000000000000000000e+00
0.000000000000000000e+00
0.000000000000000000e+00
5.231599999999999584e-01
0.000000000000000000e+00
0.000000000000000000e+00
0.000000000000000000e+00
0.000000000000000000e+00
5.017099999999999893e-01
0.000000000000000000e+00
0.000000000000000000e+00
5.915799999999999947e-01
0.000000000000000000e+00
5.384299999999999642e-01
0.000000000000000000e+00
3.890700000000000269e-01
0.000000000000000000e+00
0.000000000000000000e+00
0.000000000000000000e+00
0.000000000000000000e+00
4.528200000000000003e-01
0.000000000000000000e+00
0.000000000000000000e+00
4.787600000000000189e-01
0.000000000000000000e+00
0.000000000000000000e+00
8.362399999999999833e-01
0.000000000000000000e+00
0.000000000000000000e+00
4.794999999999999818e-01
0.000000000000000000e+00
0.000000000000000000e+00
4.286400000000000210e-01
0.000000000000000000e+00
0.000000000000000000e+00
5.859799999999999454e-01
0.000000000000000000e+00
0.000000000000000000e+00
0.000000000000000000e+00
0.000000000000000000e+00
0.000000000000000000e+00
0.000000000000000000e+00
4.389399999999999968e-01
0.000000000000000000e+00
0.000000000000000000e+00
0.000000000000000000e+00
0.000000000000000000e+00
5.417399999999999993e-01
0.000000000000000000e+00
0.000000000000000000e+00
0.000000000000000000e+00
5.848999999999999755e-01
0.000000000000000000e+00
0.000000000000000000e+00
4.830699999999999994e-01
0.000000000000000000e+00
6.520200000000000440e-01
0.000000000000000000e+00
0.000000000000000000e+00
6.985500000000000043e-01
0.000000000000000000e+00
0.000000000000000000e+00
3.994599999999999818e-01
0.000000000000000000e+00
0.000000000000000000e+00
0.000000000000000000e+00
0.000000000000000000e+00
0.000000000000000000e+00
4.371700000000000030e-01
0.000000000000000000e+00
6.599099999999999966e-01
0.000000000000000000e+00
4.666399999999999992e-01
0.000000000000000000e+00
8.811600000000000543e-01
0.000000000000000000e+00
0.000000000000000000e+00
4.202400000000000024e-01
0.000000000000000000e+00
0.000000000000000000e+00
5.052499999999999769e-01
0.000000000000000000e+00
0.000000000000000000e+00
7.055599999999999650e-01
0.000000000000000000e+00
0.000000000000000000e+00
0.000000000000000000e+00
0.000000000000000000e+00
4.733899999999999775e-01
0.000000000000000000e+00
0.000000000000000000e+00
0.000000000000000000e+00
5.761699999999999600e-01
0.000000000000000000e+00
6.638800000000000257e-01
0.000000000000000000e+00
0.000000000000000000e+00
0.000000000000000000e+00
4.937599999999999767e-01
0.000000000000000000e+00
7.461799999999999544e-01
0.000000000000000000e+00
0.000000000000000000e+00
0.000000000000000000e+00
5.261400000000000521e-01
0.000000000000000000e+00
4.638900000000000245e-01
0.000000000000000000e+00
0.000000000000000000e+00
0.000000000000000000e+00
0.000000000000000000e+00
0.000000000000000000e+00
5.231200000000000294e-01
0.000000000000000000e+00
5.966099999999999737e-01
0.000000000000000000e+00
0.000000000000000000e+00
0.000000000000000000e+00
4.804999999999999827e-01
0.000000000000000000e+00
5.820800000000000418e-01
0.000000000000000000e+00
0.000000000000000000e+00
0.000000000000000000e+00
0.000000000000000000e+00
0.000000000000000000e+00
0.000000000000000000e+00
5.698900000000000077e-01
0.000000000000000000e+00
0.000000000000000000e+00
0.000000000000000000e+00
5.030799999999999716e-01
0.000000000000000000e+00
0.000000000000000000e+00
0.000000000000000000e+00
3.901399999999999868e-01
0.000000000000000000e+00
0.000000000000000000e+00
5.555999999999999828e-01
0.000000000000000000e+00
0.000000000000000000e+00
4.387699999999999934e-01
0.000000000000000000e+00
6.177799999999999958e-01
0.000000000000000000e+00
0.000000000000000000e+00
4.515500000000000069e-01
0.000000000000000000e+00
0.000000000000000000e+00
0.000000000000000000e+00
0.000000000000000000e+00
4.706899999999999973e-01
0.000000000000000000e+00
4.907299999999999995e-01
0.000000000000000000e+00
0.000000000000000000e+00
0.000000000000000000e+00
0.000000000000000000e+00
5.014399999999999968e-01
0.000000000000000000e+00
0.000000000000000000e+00
0.000000000000000000e+00
5.274299999999999544e-01
0.000000000000000000e+00
5.744099999999999762e-01
0.000000000000000000e+00
0.000000000000000000e+00
0.000000000000000000e+00
0.000000000000000000e+00
4.544400000000000106e-01
0.000000000000000000e+00
0.000000000000000000e+00
0.000000000000000000e+00
0.000000000000000000e+00
0.000000000000000000e+00
4.299600000000000088e-01
0.000000000000000000e+00
0.000000000000000000e+00
0.000000000000000000e+00
0.000000000000000000e+00
5.627600000000000380e-01
0.000000000000000000e+00
0.000000000000000000e+00
5.442299999999999915e-01
0.000000000000000000e+00
4.612700000000000133e-01
0.000000000000000000e+00
0.000000000000000000e+00
4.325200000000000156e-01
0.000000000000000000e+00
0.000000000000000000e+00
5.095399999999999929e-01
0.000000000000000000e+00
0.000000000000000000e+00
0.000000000000000000e+00
0.000000000000000000e+00
5.836000000000000076e-01
0.000000000000000000e+00
4.556299999999999795e-01
0.000000000000000000e+00
0.000000000000000000e+00
4.482200000000000073e-01
0.000000000000000000e+00
0.000000000000000000e+00
4.594599999999999795e-01
0.000000000000000000e+00
0.000000000000000000e+00
0.000000000000000000e+00
5.254299999999999526e-01
0.000000000000000000e+00
4.650099999999999789e-01
0.000000000000000000e+00
0.000000000000000000e+00
4.564099999999999824e-01
0.000000000000000000e+00
4.113700000000000134e-01
0.000000000000000000e+00
5.414299999999999669e-01
0.000000000000000000e+00
4.949999999999999956e-01
0.000000000000000000e+00
0.000000000000000000e+00
0.000000000000000000e+00
0.000000000000000000e+00
5.398699999999999610e-01
0.000000000000000000e+00
0.000000000000000000e+00
5.936599999999999655e-01
0.000000000000000000e+00
0.000000000000000000e+00
0.000000000000000000e+00
0.000000000000000000e+00
0.000000000000000000e+00
0.000000000000000000e+00
0.000000000000000000e+00
0.000000000000000000e+00
0.000000000000000000e+00
0.000000000000000000e+00
0.000000000000000000e+00
0.000000000000000000e+00
0.000000000000000000e+00
