0.000000000000000000e+00
0.000000000000000000e+00
0.000000000000000000e+00
0.000000000000000000e+00
0.000000000000000000e+00
0.000000000000000000e+00
0.000000000000000000e+00
0.000000000000000000e+00
0.000000000000000000e+00
0.000000000000000000e+00
1.215529999999999999e+00
0.000000000000000000e+00
8.436900000000000510e-01
0.000000000000000000e+00
0.000000000000000000e+00
5.841600000000000126e-01
0.000000000000000000e+00
0.000000000000000000e+00
7.612900000000000222e-01
0.000000000000000000e+00
7.468000000000000194e-01
0.000000000000000000e+00
0.000000000000000000e+00
0.000000000000000000e+00
7.684900000000000064e-01
0.000000000000000000e+00
0.000000000000000000e+00
0.000000000000000000e+00
8.376900000000000457e-01
0.000000000000000000e+00
0.000000000000000000e+00
5.663700000000000401e-01
0.000000000000000000e+00
0.000000000000000000e+00
0.000000000000000000e+00
6.975200000000000289e-01
0.000000000000000000e+00
6.434900000000000064e-01
0.000000000000000000e+00
0.000000000000000000e+00
6.166899999999999604e-01
0.000000000000000000e+00
5.413499999999999979e-01
0.000000000000000000e+00
5.544099999999999584e-01
0.000000000000000000e+00
0.000000000000000000e+00
0.000000000000000000e+00
0.000000000000000000e+00
6.468399999999999705e-01
0.000000000000000000e+00
0.000000000000000000e+00
0.000000000000000000e+00
6.358200000000000518e-01
0.000000000000000000e+00
6.222600000000000353e-01
0.000000000000000000e+00
0.000000000000000000e+00
4.993400000000000061e-01
0.000000000000000000e+00
0.000000000000000000e+00
0.000000000000000000e+00
5.034399999999999986e-01
0.000000000000000000e+00
0.000000000000000000e+00
0.000000000000000000e+00
5.353900000000000325e-01
0.000000000000000000e+00
0.000000000000000000e+00
0.000000000000000000e+00
0.000000000000000000e+00
0.000000000000000000e+00
0.000000000000000000e+00
4.748100000000000098e-01
0.000000000000000000e+00
0.000000000000000000e+00
0.000000000000000000e+00
4.822799999999999865e-01
0.000000000000000000e+00
0.000000000000000000e+00
0.000000000000000000e+00
5.705099999999999616e-01
0.000000000000000000e+00
0.000000000000000000e+00
5.519800000000000262e-01
0.000000000000000000e+00
5.879400000000000182e-01
0.000000000000000000e+00
0.000000000000000000e+00
0.000000000000000000e+00
4.932699999999999863e-01
0.000000000000000000e+00
0.000000000000000000e+00
0.000000000000000000e+00
0.000000000000000000e+00
5.117399999999999727e-01
0.000000000000000000e+00
0.000000000000000000e+00
0.000000000000000000e+00
0.000000000000000000e+00
0.000000000000000000e+00
5.034300000000000441e-01
0.000000000000000000e+00
0.000000000000000000e+00
0.000000000000000000e+00
0.000000000000000000e+00
5.707299999999999596e-01
0.000000000000000000e+00
0.000000000000000000e+00
0.000000000000000000e+00
0.000000000000000000e+00
6.365199999999999747e-01
0.000000000000000000e+00
5.210099999999999731e-01
0.000000000000000000e+00
4.703399999999999803e-01
0.000000000000000000e+00
0.000000000000000000e+00
0.000000000000000000e+00
5.273700000000000054e-01
0.000000000000000000e+00
0.000000000000000000e+00
5.321599999999999664e-01
0.000000000000000000e+00
0.000000000000000000e+00
0.000000000000000000e+00
5.228099999999999969e-01
0.000000000000000000e+00
0.000000000000000000e+00
5.359300000000000175e-01
0.000000000000000000e+00
0.000000000000000000e+00
0.000000000000000000e+00
5.580800000000000205e-01
0.000000000000000000e+00
0.000000000000000000e+00
5.164400000000000102e-01
0.000000000000000000e+00
0.000000000000000000e+00
0.000000000000000000e+00
6.620200000000000529e-01
0.000000000000000000e+00
0.000000000000000000e+00
0.000000000000000000e+00
0.000000000000000000e+00
5.668299999999999450e-01
0.000000000000000000e+00
0.000000000000000000e+00
0.000000000000000000e+00
6.104000000000000536e-01
0.000000000000000000e+00
0.000000000000000000e+00
0.000000000000000000e+00
7.025599999999999623e-01
0.000000000000000000e+00
0.000000000000000000e+00
0.000000000000000000e+00
0.000000000000000000e+00
5.360700000000000465e-01
0.000000000000000000e+00
0.000000000000000000e+00
6.397500000000000409e-01
0.000000000000000000e+00
0.000000000000000000e+00
0.000000000000000000e+00
0.000000000000000000e+00
5.104499999999999593e-01
0.000000000000000000e+00
0.000000000000000000e+00
0.000000000000000000e+00
6.022399999999999975e-01
0.000000000000000000e+00
4.966400000000000259e-01
0.000000000000000000e+00
0.000000000000000000e+00
0.000000000000000000e+00
6.877199999999999980e-01
0.000000000000000000e+00
0.000000000000000000e+00
6.229900000000000437e-01
0.000000000000000000e+00
0.000000000000000000e+00
5.742599999999999927e-01
0.000000000000000000e+00
0.000000000000000000e+00
5.347600000000000131e-01
0.000000000000000000e+00
0.000000000000000000e+00
0.000000000000000000e+00
6.643799999999999706e-01
0.000000000000000000e+00
0.000000000000000000e+00
0.000000000000000000e+00
6.144600000000000062e-01
0.000000000000000000e+00
0.000000000000000000e+00
0.000000000000000000e+00
0.000000000000000000e+00
5.035800000000000276e-01
0.000000000000000000e+00
5.856900000000000439e-01
0.000000000000000000e+00
0.000000000000000000e+00
5.554599999999999538e-01
0.000000000000000000e+00
6.433900000000000174e-01
0.000000000000000000e+00
0.000000000000000000e+00
0.000000000000000000e+00
0.000000000000000000e+00
0.000000000000000000e+00
0.000000000000000000e+00
6.370700000000000252e-01
0.000000000000000000e+00
0.000000000000000000e+00
0.000000000000000000e+00
0.000000000000000000e+00
6.202800000000000535e-01
0.000000000000000000e+00
0.000000000000000000e+00
0.000000000000000000e+00
0.000000000000000000e+00
5.423499999999999988e-01
0.000000000000000000e+00
0.000000000000000000e+00
0.000000000000000000e+00
9.408400000000000096e-01
0.000000000000000000e+00
0.000000000000000000e+00
6.171999999999999709e-01
0.000000000000000000e+00
6.226500000000000368e-01
0.000000000000000000e+00
0.000000000000000000e+00
0.000000000000000000e+00
0.000000000000000000e+00
0.000000000000000000e+00
0.000000000000000000e+00
0.000000000000000000e+00
6.743299999999999850e-01
0.000000000000000000e+00
0.000000000000000000e+00
5.183299999999999574e-01
0.000000000000000000e+00
0.000000000000000000e+00
6.056599999999999762e-01
0.000000000000000000e+00
0.000000000000000000e+00
6.703099999999999614e-01
0.000000000000000000e+00
6.188299999999999912e-01
0.000000000000000000e+00
0.000000000000000000e+00
0.000000000000000000e+00
8.483800000000000230e-01
0.000000000000000000e+00
0.000000000000000000e+00
0.000000000000000000e+00
0.000000000000000000e+00
9.764599999999999946e-01
0.000000000000000000e+00
0.000000000000000000e+00
0.000000000000000000e+00
5.558999999999999497e-01
0.000000000000000000e+00
0.000000000000000000e+00
5.611899999999999666e-01
0.000000000000000000e+00
0.000000000000000000e+00
6.850899999999999768e-01
0.000000000000000000e+00
0.000000000000000000e+00
4.927400000000000113e-01
0.000000000000000000e+00
0.000000000000000000e+00
0.000000000000000000e+00
0.000000000000000000e+00
5.516699999999999937e-01
0.000000000000000000e+00
0.000000000000000000e+00
7.396500000000000297e-01
0.000000000000000000e+00
0.000000000000000000e+00
0.000000000000000000e+00
6.440700000000000314e-01
0.000000000000000000e+00
0.000000000000000000e+00
5.369899999999999674e-01
0.000000000000000000e+00
0.000000000000000000e+00
0.000000000000000000e+00
0.000000000000000000e+00
6.032899999999999929e-01
0.000000000000000000e+00
0.000000000000000000e+00
0.000000000000000000e+00
0.000000000000000000e+00
0.000000000000000000e+00
5.843699999999999450e-01
0.000000000000000000e+00
5.914399999999999658e-01
0.000000000000000000e+00
0.000000000000000000e+00
0.000000000000000000e+00
0.000000000000000000e+00
0.000000000000000000e+00
0.000000000000000000e+00
0.000000000000000000e+00
0.000000000000000000e+00
0.000000000000000000e+00
0.000000000000000000e+00
0.000000000000000000e+00
0.000000000000000000e+00
0.000000000000000000e+00
0.000000000000000000e+00
0.000000000000000000e+00
0.000000000000000000e+00
0.000000000000000000e+00
0.000000000000000000e+00
0.000000000000000000e+00
0.000000000000000000e+00
0.000000000000000000e+00
0.000000000000000000e+00
0.000000000000000000e+00
0.000000000000000000e+00
0.000000000000000000e+00
0.000000000000000000e+00
5.203499999999999792e-01
0.000000000000000000e+00
0.000000000000000000e+00
5.498699999999999699e-01
0.000000000000000000e+00
5.188399999999999679e-01
0.000000000000000000e+00
0.000000000000000000e+00
0.000000000000000000e+00
0.000000000000000000e+00
5.296300000000000452e-01
0.000000000000000000e+00
5.765799999999999814e-01
0.000000000000000000e+00
0.000000000000000000e+00
7.596199999999999619e-01
0.000000000000000000e+00
0.000000000000000000e+00
0.000000000000000000e+00
6.136300000000000088e-01
0.000000000000000000e+00
0.000000000000000000e+00
9.665300000000000002e-01
0.000000000000000000e+00
0.000000000000000000e+00
0.000000000000000000e+00
5.406499999999999639e-01
0.000000000000000000e+00
6.031400000000000095e-01
0.000000000000000000e+00
0.000000000000000000e+00
0.000000000000000000e+00
1.177110000000000101e+00
0.000000000000000000e+00
5.676099999999999479e-01
0.000000000000000000e+00
5.777099999999999458e-01
0.000000000000000000e+00
0.000000000000000000e+00
0.000000000000000000e+00
0.000000000000000000e+00
7.205799999999999983e-01
0.000000000000000000e+00
0.000000000000000000e+00
0.000000000000000000e+00
0.000000000000000000e+00
5.964899999999999647e-01
0.000000000000000000e+00
6.545199999999999907e-01
0.000000000000000000e+00
1.355019999999999891e+00
0.000000000000000000e+00
8.924100000000000366e-01
0.000000000000000000e+00
0.000000000000000000e+00
0.000000000000000000e+00
5.712800000000000100e-01
0.000000000000000000e+00
5.188599999999999879e-01
0.000000000000000000e+00
0.000000000000000000e+00
0.000000000000000000e+00
5.363200000000000189e-01
0.000000000000000000e+00
0.000000000000000000e+00
9.940099999999999492e-01
0.000000000000000000e+00
1.053530000000000078e+00
0.000000000000000000e+00
0.000000000000000000e+00
7.802499999999999991e-01
0.000000000000000000e+00
0.000000000000000000e+00
5.873099999999999987e-01
0.000000000000000000e+00
0.000000000000000000e+00
6.037299999999999889e-01
0.000000000000000000e+00
0.000000000000000000e+00
0.000000000000000000e+00
0.000000000000000000e+00
0.000000000000000000e+00
0.000000000000000000e+00
6.764599999999999502e-01
0.000000000000000000e+00
0.000000000000000000e+00
7.534499999999999531e-01
0.000000000000000000e+00
1.096370000000000067e+00
0.000000000000000000e+00
5.486999999999999655e-01
0.000000000000000000e+00
6.219000000000000083e-01
0.000000000000000000e+00
0.000000000000000000e+00
0.000000000000000000e+00
0.000000000000000000e+00
5.972699999999999676e-01
0.000000000000000000e+00
0.000000000000000000e+00
7.860500000000000265e-01
0.000000000000000000e+00
0.000000000000000000e+00
6.722799999999999887e-01
0.000000000000000000e+00
0.000000000000000000e+00
0.000000000000000000e+00
0.000000000000000000e+00
0.000000000000000000e+00
5.366699999999999804e-01
0.000000000000000000e+00
5.601899999999999658e-01
0.000000000000000000e+00
4.991900000000000226e-01
0.000000000000000000e+00
9.246900000000000119e-01
0.000000000000000000e+00
6.207000000000000295e-01
0.000000000000000000e+00
0.000000000000000000e+00
6.320400000000000462e-01
0.000000000000000000e+00
0.000000000000000000e+00
0.000000000000000000e+00
7.671000000000000041e-01
0.000000000000000000e+00
0.000000000000000000e+00
0.000000000000000000e+00
0.000000000000000000e+00
5.125899999999999901e-01
0.000000000000000000e+00
0.000000000000000000e+00
5.887499999999999956e-01
0.000000000000000000e+00
0.000000000000000000e+00
0.000000000000000000e+00
5.837799999999999656e-01
0.000000000000000000e+00
0.000000000000000000e+00
0.000000000000000000e+00
0.000000000000000000e+00
0.000000000000000000e+00
1.039369999999999905e+00
0.000000000000000000e+00
7.753999999999999782e-01
0.000000000000000000e+00
0.000000000000000000e+00
0.000000000000000000e+00
8.531800000000000495e-01
0.000000000000000000e+00
0.000000000000000000e+00
6.395199999999999774e-01
0.000000000000000000e+00
5.385799999999999477e-01
0.000000000000000000e+00
0.000000000000000000e+00
5.071400000000000352e-01
0.000000000000000000e+00
0.000000000000000000e+00
7.220699999999999896e-01
0.000000000000000000e+00
1.195100000000000051e+00
0.000000000000000000e+00
0.000000000000000000e+00
0.000000000000000000e+00
6.568199999999999594e-01
0.000000000000000000e+00
0.000000000000000000e+00
0.000000000000000000e+00
1.043339999999999934e+00
0.000000000000000000e+00
0.000000000000000000e+00
0.000000000000000000e+00
8.467700000000000227e-01
0.000000000000000000e+00
0.000000000000000000e+00
0.000000000000000000e+00
0.000000000000000000e+00
0.000000000000000000e+00
1.258210000000000051e+00
0.000000000000000000e+00
7.584300000000000486e-01
0.000000000000000000e+00
6.312200000000000033e-01
0.000000000000000000e+00
9.822100000000000275e-01
0.000000000000000000e+00
0.000000000000000000e+00
0.000000000000000000e+00
0.000000000000000000e+00
0.000000000000000000e+00
0.000000000000000000e+00
6.915499999999999980e-01
0.000000000000000000e+00
0.000000000000000000e+00
0.000000000000000000e+00
5.751699999999999591e-01
0.000000000000000000e+00
0.000000000000000000e+00
6.068000000000000060e-01
0.000000000000000000e+00
7.794900000000000162e-01
0.000000000000000000e+00
0.000000000000000000e+00
0.000000000000000000e+00
0.000000000000000000e+00
4.965399999999999814e-01
0.000000000000000000e+00
0.000000000000000000e+00
0.000000000000000000e+00
1.937840000000000007e+00
0.000000000000000000e+00
5.182999999999999829e-01
0.000000000000000000e+00
0.000000000000000000e+00
5.407100000000000239e-01
0.000000000000000000e+00
0.000000000000000000e+00
5.332200000000000273e-01
0.000000000000000000e+00
5.626799999999999580e-01
0.000000000000000000e+00
0.000000000000000000e+00
0.000000000000000000e+00
0.000000000000000000e+00
8.864699999999999802e-01
0.000000000000000000e+00
0.000000000000000000e+00
0.000000000000000000e+00
0.000000000000000000e+00
6.488699999999999468e-01
0.000000000000000000e+00
1.090260000000000007e+00
0.000000000000000000e+00
0.000000000000000000e+00
0.000000000000000000e+00
0.000000000000000000e+00
5.439100000000000046e-01
0.000000000000000000e+00
0.000000000000000000e+00
5.385999999999999677e-01
0.000000000000000000e+00
0.000000000000000000e+00
0.000000000000000000e+00
6.077399999999999469e-01
0.000000000000000000e+00
0.000000000000000000e+00
1.922009999999999996e+00
0.000000000000000000e+00
0.000000000000000000e+00
5.291500000000000092e-01
0.000000000000000000e+00
0.000000000000000000e+00
5.078500000000000236e-01
0.000000000000000000e+00
0.000000000000000000e+00
0.000000000000000000e+00
7.461200000000000054e-01
0.000000000000000000e+00
0.000000000000000000e+00
0.000000000000000000e+00
0.000000000000000000e+00
1.033150000000000013e+00
0.000000000000000000e+00
0.000000000000000000e+00
0.000000000000000000e+00
0.000000000000000000e+00
0.000000000000000000e+00
0.000000000000000000e+00
0.000000000000000000e+00
0.000000000000000000e+00
0.000000000000000000e+00
0.000000000000000000e+00
0.000000000000000000e+00
0.000000000000000000e+00
0.000000000000000000e+00
0.000000000000000000e+00
0.000000000000000000e+00
0.000000000000000000e+00
0.000000000000000000e+00
0.000000000000000000e+00
0.000000000000000000e+00
0.000000000000000000e+00
0.000000000000000000e+00
0.000000000000000000e+00
0.000000000000000000e+00
0.000000000000000000e+00
4.943299999999999916e-01
0.000000000000000000e+00
0.000000000000000000e+00
0.000000000000000000e+00
5.123199999999999976e-01
0.000000000000000000e+00
0.000000000000000000e+00
0.000000000000000000e+00
9.926899999999999613e-01
0.000000000000000000e+00
0.000000000000000000e+00
0.000000000000000000e+00
0.000000000000000000e+00
6.380400000000000515e-01
0.000000000000000000e+00
0.000000000000000000e+00
0.000000000000000000e+00
0.000000000000000000e+00
6.224600000000000133e-01
0.000000000000000000e+00
0.000000000000000000e+00
5.554000000000000048e-01
0.000000000000000000e+00
0.000000000000000000e+00
6.441299999999999804e-01
0.000000000000000000e+00
0.000000000000000000e+00
0.000000000000000000e+00
0.000000000000000000e+00
0.000000000000000000e+00
0.000000000000000000e+00
6.506600000000000161e-01
0.000000000000000000e+00
6.593200000000000172e-01
0.000000000000000000e+00
0.000000000000000000e+00
5.385100000000000442e-01
0.000000000000000000e+00
0.000000000000000000e+00
6.608199999999999630e-01
0.000000000000000000e+00
0.000000000000000000e+00
5.306300000000000461e-01
0.000000000000000000e+00
0.000000000000000000e+00
0.000000000000000000e+00
8.358799999999999564e-01
0.000000000000000000e+00
0.000000000000000000e+00
0.000000000000000000e+00
0.000000000000000000e+00
8.688799999999999857e-01
0.000000000000000000e+00
0.000000000000000000e+00
1.534720000000000084e+00
0.000000000000000000e+00
7.262999999999999456e-01
0.000000000000000000e+00
0.000000000000000000e+00
0.000000000000000000e+00
5.949400000000000244e-01
0.000000000000000000e+00
0.000000000000000000e+00
5.605099999999999527e-01
0.000000000000000000e+00
6.784400000000000430e-01
0.000000000000000000e+00
6.254600000000000160e-01
0.000000000000000000e+00
0.000000000000000000e+00
5.757900000000000240e-01
0.000000000000000000e+00
0.000000000000000000e+00
0.000000000000000000e+00
0.000000000000000000e+00
5.921100000000000252e-01
0.000000000000000000e+00
0.000000000000000000e+00
6.699199999999999600e-01
0.000000000000000000e+00
0.000000000000000000e+00
0.000000000000000000e+00
0.000000000000000000e+00
5.960800000000000542e-01
0.000000000000000000e+00
0.000000000000000000e+00
0.000000000000000000e+00
5.793500000000000316e-01
0.000000000000000000e+00
0.000000000000000000e+00
0.000000000000000000e+00
8.228900000000000103e-01
0.000000000000000000e+00
5.864399999999999613e-01
0.000000000000000000e+00
0.000000000000000000e+00
0.000000000000000000e+00
0.000000000000000000e+00
5.712599999999999900e-01
0.000000000000000000e+00
1.004229999999999956e+00
0.000000000000000000e+00
0.000000000000000000e+00
0.000000000000000000e+00
0.000000000000000000e+00
0.000000000000000000e+00
6.504799999999999471e-01
0.000000000000000000e+00
0.000000000000000000e+00
0.000000000000000000e+00
5.349800000000000111e-01
0.000000000000000000e+00
1.242029999999999967e+00
0.000000000000000000e+00
0.000000000000000000e+00
5.908600000000000518e-01
0.000000000000000000e+00
1.110460000000000003e+00
0.000000000000000000e+00
1.221970000000000001e+00
0.000000000000000000e+00
0.000000000000000000e+00
6.428899999999999615e-01
0.000000000000000000e+00
0.000000000000000000e+00
0.000000000000000000e+00
0.000000000000000000e+00
1.935789999999999900e+00
0.000000000000000000e+00
1.090649999999999897e+00
0.000000000000000000e+00
0.000000000000000000e+00
0.000000000000000000e+00
5.957099999999999618e-01
0.000000000000000000e+00
0.000000000000000000e+00
0.000000000000000000e+00
0.000000000000000000e+00
6.972800000000000109e-01
0.000000000000000000e+00
0.000000000000000000e+00
6.951300000000000257e-01
0.000000000000000000e+00
0.000000000000000000e+00
6.298700000000000410e-01
0.000000000000000000e+00
0.000000000000000000e+00
0.000000000000000000e+00
0.000000000000000000e+00
6.060999999999999721e-01
0.000000000000000000e+00
0.000000000000000000e+00
0.000000000000000000e+00
8.546000000000000263e-01
0.000000000000000000e+00
0.000000000000000000e+00
0.000000000000000000e+00
0.000000000000000000e+00
1.454530000000000101e+00
0.000000000000000000e+00
0.000000000000000000e+00
0.000000000000000000e+00
0.000000000000000000e+00
8.428099999999999481e-01
0.000000000000000000e+00
6.573900000000000299e-01
0.000000000000000000e+00
0.000000000000000000e+00
0.000000000000000000e+00
6.156599999999999850e-01
0.000000000000000000e+00
0.000000000000000000e+00
0.000000000000000000e+00
1.068119999999999958e+00
0.000000000000000000e+00
0.000000000000000000e+00
0.000000000000000000e+00
0.000000000000000000e+00
5.335800000000000542e-01
0.000000000000000000e+00
6.024699999999999500e-01
0.000000000000000000e+00
0.000000000000000000e+00
5.483299999999999841e-01
0.000000000000000000e+00
0.000000000000000000e+00
0.000000000000000000e+00
6.192800000000000527e-01
0.000000000000000000e+00
0.000000000000000000e+00
0.000000000000000000e+00
0.000000000000000000e+00
0.000000000000000000e+00
6.635699999999999932e-01
0.000000000000000000e+00
0.000000000000000000e+00
0.000000000000000000e+00
0.000000000000000000e+00
1.238339999999999996e+00
0.000000000000000000e+00
0.000000000000000000e+00
6.082499999999999574e-01
0.000000000000000000e+00
0.000000000000000000e+00
0.000000000000000000e+00
8.121899999999999675e-01
0.000000000000000000e+00
6.307700000000000529e-01
0.000000000000000000e+00
1.402859999999999996e+00
0.000000000000000000e+00
0.000000000000000000e+00
0.000000000000000000e+00
7.890599999999999836e-01
0.000000000000000000e+00
0.000000000000000000e+00
7.226599999999999691e-01
0.000000000000000000e+00
0.000000000000000000e+00
0.000000000000000000e+00
5.232999999999999874e-01
0.000000000000000000e+00
0.000000000000000000e+00
0.000000000000000000e+00
5.894300000000000095e-01
0.000000000000000000e+00
1.003009999999999957e+00
0.000000000000000000e+00
1.193159999999999998e+00
0.000000000000000000e+00
9.436499999999999888e-01
0.000000000000000000e+00
0.000000000000000000e+00
1.935270000000000046e+00
0.000000000000000000e+00
0.000000000000000000e+00
6.365899999999999892e-01
0.000000000000000000e+00
0.000000000000000000e+00
0.000000000000000000e+00
0.000000000000000000e+00
7.389599999999999502e-01
0.000000000000000000e+00
0.000000000000000000e+00
0.000000000000000000e+00
9.327299999999999480e-01
0.000000000000000000e+00
0.000000000000000000e+00
1.932520000000000016e+00
0.000000000000000000e+00
7.854900000000000215e-01
0.000000000000000000e+00
0.000000000000000000e+00
0.000000000000000000e+00
0.000000000000000000e+00
6.118900000000000450e-01
0.000000000000000000e+00
0.000000000000000000e+00
5.455699999999999994e-01
0.000000000000000000e+00
0.000000000000000000e+00
0.000000000000000000e+00
8.987600000000000033e-01
0.000000000000000000e+00
0.000000000000000000e+00
6.881500000000000394e-01
0.000000000000000000e+00
0.000000000000000000e+00
1.444499999999999895e+00
0.000000000000000000e+00
0.000000000000000000e+00
0.000000000000000000e+00
5.160099999999999687e-01
0.000000000000000000e+00
0.000000000000000000e+00
4.928100000000000258e-01
0.000000000000000000e+00
0.000000000000000000e+00
0.000000000000000000e+00
5.267199999999999660e-01
0.000000000000000000e+00
0.000000000000000000e+00
0.000000000000000000e+00
0.000000000000000000e+00
0.000000000000000000e+00
0.000000000000000000e+00
0.000000000000000000e+00
0.000000000000000000e+00
0.000000000000000000e+00
0.000000000000000000e+00
0.000000000000000000e+00
0.000000000000000000e+00
0.000000000000000000e+00
0.000000000000000000e+00
0.000000000000000000e+00
0.000000000000000000e+00
0.000000000000000000e+00
0.000000000000000000e+00
0.000000000000000000e+00
0.000000000000000000e+00
0.000000000000000000e+00
5.931699999999999751e-01
0.000000000000000000e+00
0.000000000000000000e+00
0.000000000000000000e+00
6.915499999999999980e-01
0.000000000000000000e+00
6.421900000000000386e-01
0.000000000000000000e+00
0.000000000000000000e+00
5.767099999999999449e-01
0.000000000000000000e+00
0.000000000000000000e+00
0.000000000000000000e+00
5.953000000000000513e-01
0.000000000000000000e+00
0.000000000000000000e+00
6.384400000000000075e-01
0.000000000000000000e+00
0.000000000000000000e+00
6.846600000000000463e-01
0.000000000000000000e+00
0.000000000000000000e+00
5.300099999999999811e-01
0.000000000000000000e+00
0.000000000000000000e+00
0.000000000000000000e+00
1.928819999999999979e+00
0.000000000000000000e+00
0.000000000000000000e+00
5.561500000000000332e-01
0.000000000000000000e+00
8.574899999999999745e-01
0.000000000000000000e+00
0.000000000000000000e+00
0.000000000000000000e+00
7.685800000000000409e-01
0.000000000000000000e+00
0.000000000000000000e+00
5.268000000000000460e-01
0.000000000000000000e+00
0.000000000000000000e+00
0.000000000000000000e+00
6.588100000000000067e-01
0.000000000000000000e+00
6.995400000000000507e-01
0.000000000000000000e+00
0.000000000000000000e+00
0.000000000000000000e+00
5.736099999999999532e-01
0.000000000000000000e+00
0.000000000000000000e+00
0.000000000000000000e+00
0.000000000000000000e+00
7.209400000000000253e-01
0.000000000000000000e+00
0.000000000000000000e+00
6.918199999999999905e-01
0.000000000000000000e+00
0.000000000000000000e+00
0.000000000000000000e+00
5.564099999999999602e-01
0.000000000000000000e+00
0.000000000000000000e+00
0.000000000000000000e+00
6.750500000000000389e-01
0.000000000000000000e+00
1.033670000000000089e+00
0.000000000000000000e+00
6.201699999999999990e-01
0.000000000000000000e+00
5.765299999999999869e-01
0.000000000000000000e+00
0.000000000000000000e+00
0.000000000000000000e+00
1.058759999999999923e+00
0.000000000000000000e+00
0.000000000000000000e+00
0.000000000000000000e+00
6.241700000000000026e-01
0.000000000000000000e+00
0.000000000000000000e+00
0.000000000000000000e+00
7.104099999999999859e-01
0.000000000000000000e+00
5.953500000000000458e-01
0.000000000000000000e+00
0.000000000000000000e+00
0.000000000000000000e+00
5.384600000000000497e-01
0.000000000000000000e+00
0.000000000000000000e+00
0.000000000000000000e+00
0.000000000000000000e+00
0.000000000000000000e+00
0.000000000000000000e+00
5.406999999999999584e-01
0.000000000000000000e+00
5.814799999999999969e-01
0.000000000000000000e+00
5.123299999999999521e-01
0.000000000000000000e+00
4.786099999999999799e-01
0.000000000000000000e+00
0.000000000000000000e+00
0.000000000000000000e+00
0.000000000000000000e+00
1.021390000000000020e+00
0.000000000000000000e+00
0.000000000000000000e+00
9.157499999999999529e-01
0.000000000000000000e+00
1.148560000000000025e+00
0.000000000000000000e+00
9.593500000000000361e-01
0.000000000000000000e+00
0.000000000000000000e+00
0.000000000000000000e+00
1.929410000000000069e+00
0.000000000000000000e+00
0.000000000000000000e+00
5.507499999999999618e-01
0.000000000000000000e+00
0.000000000000000000e+00
5.969799999999999551e-01
0.000000000000000000e+00
0.000000000000000000e+00
5.448100000000000165e-01
0.000000000000000000e+00
5.637400000000000189e-01
0.000000000000000000e+00
0.000000000000000000e+00
8.170100000000000140e-01
0.000000000000000000e+00
0.000000000000000000e+00
0.000000000000000000e+00
8.608200000000000296e-01
0.000000000000000000e+00
6.453699999999999992e-01
0.000000000000000000e+00
0.000000000000000000e+00
8.440800000000000525e-01
0.000000000000000000e+00
0.000000000000000000e+00
6.488099999999999978e-01
0.000000000000000000e+00
0.000000000000000000e+00
5.238000000000000433e-01
0.000000000000000000e+00
5.596400000000000263e-01
0.000000000000000000e+00
0.000000000000000000e+00
0.000000000000000000e+00
0.000000000000000000e+00
5.471500000000000252e-01
0.000000000000000000e+00
0.000000000000000000e+00
0.000000000000000000e+00
0.000000000000000000e+00
0.000000000000000000e+00
6.862599999999999811e-01
0.000000000000000000e+00
0.000000000000000000e+00
0.000000000000000000e+00
7.873299999999999743e-01
0.000000000000000000e+00
0.000000000000000000e+00
0.000000000000000000e+00
0.000000000000000000e+00
0.000000000000000000e+00
1.215870000000000006e+00
0.000000000000000000e+00
0.000000000000000000e+00
5.413099999999999579e-01
0.000000000000000000e+00
5.257800000000000251e-01
0.000000000000000000e+00
0.000000000000000000e+00
0.000000000000000000e+00
0.000000000000000000e+00
7.001199999999999646e-01
0.000000000000000000e+00
0.000000000000000000e+00
6.704400000000000359e-01
0.000000000000000000e+00
6.570000000000000284e-01
0.000000000000000000e+00
5.640300000000000313e-01
0.000000000000000000e+00
0.000000000000000000e+00
5.113400000000000167e-01
0.000000000000000000e+00
0.000000000000000000e+00
1.260399999999999965e+00
0.000000000000000000e+00
0.000000000000000000e+00
0.000000000000000000e+00
9.383599999999999719e-01
0.000000000000000000e+00
1.090710000000000068e+00
0.000000000000000000e+00
0.000000000000000000e+00
5.292000000000000037e-01
0.000000000000000000e+00
0.000000000000000000e+00
0.000000000000000000e+00
6.752299999999999969e-01
0.000000000000000000e+00
0.000000000000000000e+00
0.000000000000000000e+00
0.000000000000000000e+00
9.670900000000000052e-01
0.000000000000000000e+00
6.582200000000000273e-01
0.000000000000000000e+00
0.000000000000000000e+00
0.000000000000000000e+00
9.991999999999999771e-01
0.000000000000000000e+00
0.000000000000000000e+00
9.595500000000000140e-01
0.000000000000000000e+00
0.000000000000000000e+00
0.000000000000000000e+00
7.104700000000000459e-01
0.000000000000000000e+00
0.000000000000000000e+00
0.000000000000000000e+00
6.258000000000000229e-01
0.000000000000000000e+00
7.038499999999999757e-01
0.000000000000000000e+00
0.000000000000000000e+00
5.950499999999999678e-01
0.000000000000000000e+00
0.000000000000000000e+00
0.000000000000000000e+00
5.646400000000000308e-01
0.000000000000000000e+00
0.000000000000000000e+00
0.000000000000000000e+00
0.000000000000000000e+00
6.021600000000000286e-01
0.000000000000000000e+00
1.514049999999999896e+00
0.000000000000000000e+00
6.582299999999999818e-01
0.000000000000000000e+00
5.459699999999999553e-01
0.000000000000000000e+00
0.000000000000000000e+00
5.258899999999999686e-01
0.000000000000000000e+00
0.000000000000000000e+00
0.000000000000000000e+00
6.179999999999999938e-01
0.000000000000000000e+00
0.000000000000000000e+00
6.438300000000000134e-01
0.000000000000000000e+00
0.000000000000000000e+00
0.000000000000000000e+00
0.000000000000000000e+00
0.000000000000000000e+00
0.000000000000000000e+00
0.000000000000000000e+00
0.000000000000000000e+00
0.000000000000000000e+00
0.000000000000000000e+00
0.000000000000000000e+00
0.000000000000000000e+00
0.000000000000000000e+00
0.000000000000000000e+00
0.000000000000000000e+00
0.000000000000000000e+00
0.000000000000000000e+00
0.000000000000000000e+00
0.000000000000000000e+00
0.000000000000000000e+00
0.000000000000000000e+00
1.013360000000000039e+00
0.000000000000000000e+00
0.000000000000000000e+00
0.000000000000000000e+00
0.000000000000000000e+00
7.141999999999999460e-01
0.000000000000000000e+00
5.287500000000000533e-01
0.000000000000000000e+00
0.000000000000000000e+00
0.000000000000000000e+00
0.000000000000000000e+00
6.702099999999999724e-01
0.000000000000000000e+00
6.697499999999999565e-01
0.000000000000000000e+00
0.000000000000000000e+00
0.000000000000000000e+00
7.323499999999999455e-01
0.000000000000000000e+00
0.000000000000000000e+00
0.000000000000000000e+00
8.648599999999999621e-01
0.000000000000000000e+00
0.000000000000000000e+00
0.000000000000000000e+00
0.000000000000000000e+00
0.000000000000000000e+00
5.470500000000000362e-01
0.000000000000000000e+00
0.000000000000000000e+00
5.393299999999999761e-01
0.000000000000000000e+00
0.000000000000000000e+00
0.000000000000000000e+00
0.000000000000000000e+00
7.106200000000000294e-01
0.000000000000000000e+00
0.000000000000000000e+00
0.000000000000000000e+00
1.017230000000000079e+00
0.000000000000000000e+00
0.000000000000000000e+00
7.163399999999999768e-01
0.000000000000000000e+00
5.440000000000000391e-01
0.000000000000000000e+00
0.000000000000000000e+00
0.000000000000000000e+00
0.000000000000000000e+00
8.804499999999999549e-01
0.000000000000000000e+00
0.000000000000000000e+00
0.000000000000000000e+00
0.000000000000000000e+00
0.000000000000000000e+00
0.000000000000000000e+00
8.052700000000000413e-01
0.000000000000000000e+00
0.000000000000000000e+00
0.000000000000000000e+00
7.158900000000000263e-01
0.000000000000000000e+00
0.000000000000000000e+00
5.720600000000000129e-01
0.000000000000000000e+00
0.000000000000000000e+00
6.541799999999999837e-01
0.000000000000000000e+00
0.000000000000000000e+00
0.000000000000000000e+00
0.000000000000000000e+00
0.000000000000000000e+00
5.845900000000000540e-01
0.000000000000000000e+00
0.000000000000000000e+00
1.294529999999999959e+00
0.000000000000000000e+00
0.000000000000000000e+00
5.531800000000000050e-01
0.000000000000000000e+00
0.000000000000000000e+00
0.000000000000000000e+00
5.357399999999999940e-01
0.000000000000000000e+00
5.494999999999999885e-01
0.000000000000000000e+00
5.859799999999999454e-01
0.000000000000000000e+00
5.605099999999999527e-01
0.000000000000000000e+00
0.000000000000000000e+00
0.000000000000000000e+00
0.000000000000000000e+00
7.188299999999999690e-01
0.000000000000000000e+00
6.269900000000000473e-01
0.000000000000000000e+00
0.000000000000000000e+00
0.000000000000000000e+00
7.456800000000000095e-01
0.000000000000000000e+00
0.000000000000000000e+00
5.947599999999999554e-01
0.000000000000000000e+00
0.000000000000000000e+00
5.776900000000000368e-01
0.000000000000000000e+00
0.000000000000000000e+00
0.000000000000000000e+00
5.912500000000000533e-01
0.000000000000000000e+00
0.000000000000000000e+00
0.000000000000000000e+00
0.000000000000000000e+00
0.000000000000000000e+00
5.854800000000000004e-01
0.000000000000000000e+00
0.000000000000000000e+00
0.000000000000000000e+00
1.212120000000000086e+00
0.000000000000000000e+00
5.661300000000000221e-01
0.000000000000000000e+00
0.000000000000000000e+00
6.569700000000000539e-01
0.000000000000000000e+00
0.000000000000000000e+00
0.000000000000000000e+00
0.000000000000000000e+00
0.000000000000000000e+00
8.857800000000000118e-01
0.000000000000000000e+00
0.000000000000000000e+00
6.342799999999999550e-01
0.000000000000000000e+00
0.000000000000000000e+00
0.000000000000000000e+00
5.433599999999999541e-01
0.000000000000000000e+00
0.000000000000000000e+00
0.000000000000000000e+00
0.000000000000000000e+00
5.891600000000000170e-01
0.000000000000000000e+00
1.036210000000000075e+00
0.000000000000000000e+00
0.000000000000000000e+00
6.169499999999999984e-01
0.000000000000000000e+00
0.000000000000000000e+00
0.000000000000000000e+00
0.000000000000000000e+00
5.008200000000000429e-01
0.000000000000000000e+00
0.000000000000000000e+00
0.000000000000000000e+00
0.000000000000000000e+00
0.000000000000000000e+00
0.000000000000000000e+00
0.000000000000000000e+00
1.935100000000000042e+00
0.000000000000000000e+00
5.036599999999999966e-01
0.000000000000000000e+00
4.430499999999999994e-01
0.000000000000000000e+00
5.346499999999999586e-01
0.000000000000000000e+00
4.861800000000000010e-01
0.000000000000000000e+00
0.000000000000000000e+00
9.148399999999999865e-01
0.000000000000000000e+00
0.000000000000000000e+00
0.000000000000000000e+00
0.000000000000000000e+00
0.000000000000000000e+00
6.566499999999999559e-01
0.000000000000000000e+00
5.552399999999999558e-01
0.000000000000000000e+00
4.386599999999999944e-01
0.000000000000000000e+00
0.000000000000000000e+00
0.000000000000000000e+00
9.237199999999999855e-01
0.000000000000000000e+00
9.052900000000000391e-01
0.000000000000000000e+00
0.000000000000000000e+00
0.000000000000000000e+00
6.184399999999999897e-01
0.000000000000000000e+00
6.506399999999999961e-01
0.000000000000000000e+00
0.000000000000000000e+00
0.000000000000000000e+00
0.000000000000000000e+00
5.598400000000000043e-01
0.000000000000000000e+00
0.000000000000000000e+00
0.000000000000000000e+00
0.000000000000000000e+00
0.000000000000000000e+00
0.000000000000000000e+00
5.926799999999999846e-01
0.000000000000000000e+00
0.000000000000000000e+00
0.000000000000000000e+00
1.527339999999999920e+00
0.000000000000000000e+00
0.000000000000000000e+00
7.627199999999999536e-01
0.000000000000000000e+00
0.000000000000000000e+00
0.000000000000000000e+00
7.082600000000000007e-01
0.000000000000000000e+00
0.000000000000000000e+00
8.566500000000000226e-01
0.000000000000000000e+00
0.000000000000000000e+00
0.000000000000000000e+00
0.000000000000000000e+00
0.000000000000000000e+00
5.980499999999999705e-01
0.000000000000000000e+00
5.577900000000000080e-01
0.000000000000000000e+00
0.000000000000000000e+00
9.415700000000000180e-01
0.000000000000000000e+00
0.000000000000000000e+00
0.000000000000000000e+00
0.000000000000000000e+00
6.012600000000000167e-01
0.000000000000000000e+00
0.000000000000000000e+00
0.000000000000000000e+00
0.000000000000000000e+00
5.823500000000000343e-01
0.000000000000000000e+00
0.000000000000000000e+00
5.347899999999999876e-01
0.000000000000000000e+00
5.069500000000000117e-01
0.000000000000000000e+00
5.897499999999999964e-01
0.000000000000000000e+00
5.032100000000000461e-01
0.000000000000000000e+00
5.518100000000000227e-01
0.000000000000000000e+00
0.000000000000000000e+00
7.850599999999999801e-01
0.000000000000000000e+00
0.000000000000000000e+00
5.259000000000000341e-01
0.000000000000000000e+00
0.000000000000000000e+00
5.046800000000000175e-01
0.000000000000000000e+00
0.000000000000000000e+00
5.584799999999999764e-01
0.000000000000000000e+00
0.000000000000000000e+00
0.000000000000000000e+00
5.296899999999999942e-01
0.000000000000000000e+00
6.351900000000000324e-01
0.000000000000000000e+00
0.000000000000000000e+00
5.075300000000000367e-01
0.000000000000000000e+00
0.000000000000000000e+00
5.616600000000000481e-01
0.000000000000000000e+00
0.000000000000000000e+00
0.000000000000000000e+00
0.000000000000000000e+00
5.246399999999999952e-01
0.000000000000000000e+00
0.000000000000000000e+00
0.000000000000000000e+00
0.000000000000000000e+00
0.000000000000000000e+00
0.000000000000000000e+00
0.000000000000000000e+00
0.000000000000000000e+00
0.000000000000000000e+00
0.000000000000000000e+00
0.000000000000000000e+00
0.000000000000000000e+00
0.000000000000000000e+00
0.000000000000000000e+00
0.000000000000000000e+00
0.000000000000000000e+00
0.000000000000000000e+00
0.000000000000000000e+00
0.000000000000000000e+00
0.000000000000000000e+00
0.000000000000000000e+00
0.000000000000000000e+00
0.000000000000000000e+00
6.031199999999999894e-01
0.000000000000000000e+00
0.000000000000000000e+00
7.539799999999999836e-01
0.000000000000000000e+00
0.000000000000000000e+00
5.617100000000000426e-01
0.000000000000000000e+00
0.000000000000000000e+00
0.000000000000000000e+00
6.037000000000000144e-01
0.000000000000000000e+00
0.000000000000000000e+00
0.000000000000000000e+00
0.000000000000000000e+00
5.801500000000000545e-01
0.000000000000000000e+00
0.000000000000000000e+00
5.459000000000000519e-01
0.000000000000000000e+00
0.000000000000000000e+00
0.000000000000000000e+00
5.586100000000000509e-01
0.000000000000000000e+00
0.000000000000000000e+00
0.000000000000000000e+00
5.392200000000000326e-01
0.000000000000000000e+00
0.000000000000000000e+00
5.248199999999999532e-01
0.000000000000000000e+00
6.191299999999999581e-01
0.000000000000000000e+00
5.401700000000000390e-01
0.000000000000000000e+00
0.000000000000000000e+00
0.000000000000000000e+00
5.132299999999999640e-01
0.000000000000000000e+00
6.307700000000000529e-01
0.000000000000000000e+00
0.000000000000000000e+00
0.000000000000000000e+00
0.000000000000000000e+00
6.931500000000000439e-01
0.000000000000000000e+00
0.000000000000000000e+00
0.000000000000000000e+00
0.000000000000000000e+00
6.253800000000000470e-01
0.000000000000000000e+00
0.000000000000000000e+00
6.743599999999999595e-01
0.000000000000000000e+00
5.896900000000000475e-01
0.000000000000000000e+00
7.653900000000000148e-01
0.000000000000000000e+00
0.000000000000000000e+00
0.000000000000000000e+00
0.000000000000000000e+00
1.296459999999999946e+00
0.000000000000000000e+00
0.000000000000000000e+00
5.223200000000000065e-01
0.000000000000000000e+00
0.000000000000000000e+00
5.342999999999999972e-01
0.000000000000000000e+00
0.000000000000000000e+00
5.565299999999999692e-01
0.000000000000000000e+00
0.000000000000000000e+00
5.008299999999999974e-01
0.000000000000000000e+00
0.000000000000000000e+00
6.951899999999999746e-01
0.000000000000000000e+00
0.000000000000000000e+00
0.000000000000000000e+00
0.000000000000000000e+00
0.000000000000000000e+00
0.000000000000000000e+00
5.789999999999999591e-01
0.000000000000000000e+00
0.000000000000000000e+00
0.000000000000000000e+00
0.000000000000000000e+00
4.714099999999999957e-01
0.000000000000000000e+00
0.000000000000000000e+00
0.000000000000000000e+00
6.000199999999999978e-01
0.000000000000000000e+00
0.000000000000000000e+00
5.142600000000000504e-01
0.000000000000000000e+00
5.459000000000000519e-01
0.000000000000000000e+00
0.000000000000000000e+00
5.466400000000000148e-01
0.000000000000000000e+00
0.000000000000000000e+00
5.319500000000000339e-01
0.000000000000000000e+00
0.000000000000000000e+00
0.000000000000000000e+00
0.000000000000000000e+00
0.000000000000000000e+00
8.065700000000000092e-01
0.000000000000000000e+00
5.461799999999999988e-01
0.000000000000000000e+00
5.763099999999999890e-01
0.000000000000000000e+00
5.832399999999999807e-01
0.000000000000000000e+00
0.000000000000000000e+00
5.794799999999999951e-01
0.000000000000000000e+00
0.000000000000000000e+00
6.059900000000000286e-01
0.000000000000000000e+00
0.000000000000000000e+00
1.046839999999999993e+00
0.000000000000000000e+00
0.000000000000000000e+00
0.000000000000000000e+00
0.000000000000000000e+00
8.190499999999999448e-01
0.000000000000000000e+00
0.000000000000000000e+00
0.000000000000000000e+00
6.085500000000000353e-01
0.000000000000000000e+00
4.642800000000000260e-01
0.000000000000000000e+00
0.000000000000000000e+00
0.000000000000000000e+00
6.498599999999999932e-01
0.000000000000000000e+00
6.337899999999999645e-01
0.000000000000000000e+00
0.000000000000000000e+00
0.000000000000000000e+00
6.564600000000000435e-01
0.000000000000000000e+00
6.808699999999999752e-01
0.000000000000000000e+00
0.000000000000000000e+00
0.000000000000000000e+00
0.000000000000000000e+00
0.000000000000000000e+00
5.150400000000000533e-01
0.000000000000000000e+00
4.580899999999999972e-01
0.000000000000000000e+00
0.000000000000000000e+00
0.000000000000000000e+00
5.053900000000000059e-01
0.000000000000000000e+00
4.457099999999999951e-01
0.000000000000000000e+00
0.000000000000000000e+00
0.000000000000000000e+00
0.000000000000000000e+00
0.000000000000000000e+00
0.000000000000000000e+00
6.391900000000000359e-01
0.000000000000000000e+00
0.000000000000000000e+00
0.000000000000000000e+00
6.698399999999999910e-01
0.000000000000000000e+00
0.000000000000000000e+00
0.000000000000000000e+00
7.322899999999999965e-01
0.000000000000000000e+00
0.000000000000000000e+00
1.218660000000000077e+00
0.000000000000000000e+00
0.000000000000000000e+00
4.763499999999999956e-01
0.000000000000000000e+00
5.366300000000000514e-01
0.000000000000000000e+00
0.000000000000000000e+00
6.212100000000000399e-01
0.000000000000000000e+00
0.000000000000000000e+00
0.000000000000000000e+00
0.000000000000000000e+00
5.733399999999999608e-01
0.000000000000000000e+00
5.488699999999999690e-01
0.000000000000000000e+00
0.000000000000000000e+00
0.000000000000000000e+00
0.000000000000000000e+00
6.836299999999999599e-01
0.000000000000000000e+00
0.000000000000000000e+00
0.000000000000000000e+00
6.236399999999999721e-01
0.000000000000000000e+00
5.632599999999999829e-01
0.000000000000000000e+00
0.000000000000000000e+00
0.000000000000000000e+00
0.000000000000000000e+00
5.733300000000000063e-01
0.000000000000000000e+00
0.000000000000000000e+00
0.000000000000000000e+00
0.000000000000000000e+00
0.000000000000000000e+00
6.516999999999999460e-01
0.000000000000000000e+00
0.000000000000000000e+00
0.000000000000000000e+00
0.000000000000000000e+00
8.975800000000000445e-01
0.000000000000000000e+00
0.000000000000000000e+00
8.586599999999999788e-01
0.000000000000000000e+00
5.497800000000000464e-01
0.000000000000000000e+00
0.000000000000000000e+00
6.002699999999999703e-01
0.000000000000000000e+00
0.000000000000000000e+00
5.686400000000000343e-01
0.000000000000000000e+00
0.000000000000000000e+00
0.000000000000000000e+00
0.000000000000000000e+00
6.003600000000000048e-01
0.000000000000000000e+00
7.218999999999999861e-01
0.000000000000000000e+00
0.000000000000000000e+00
7.326200000000000490e-01
0.000000000000000000e+00
0.000000000000000000e+00
6.189099999999999602e-01
0.000000000000000000e+00
0.000000000000000000e+00
0.000000000000000000e+00
7.160900000000000043e-01
0.000000000000000000e+00
6.176599999999999868e-01
0.000000000000000000e+00
0.000000000000000000e+00
4.980399999999999827e-01
0.000000000000000000e+00
5.820300000000000473e-01
0.000000000000000000e+00
6.030799999999999494e-01
0.000000000000000000e+00
6.425300000000000455e-01
0.000000000000000000e+00
0.000000000000000000e+00
0.000000000000000000e+00
0.000000000000000000e+00
8.425899999999999501e-01
0.000000000000000000e+00
0.000000000000000000e+00
5.484099999999999531e-01
0.000000000000000000e+00
0.000000000000000000e+00
0.000000000000000000e+00
0.000000000000000000e+00
0.000000000000000000e+00
0.000000000000000000e+00
0.000000000000000000e+00
0.000000000000000000e+00
0.000000000000000000e+00
0.000000000000000000e+00
0.000000000000000000e+00
0.000000000000000000e+00
0.000000000000000000e+00
