0.000000000000000000e+00
0.000000000000000000e+00
0.000000000000000000e+00
0.000000000000000000e+00
0.000000000000000000e+00
0.000000000000000000e+00
0.000000000000000000e+00
0.000000000000000000e+00
0.000000000000000000e+00
0.000000000000000000e+00
6.587399999999999922e-01
0.000000000000000000e+00
0.000000000000000000e+00
5.770399999999999974e-01
0.000000000000000000e+00
0.000000000000000000e+00
0.000000000000000000e+00
7.236099999999999755e-01
0.000000000000000000e+00
5.277100000000000124e-01
0.000000000000000000e+00
0.000000000000000000e+00
0.000000000000000000e+00
5.338699999999999557e-01
0.000000000000000000e+00
5.523500000000000076e-01
0.000000000000000000e+00
0.000000000000000000e+00
4.405800000000000272e-01
0.000000000000000000e+00
5.171900000000000386e-01
0.000000000000000000e+00
0.000000000000000000e+00
0.000000000000000000e+00
7.723999999999999755e-01
0.000000000000000000e+00
0.000000000000000000e+00
0.000000000000000000e+00
5.259500000000000286e-01
0.000000000000000000e+00
0.000000000000000000e+00
0.000000000000000000e+00
4.209899999999999753e-01
0.000000000000000000e+00
0.000000000000000000e+00
4.297599999999999754e-01
0.000000000000000000e+00
5.328100000000000058e-01
0.000000000000000000e+00
0.000000000000000000e+00
4.217500000000000138e-01
0.000000000000000000e+00
0.000000000000000000e+00
6.153499999999999526e-01
0.000000000000000000e+00
0.000000000000000000e+00
0.000000000000000000e+00
0.000000000000000000e+00
0.000000000000000000e+00
4.711500000000000132e-01
0.000000000000000000e+00
0.000000000000000000e+00
5.349000000000000421e-01
0.000000000000000000e+00
0.000000000000000000e+00
0.000000000000000000e+00
0.000000000000000000e+00
0.000000000000000000e+00
0.000000000000000000e+00
4.829100000000000059e-01
0.000000000000000000e+00
0.000000000000000000e+00
4.956800000000000095e-01
0.000000000000000000e+00
0.000000000000000000e+00
4.316099999999999937e-01
0.000000000000000000e+00
0.000000000000000000e+00
0.000000000000000000e+00
5.796499999999999986e-01
0.000000000000000000e+00
5.920600000000000307e-01
0.000000000000000000e+00
0.000000000000000000e+00
5.093499999999999694e-01
0.000000000000000000e+00
0.000000000000000000e+00
0.000000000000000000e+00
4.654900000000000149e-01
0.000000000000000000e+00
0.000000000000000000e+00
0.000000000000000000e+00
5.440300000000000136e-01
0.000000000000000000e+00
0.000000000000000000e+00
6.089200000000000168e-01
0.000000000000000000e+00
0.000000000000000000e+00
4.916099999999999914e-01
0.000000000000000000e+00
0.000000000000000000e+00
0.000000000000000000e+00
5.041600000000000525e-01
0.000000000000000000e+00
0.000000000000000000e+00
0.000000000000000000e+00
0.000000000000000000e+00
0.000000000000000000e+00
0.000000000000000000e+00
0.000000000000000000e+00
5.784399999999999542e-01
0.000000000000000000e+00
7.161999999999999478e-01
0.000000000000000000e+00
7.176099999999999701e-01
0.000000000000000000e+00
5.658900000000000041e-01
0.000000000000000000e+00
0.000000000000000000e+00
5.309300000000000130e-01
0.000000000000000000e+00
0.000000000000000000e+00
5.267300000000000315e-01
0.000000000000000000e+00
0.000000000000000000e+00
0.000000000000000000e+00
0.000000000000000000e+00
0.000000000000000000e+00
4.718499999999999917e-01
0.000000000000000000e+00
0.000000000000000000e+00
4.113100000000000089e-01
0.000000000000000000e+00
8.736399999999999721e-01
0.000000000000000000e+00
5.836500000000000021e-01
0.000000000000000000e+00
0.000000000000000000e+00
0.000000000000000000e+00
0.000000000000000000e+00
5.705000000000000071e-01
0.000000000000000000e+00
0.000000000000000000e+00
7.308799999999999741e-01
0.000000000000000000e+00
0.000000000000000000e+00
0.000000000000000000e+00
0.000000000000000000e+00
5.098599999999999799e-01
0.000000000000000000e+00
0.000000000000000000e+00
5.490399999999999725e-01
0.000000000000000000e+00
0.000000000000000000e+00
7.924200000000000133e-01
0.000000000000000000e+00
6.048200000000000243e-01
0.000000000000000000e+00
0.000000000000000000e+00
0.000000000000000000e+00
5.348300000000000276e-01
0.000000000000000000e+00
0.000000000000000000e+00
0.000000000000000000e+00
5.386800000000000477e-01
0.000000000000000000e+00
0.000000000000000000e+00
5.085300000000000376e-01
0.000000000000000000e+00
5.795099999999999696e-01
0.000000000000000000e+00
0.000000000000000000e+00
0.000000000000000000e+00
6.771000000000000352e-01
0.000000000000000000e+00
0.000000000000000000e+00
0.000000000000000000e+00
4.812500000000000111e-01
0.000000000000000000e+00
0.000000000000000000e+00
6.179000000000000048e-01
0.000000000000000000e+00
0.000000000000000000e+00
0.000000000000000000e+00
4.686100000000000265e-01
0.000000000000000000e+00
8.619999999999999885e-01
0.000000000000000000e+00
0.000000000000000000e+00
6.904000000000000137e-01
0.000000000000000000e+00
7.284100000000000019e-01
0.000000000000000000e+00
0.000000000000000000e+00
5.496999999999999664e-01
0.000000000000000000e+00
0.000000000000000000e+00
7.445399999999999796e-01
0.000000000000000000e+00
5.453900000000000414e-01
0.000000000000000000e+00
7.103500000000000369e-01
0.000000000000000000e+00
0.000000000000000000e+00
6.079999999999999849e-01
0.000000000000000000e+00
0.000000000000000000e+00
0.000000000000000000e+00
6.820599999999999996e-01
0.000000000000000000e+00
0.000000000000000000e+00
6.167799999999999949e-01
0.000000000000000000e+00
0.000000000000000000e+00
5.071400000000000352e-01
0.000000000000000000e+00
0.000000000000000000e+00
0.000000000000000000e+00
0.000000000000000000e+00
6.061299999999999466e-01
0.000000000000000000e+00
0.000000000000000000e+00
6.119700000000000140e-01
0.000000000000000000e+00
0.000000000000000000e+00
0.000000000000000000e+00
0.000000000000000000e+00
5.896099999999999675e-01
0.000000000000000000e+00
5.881899999999999906e-01
0.000000000000000000e+00
0.000000000000000000e+00
5.865299999999999958e-01
0.000000000000000000e+00
0.000000000000000000e+00
5.507800000000000473e-01
0.000000000000000000e+00
8.994600000000000373e-01
0.000000000000000000e+00
7.390600000000000502e-01
0.000000000000000000e+00
0.000000000000000000e+00
7.279299999999999660e-01
0.000000000000000000e+00
0.000000000000000000e+00
0.000000000000000000e+00
7.513800000000000479e-01
0.000000000000000000e+00
0.000000000000000000e+00
0.000000000000000000e+00
0.000000000000000000e+00
5.088799999999999990e-01
0.000000000000000000e+00
0.000000000000000000e+00
5.622399999999999620e-01
0.000000000000000000e+00
0.000000000000000000e+00
0.000000000000000000e+00
6.996400000000000396e-01
0.000000000000000000e+00
6.639800000000000146e-01
0.000000000000000000e+00
0.000000000000000000e+00
5.386999999999999567e-01
0.000000000000000000e+00
0.000000000000000000e+00
0.000000000000000000e+00
0.000000000000000000e+00
0.000000000000000000e+00
7.305500000000000327e-01
0.000000000000000000e+00
8.622400000000000064e-01
0.000000000000000000e+00
0.000000000000000000e+00
0.000000000000000000e+00
0.000000000000000000e+00
0.000000000000000000e+00
0.000000000000000000e+00
0.000000000000000000e+00
0.000000000000000000e+00
0.000000000000000000e+00
0.000000000000000000e+00
0.000000000000000000e+00
0.000000000000000000e+00
0.000000000000000000e+00
0.000000000000000000e+00
0.000000000000000000e+00
0.000000000000000000e+00
0.000000000000000000e+00
0.000000000000000000e+00
0.000000000000000000e+00
0.000000000000000000e+00
0.000000000000000000e+00
0.000000000000000000e+00
0.000000000000000000e+00
7.197500000000000009e-01
0.000000000000000000e+00
0.000000000000000000e+00
0.000000000000000000e+00
0.000000000000000000e+00
6.019600000000000506e-01
0.000000000000000000e+00
0.000000000000000000e+00
0.000000000000000000e+00
0.000000000000000000e+00
4.697700000000000209e-01
0.000000000000000000e+00
0.000000000000000000e+00
0.000000000000000000e+00
5.589499999999999469e-01
0.000000000000000000e+00
6.530799999999999939e-01
0.000000000000000000e+00
8.815100000000000158e-01
0.000000000000000000e+00
6.300000000000000044e-01
0.000000000000000000e+00
1.009109999999999951e+00
0.000000000000000000e+00
0.000000000000000000e+00
0.000000000000000000e+00
0.000000000000000000e+00
0.000000000000000000e+00
6.018000000000000016e-01
0.000000000000000000e+00
5.964000000000000412e-01
0.000000000000000000e+00
7.538599999999999746e-01
0.000000000000000000e+00
0.000000000000000000e+00
0.000000000000000000e+00
7.579000000000000181e-01
0.000000000000000000e+00
0.000000000000000000e+00
6.363299999999999512e-01
0.000000000000000000e+00
0.000000000000000000e+00
0.000000000000000000e+00
7.653299999999999548e-01
0.000000000000000000e+00
0.000000000000000000e+00
5.750699999999999701e-01
0.000000000000000000e+00
6.617399999999999949e-01
0.000000000000000000e+00
6.884799999999999809e-01
0.000000000000000000e+00
0.000000000000000000e+00
0.000000000000000000e+00
5.088200000000000500e-01
0.000000000000000000e+00
0.000000000000000000e+00
0.000000000000000000e+00
0.000000000000000000e+00
0.000000000000000000e+00
0.000000000000000000e+00
5.633500000000000174e-01
0.000000000000000000e+00
0.000000000000000000e+00
0.000000000000000000e+00
0.000000000000000000e+00
6.239400000000000501e-01
0.000000000000000000e+00
0.000000000000000000e+00
0.000000000000000000e+00
0.000000000000000000e+00
5.279899999999999594e-01
0.000000000000000000e+00
0.000000000000000000e+00
0.000000000000000000e+00
5.720399999999999929e-01
0.000000000000000000e+00
0.000000000000000000e+00
0.000000000000000000e+00
5.851899999999999880e-01
0.000000000000000000e+00
0.000000000000000000e+00
6.483799999999999564e-01
0.000000000000000000e+00
0.000000000000000000e+00
0.000000000000000000e+00
5.299599999999999866e-01
0.000000000000000000e+00
1.068780000000000063e+00
0.000000000000000000e+00
0.000000000000000000e+00
8.704100000000000170e-01
0.000000000000000000e+00
0.000000000000000000e+00
7.072500000000000453e-01
0.000000000000000000e+00
0.000000000000000000e+00
8.344300000000000050e-01
0.000000000000000000e+00
7.299700000000000077e-01
0.000000000000000000e+00
6.231200000000000072e-01
0.000000000000000000e+00
0.000000000000000000e+00
0.000000000000000000e+00
0.000000000000000000e+00
5.458199999999999719e-01
0.000000000000000000e+00
0.000000000000000000e+00
0.000000000000000000e+00
0.000000000000000000e+00
0.000000000000000000e+00
6.561799999999999855e-01
0.000000000000000000e+00
0.000000000000000000e+00
0.000000000000000000e+00
7.502900000000000125e-01
0.000000000000000000e+00
0.000000000000000000e+00
5.748699999999999921e-01
0.000000000000000000e+00
0.000000000000000000e+00
1.299760000000000026e+00
0.000000000000000000e+00
0.000000000000000000e+00
5.640800000000000258e-01
0.000000000000000000e+00
1.933720000000000105e+00
0.000000000000000000e+00
1.033179999999999987e+00
0.000000000000000000e+00
0.000000000000000000e+00
0.000000000000000000e+00
0.000000000000000000e+00
0.000000000000000000e+00
6.757199999999999873e-01
0.000000000000000000e+00
0.000000000000000000e+00
5.434999999999999831e-01
0.000000000000000000e+00
0.000000000000000000e+00
0.000000000000000000e+00
6.020600000000000396e-01
0.000000000000000000e+00
0.000000000000000000e+00
0.000000000000000000e+00
0.000000000000000000e+00
7.251499999999999613e-01
0.000000000000000000e+00
0.000000000000000000e+00
0.000000000000000000e+00
0.000000000000000000e+00
0.000000000000000000e+00
5.745400000000000507e-01
0.000000000000000000e+00
0.000000000000000000e+00
0.000000000000000000e+00
6.240900000000000336e-01
0.000000000000000000e+00
0.000000000000000000e+00
5.204999999999999627e-01
0.000000000000000000e+00
0.000000000000000000e+00
5.774299999999999988e-01
0.000000000000000000e+00
6.302799999999999514e-01
0.000000000000000000e+00
0.000000000000000000e+00
6.048099999999999588e-01
0.000000000000000000e+00
0.000000000000000000e+00
0.000000000000000000e+00
0.000000000000000000e+00
5.786799999999999722e-01
0.000000000000000000e+00
0.000000000000000000e+00
0.000000000000000000e+00
5.237899999999999778e-01
0.000000000000000000e+00
0.000000000000000000e+00
0.000000000000000000e+00
6.487600000000000033e-01
0.000000000000000000e+00
0.000000000000000000e+00
0.000000000000000000e+00
5.324699999999999989e-01
0.000000000000000000e+00
0.000000000000000000e+00
0.000000000000000000e+00
0.000000000000000000e+00
5.620899999999999785e-01
0.000000000000000000e+00
0.000000000000000000e+00
6.250599999999999490e-01
0.000000000000000000e+00
0.000000000000000000e+00
0.000000000000000000e+00
0.000000000000000000e+00
0.000000000000000000e+00
0.000000000000000000e+00
5.583900000000000530e-01
0.000000000000000000e+00
0.000000000000000000e+00
6.393400000000000194e-01
0.000000000000000000e+00
0.000000000000000000e+00
0.000000000000000000e+00
5.793800000000000061e-01
0.000000000000000000e+00
0.000000000000000000e+00
0.000000000000000000e+00
6.233800000000000452e-01
0.000000000000000000e+00
1.148479999999999945e+00
0.000000000000000000e+00
0.000000000000000000e+00
6.599399999999999711e-01
0.000000000000000000e+00
0.000000000000000000e+00
0.000000000000000000e+00
5.727999999999999758e-01
0.000000000000000000e+00
0.000000000000000000e+00
0.000000000000000000e+00
5.659699999999999731e-01
0.000000000000000000e+00
7.075200000000000378e-01
0.000000000000000000e+00
0.000000000000000000e+00
0.000000000000000000e+00
5.682199999999999473e-01
0.000000000000000000e+00
0.000000000000000000e+00
0.000000000000000000e+00
0.000000000000000000e+00
0.000000000000000000e+00
0.000000000000000000e+00
5.974199999999999511e-01
0.000000000000000000e+00
0.000000000000000000e+00
0.000000000000000000e+00
0.000000000000000000e+00
1.056969999999999965e+00
0.000000000000000000e+00
0.000000000000000000e+00
7.266299999999999981e-01
0.000000000000000000e+00
0.000000000000000000e+00
0.000000000000000000e+00
7.329299999999999704e-01
0.000000000000000000e+00
0.000000000000000000e+00
0.000000000000000000e+00
7.824100000000000499e-01
0.000000000000000000e+00
6.188900000000000512e-01
0.000000000000000000e+00
9.628600000000000492e-01
0.000000000000000000e+00
0.000000000000000000e+00
0.000000000000000000e+00
0.000000000000000000e+00
0.000000000000000000e+00
5.684799999999999853e-01
0.000000000000000000e+00
0.000000000000000000e+00
0.000000000000000000e+00
6.090999999999999748e-01
0.000000000000000000e+00
8.477099999999999635e-01
0.000000000000000000e+00
8.287200000000000122e-01
0.000000000000000000e+00
0.000000000000000000e+00
0.000000000000000000e+00
0.000000000000000000e+00
7.141499999999999515e-01
0.000000000000000000e+00
0.000000000000000000e+00
0.000000000000000000e+00
1.105949999999999989e+00
0.000000000000000000e+00
0.000000000000000000e+00
5.686700000000000088e-01
0.000000000000000000e+00
0.000000000000000000e+00
0.000000000000000000e+00
5.002499999999999725e-01
0.000000000000000000e+00
0.000000000000000000e+00
0.000000000000000000e+00
0.000000000000000000e+00
0.000000000000000000e+00
0.000000000000000000e+00
0.000000000000000000e+00
0.000000000000000000e+00
0.000000000000000000e+00
0.000000000000000000e+00
0.000000000000000000e+00
0.000000000000000000e+00
0.000000000000000000e+00
0.000000000000000000e+00
0.000000000000000000e+00
0.000000000000000000e+00
0.000000000000000000e+00
0.000000000000000000e+00
0.000000000000000000e+00
0.000000000000000000e+00
0.000000000000000000e+00
0.000000000000000000e+00
0.000000000000000000e+00
0.000000000000000000e+00
5.853300000000000169e-01
0.000000000000000000e+00
0.000000000000000000e+00
0.000000000000000000e+00
0.000000000000000000e+00
0.000000000000000000e+00
5.298800000000000177e-01
0.000000000000000000e+00
0.000000000000000000e+00
8.302199999999999580e-01
0.000000000000000000e+00
0.000000000000000000e+00
0.000000000000000000e+00
0.000000000000000000e+00
0.000000000000000000e+00
4.976700000000000013e-01
0.000000000000000000e+00
6.453600000000000447e-01
0.000000000000000000e+00
7.275700000000000500e-01
0.000000000000000000e+00
0.000000000000000000e+00
5.797400000000000331e-01
0.000000000000000000e+00
0.000000000000000000e+00
0.000000000000000000e+00
5.478199999999999736e-01
0.000000000000000000e+00
0.000000000000000000e+00
7.485699999999999577e-01
0.000000000000000000e+00
5.481700000000000461e-01
0.000000000000000000e+00
0.000000000000000000e+00
0.000000000000000000e+00
5.497600000000000264e-01
0.000000000000000000e+00
0.000000000000000000e+00
5.861100000000000199e-01
0.000000000000000000e+00
0.000000000000000000e+00
6.864200000000000301e-01
0.000000000000000000e+00
5.698299999999999477e-01
0.000000000000000000e+00
0.000000000000000000e+00
0.000000000000000000e+00
0.000000000000000000e+00
0.000000000000000000e+00
8.944499999999999673e-01
0.000000000000000000e+00
0.000000000000000000e+00
0.000000000000000000e+00
6.932099999999999929e-01
0.000000000000000000e+00
0.000000000000000000e+00
5.469600000000000017e-01
0.000000000000000000e+00
7.609399999999999498e-01
0.000000000000000000e+00
0.000000000000000000e+00
0.000000000000000000e+00
5.715900000000000425e-01
0.000000000000000000e+00
0.000000000000000000e+00
4.467900000000000205e-01
0.000000000000000000e+00
7.694800000000000528e-01
0.000000000000000000e+00
0.000000000000000000e+00
0.000000000000000000e+00
9.714699999999999447e-01
0.000000000000000000e+00
0.000000000000000000e+00
1.436790000000000012e+00
0.000000000000000000e+00
0.000000000000000000e+00
5.561800000000000077e-01
0.000000000000000000e+00
9.856000000000000316e-01
0.000000000000000000e+00
0.000000000000000000e+00
3.404499999999999749e-01
0.000000000000000000e+00
0.000000000000000000e+00
0.000000000000000000e+00
6.770599999999999952e-01
0.000000000000000000e+00
0.000000000000000000e+00
5.828900000000000192e-01
0.000000000000000000e+00
0.000000000000000000e+00
5.097199999999999509e-01
0.000000000000000000e+00
5.470199999999999507e-01
0.000000000000000000e+00
0.000000000000000000e+00
0.000000000000000000e+00
6.688100000000000156e-01
0.000000000000000000e+00
0.000000000000000000e+00
0.000000000000000000e+00
4.763899999999999801e-01
0.000000000000000000e+00
0.000000000000000000e+00
0.000000000000000000e+00
0.000000000000000000e+00
0.000000000000000000e+00
4.572499999999999898e-01
0.000000000000000000e+00
0.000000000000000000e+00
6.513999999999999790e-01
0.000000000000000000e+00
0.000000000000000000e+00
0.000000000000000000e+00
0.000000000000000000e+00
5.611399999999999721e-01
0.000000000000000000e+00
0.000000000000000000e+00
0.000000000000000000e+00
5.847999999999999865e-01
0.000000000000000000e+00
0.000000000000000000e+00
5.445999999999999730e-01
0.000000000000000000e+00
0.000000000000000000e+00
6.149700000000000166e-01
0.000000000000000000e+00
0.000000000000000000e+00
0.000000000000000000e+00
0.000000000000000000e+00
0.000000000000000000e+00
4.920300000000000229e-01
0.000000000000000000e+00
0.000000000000000000e+00
5.163999999999999702e-01
0.000000000000000000e+00
0.000000000000000000e+00
0.000000000000000000e+00
0.000000000000000000e+00
6.991600000000000037e-01
0.000000000000000000e+00
0.000000000000000000e+00
0.000000000000000000e+00
7.778399999999999759e-01
0.000000000000000000e+00
6.127799999999999914e-01
0.000000000000000000e+00
0.000000000000000000e+00
0.000000000000000000e+00
5.654700000000000282e-01
0.000000000000000000e+00
0.000000000000000000e+00
0.000000000000000000e+00
0.000000000000000000e+00
3.512299999999999867e-01
0.000000000000000000e+00
6.277199999999999447e-01
0.000000000000000000e+00
6.054300000000000237e-01
0.000000000000000000e+00
6.490700000000000358e-01
0.000000000000000000e+00
5.445900000000000185e-01
0.000000000000000000e+00
0.000000000000000000e+00
4.883700000000000263e-01
0.000000000000000000e+00
0.000000000000000000e+00
0.000000000000000000e+00
0.000000000000000000e+00
0.000000000000000000e+00
7.108200000000000074e-01
0.000000000000000000e+00
1.135809999999999986e+00
0.000000000000000000e+00
0.000000000000000000e+00
0.000000000000000000e+00
5.612399999999999611e-01
0.000000000000000000e+00
0.000000000000000000e+00
6.163899999999999935e-01
0.000000000000000000e+00
0.000000000000000000e+00
0.000000000000000000e+00
4.720300000000000051e-01
0.000000000000000000e+00
0.000000000000000000e+00
0.000000000000000000e+00
6.539000000000000368e-01
0.000000000000000000e+00
0.000000000000000000e+00
7.287500000000000089e-01
0.000000000000000000e+00
0.000000000000000000e+00
0.000000000000000000e+00
0.000000000000000000e+00
5.543299999999999894e-01
0.000000000000000000e+00
0.000000000000000000e+00
0.000000000000000000e+00
0.000000000000000000e+00
0.000000000000000000e+00
0.000000000000000000e+00
5.785599999999999632e-01
0.000000000000000000e+00
0.000000000000000000e+00
0.000000000000000000e+00
6.127500000000000169e-01
0.000000000000000000e+00
0.000000000000000000e+00
0.000000000000000000e+00
6.258000000000000229e-01
0.000000000000000000e+00
0.000000000000000000e+00
0.000000000000000000e+00
0.000000000000000000e+00
0.000000000000000000e+00
5.910600000000000298e-01
0.000000000000000000e+00
0.000000000000000000e+00
0.000000000000000000e+00
0.000000000000000000e+00
5.143199999999999994e-01
0.000000000000000000e+00
0.000000000000000000e+00
0.000000000000000000e+00
7.028799999999999493e-01
0.000000000000000000e+00
0.000000000000000000e+00
0.000000000000000000e+00
0.000000000000000000e+00
0.000000000000000000e+00
0.000000000000000000e+00
5.757799999999999585e-01
0.000000000000000000e+00
0.000000000000000000e+00
0.000000000000000000e+00
5.643299999999999983e-01
0.000000000000000000e+00
0.000000000000000000e+00
0.000000000000000000e+00
0.000000000000000000e+00
5.578899999999999970e-01
0.000000000000000000e+00
0.000000000000000000e+00
5.440099999999999936e-01
0.000000000000000000e+00
0.000000000000000000e+00
0.000000000000000000e+00
0.000000000000000000e+00
0.000000000000000000e+00
7.476699999999999458e-01
0.000000000000000000e+00
0.000000000000000000e+00
6.074199999999999600e-01
0.000000000000000000e+00
0.000000000000000000e+00
6.847800000000000553e-01
0.000000000000000000e+00
6.283999999999999586e-01
0.000000000000000000e+00
5.701000000000000512e-01
0.000000000000000000e+00
0.000000000000000000e+00
0.000000000000000000e+00
4.872500000000000164e-01
0.000000000000000000e+00
0.000000000000000000e+00
0.000000000000000000e+00
0.000000000000000000e+00
0.000000000000000000e+00
0.000000000000000000e+00
0.000000000000000000e+00
4.506299999999999750e-01
0.000000000000000000e+00
0.000000000000000000e+00
5.440700000000000536e-01
0.000000000000000000e+00
1.937440000000000051e+00
0.000000000000000000e+00
7.694600000000000328e-01
0.000000000000000000e+00
0.000000000000000000e+00
5.213900000000000201e-01
0.000000000000000000e+00
6.026000000000000245e-01
0.000000000000000000e+00
0.000000000000000000e+00
0.000000000000000000e+00
0.000000000000000000e+00
0.000000000000000000e+00
0.000000000000000000e+00
0.000000000000000000e+00
0.000000000000000000e+00
0.000000000000000000e+00
0.000000000000000000e+00
0.000000000000000000e+00
0.000000000000000000e+00
0.000000000000000000e+00
0.000000000000000000e+00
0.000000000000000000e+00
0.000000000000000000e+00
0.000000000000000000e+00
0.000000000000000000e+00
0.000000000000000000e+00
0.000000000000000000e+00
0.000000000000000000e+00
0.000000000000000000e+00
0.000000000000000000e+00
0.000000000000000000e+00
6.549000000000000377e-01
0.000000000000000000e+00
5.129399999999999515e-01
0.000000000000000000e+00
0.000000000000000000e+00
0.000000000000000000e+00
7.716699999999999671e-01
0.000000000000000000e+00
0.000000000000000000e+00
0.000000000000000000e+00
0.000000000000000000e+00
5.533700000000000285e-01
0.000000000000000000e+00
0.000000000000000000e+00
6.755100000000000549e-01
0.000000000000000000e+00
0.000000000000000000e+00
0.000000000000000000e+00
0.000000000000000000e+00
4.387900000000000134e-01
0.000000000000000000e+00
8.022200000000000442e-01
0.000000000000000000e+00
1.312650000000000095e+00
0.000000000000000000e+00
0.000000000000000000e+00
5.618400000000000061e-01
0.000000000000000000e+00
7.106000000000000094e-01
0.000000000000000000e+00
0.000000000000000000e+00
5.239000000000000323e-01
0.000000000000000000e+00
5.814300000000000024e-01
0.000000000000000000e+00
0.000000000000000000e+00
5.837099999999999511e-01
0.000000000000000000e+00
0.000000000000000000e+00
7.415399999999999769e-01
0.000000000000000000e+00
0.000000000000000000e+00
0.000000000000000000e+00
0.000000000000000000e+00
6.548699999999999521e-01
0.000000000000000000e+00
0.000000000000000000e+00
8.357499999999999929e-01
0.000000000000000000e+00
0.000000000000000000e+00
0.000000000000000000e+00
9.395599999999999508e-01
0.000000000000000000e+00
0.000000000000000000e+00
4.842600000000000238e-01
0.000000000000000000e+00
8.121199999999999530e-01
0.000000000000000000e+00
0.000000000000000000e+00
0.000000000000000000e+00
5.047099999999999920e-01
0.000000000000000000e+00
0.000000000000000000e+00
0.000000000000000000e+00
5.402500000000000080e-01
0.000000000000000000e+00
7.418400000000000549e-01
0.000000000000000000e+00
0.000000000000000000e+00
6.638800000000000257e-01
0.000000000000000000e+00
0.000000000000000000e+00
0.000000000000000000e+00
5.287600000000000078e-01
0.000000000000000000e+00
0.000000000000000000e+00
6.105199999999999516e-01
0.000000000000000000e+00
7.613100000000000422e-01
0.000000000000000000e+00
0.000000000000000000e+00
0.000000000000000000e+00
0.000000000000000000e+00
0.000000000000000000e+00
5.413400000000000434e-01
0.000000000000000000e+00
0.000000000000000000e+00
0.000000000000000000e+00
0.000000000000000000e+00
5.816900000000000404e-01
0.000000000000000000e+00
0.000000000000000000e+00
5.774000000000000243e-01
0.000000000000000000e+00
0.000000000000000000e+00
5.223100000000000520e-01
0.000000000000000000e+00
0.000000000000000000e+00
0.000000000000000000e+00
4.427599999999999869e-01
0.000000000000000000e+00
9.429800000000000404e-01
0.000000000000000000e+00
0.000000000000000000e+00
6.826499999999999790e-01
0.000000000000000000e+00
0.000000000000000000e+00
0.000000000000000000e+00
7.923200000000000243e-01
0.000000000000000000e+00
6.088299999999999823e-01
0.000000000000000000e+00
1.039619999999999989e+00
0.000000000000000000e+00
7.684800000000000519e-01
0.000000000000000000e+00
0.000000000000000000e+00
0.000000000000000000e+00
0.000000000000000000e+00
0.000000000000000000e+00
8.879399999999999515e-01
0.000000000000000000e+00
0.000000000000000000e+00
0.000000000000000000e+00
6.187399999999999567e-01
0.000000000000000000e+00
0.000000000000000000e+00
0.000000000000000000e+00
0.000000000000000000e+00
5.954399999999999693e-01
0.000000000000000000e+00
0.000000000000000000e+00
0.000000000000000000e+00
5.545499999999999874e-01
0.000000000000000000e+00
0.000000000000000000e+00
5.543700000000000294e-01
0.000000000000000000e+00
6.604700000000000015e-01
0.000000000000000000e+00
0.000000000000000000e+00
5.977799999999999780e-01
0.000000000000000000e+00
5.437100000000000266e-01
0.000000000000000000e+00
0.000000000000000000e+00
0.000000000000000000e+00
6.597699999999999676e-01
0.000000000000000000e+00
0.000000000000000000e+00
0.000000000000000000e+00
0.000000000000000000e+00
4.040599999999999747e-01
0.000000000000000000e+00
0.000000000000000000e+00
0.000000000000000000e+00
0.000000000000000000e+00
4.970399999999999818e-01
0.000000000000000000e+00
0.000000000000000000e+00
0.000000000000000000e+00
0.000000000000000000e+00
0.000000000000000000e+00
5.675299999999999789e-01
0.000000000000000000e+00
6.433600000000000430e-01
0.000000000000000000e+00
8.867800000000000127e-01
0.000000000000000000e+00
0.000000000000000000e+00
1.364060000000000050e+00
0.000000000000000000e+00
0.000000000000000000e+00
0.000000000000000000e+00
5.890499999999999625e-01
0.000000000000000000e+00
7.987999999999999545e-01
0.000000000000000000e+00
0.000000000000000000e+00
0.000000000000000000e+00
6.523900000000000254e-01
0.000000000000000000e+00
0.000000000000000000e+00
6.386699999999999600e-01
0.000000000000000000e+00
0.000000000000000000e+00
0.000000000000000000e+00
5.130599999999999605e-01
0.000000000000000000e+00
7.633299999999999530e-01
0.000000000000000000e+00
5.866900000000000448e-01
0.000000000000000000e+00
7.523699999999999832e-01
0.000000000000000000e+00
0.000000000000000000e+00
0.000000000000000000e+00
0.000000000000000000e+00
4.187199999999999811e-01
0.000000000000000000e+00
6.853599999999999692e-01
0.000000000000000000e+00
5.903300000000000214e-01
0.000000000000000000e+00
0.000000000000000000e+00
0.000000000000000000e+00
4.957500000000000240e-01
0.000000000000000000e+00
0.000000000000000000e+00
0.000000000000000000e+00
0.000000000000000000e+00
0.000000000000000000e+00
5.852500000000000480e-01
0.000000000000000000e+00
0.000000000000000000e+00
0.000000000000000000e+00
0.000000000000000000e+00
5.712699999999999445e-01
0.000000000000000000e+00
0.000000000000000000e+00
5.703200000000000491e-01
0.000000000000000000e+00
8.887899999999999689e-01
0.000000000000000000e+00
0.000000000000000000e+00
0.000000000000000000e+00
5.738600000000000367e-01
0.000000000000000000e+00
7.693600000000000438e-01
0.000000000000000000e+00
0.000000000000000000e+00
7.825400000000000134e-01
0.000000000000000000e+00
0.000000000000000000e+00
0.000000000000000000e+00
0.000000000000000000e+00
0.000000000000000000e+00
0.000000000000000000e+00
8.155200000000000227e-01
0.000000000000000000e+00
0.000000000000000000e+00
5.779300000000000548e-01
0.000000000000000000e+00
5.873699999999999477e-01
0.000000000000000000e+00
0.000000000000000000e+00
0.000000000000000000e+00
4.989899999999999891e-01
0.000000000000000000e+00
7.129100000000000437e-01
0.000000000000000000e+00
1.035069999999999935e+00
0.000000000000000000e+00
0.000000000000000000e+00
0.000000000000000000e+00
4.891900000000000137e-01
0.000000000000000000e+00
0.000000000000000000e+00
0.000000000000000000e+00
0.000000000000000000e+00
5.744599999999999707e-01
0.000000000000000000e+00
6.940699999999999648e-01
0.000000000000000000e+00
0.000000000000000000e+00
0.000000000000000000e+00
0.000000000000000000e+00
0.000000000000000000e+00
0.000000000000000000e+00
0.000000000000000000e+00
0.000000000000000000e+00
0.000000000000000000e+00
0.000000000000000000e+00
0.000000000000000000e+00
0.000000000000000000e+00
0.000000000000000000e+00
0.000000000000000000e+00
0.000000000000000000e+00
0.000000000000000000e+00
0.000000000000000000e+00
0.000000000000000000e+00
0.000000000000000000e+00
0.000000000000000000e+00
0.000000000000000000e+00
0.000000000000000000e+00
6.474400000000000155e-01
0.000000000000000000e+00
0.000000000000000000e+00
0.000000000000000000e+00
7.285800000000000054e-01
0.000000000000000000e+00
0.000000000000000000e+00
0.000000000000000000e+00
7.605800000000000338e-01
0.000000000000000000e+00
0.000000000000000000e+00
0.000000000000000000e+00
0.000000000000000000e+00
5.337600000000000122e-01
0.000000000000000000e+00
0.000000000000000000e+00
0.000000000000000000e+00
9.418699999999999850e-01
0.000000000000000000e+00
9.361399999999999721e-01
0.000000000000000000e+00
0.000000000000000000e+00
0.000000000000000000e+00
5.691300000000000248e-01
0.000000000000000000e+00
0.000000000000000000e+00
5.683700000000000419e-01
0.000000000000000000e+00
5.185600000000000209e-01
0.000000000000000000e+00
0.000000000000000000e+00
6.736699999999999910e-01
0.000000000000000000e+00
0.000000000000000000e+00
0.000000000000000000e+00
9.070599999999999774e-01
0.000000000000000000e+00
7.385099999999999998e-01
0.000000000000000000e+00
6.579500000000000348e-01
0.000000000000000000e+00
7.466199999999999504e-01
0.000000000000000000e+00
0.000000000000000000e+00
6.099400000000000377e-01
0.000000000000000000e+00
0.000000000000000000e+00
6.866400000000000281e-01
0.000000000000000000e+00
0.000000000000000000e+00
1.037690000000000001e+00
0.000000000000000000e+00
0.000000000000000000e+00
0.000000000000000000e+00
9.641300000000000425e-01
0.000000000000000000e+00
7.006499999999999950e-01
0.000000000000000000e+00
0.000000000000000000e+00
0.000000000000000000e+00
5.536499999999999755e-01
0.000000000000000000e+00
0.000000000000000000e+00
0.000000000000000000e+00
0.000000000000000000e+00
4.569300000000000028e-01
0.000000000000000000e+00
6.978999999999999648e-01
0.000000000000000000e+00
0.000000000000000000e+00
0.000000000000000000e+00
4.897099999999999786e-01
0.000000000000000000e+00
0.000000000000000000e+00
5.295600000000000307e-01
0.000000000000000000e+00
0.000000000000000000e+00
0.000000000000000000e+00
0.000000000000000000e+00
0.000000000000000000e+00
4.539400000000000102e-01
0.000000000000000000e+00
6.370099999999999651e-01
0.000000000000000000e+00
0.000000000000000000e+00
0.000000000000000000e+00
5.141999999999999904e-01
0.000000000000000000e+00
0.000000000000000000e+00
0.000000000000000000e+00
0.000000000000000000e+00
7.298700000000000188e-01
0.000000000000000000e+00
0.000000000000000000e+00
1.327809999999999935e+00
0.000000000000000000e+00
0.000000000000000000e+00
6.697300000000000475e-01
0.000000000000000000e+00
0.000000000000000000e+00
0.000000000000000000e+00
7.758399999999999741e-01
0.000000000000000000e+00
0.000000000000000000e+00
6.684499999999999886e-01
0.000000000000000000e+00
0.000000000000000000e+00
9.924199999999999688e-01
0.000000000000000000e+00
0.000000000000000000e+00
0.000000000000000000e+00
5.401099999999999790e-01
0.000000000000000000e+00
6.481799999999999784e-01
0.000000000000000000e+00
5.475200000000000067e-01
0.000000000000000000e+00
0.000000000000000000e+00
0.000000000000000000e+00
0.000000000000000000e+00
5.163999999999999702e-01
0.000000000000000000e+00
0.000000000000000000e+00
6.406399999999999872e-01
0.000000000000000000e+00
0.000000000000000000e+00
0.000000000000000000e+00
5.270200000000000440e-01
0.000000000000000000e+00
0.000000000000000000e+00
0.000000000000000000e+00
4.520000000000000129e-01
0.000000000000000000e+00
1.384900000000000020e+00
0.000000000000000000e+00
0.000000000000000000e+00
0.000000000000000000e+00
0.000000000000000000e+00
5.456800000000000539e-01
0.000000000000000000e+00
0.000000000000000000e+00
1.942010000000000014e+00
0.000000000000000000e+00
0.000000000000000000e+00
1.929980000000000029e+00
0.000000000000000000e+00
0.000000000000000000e+00
0.000000000000000000e+00
5.018799999999999928e-01
0.000000000000000000e+00
0.000000000000000000e+00
4.784700000000000064e-01
0.000000000000000000e+00
6.678699999999999637e-01
0.000000000000000000e+00
0.000000000000000000e+00
0.000000000000000000e+00
6.140200000000000102e-01
0.000000000000000000e+00
0.000000000000000000e+00
5.639499999999999513e-01
0.000000000000000000e+00
0.000000000000000000e+00
0.000000000000000000e+00
8.025900000000000256e-01
0.000000000000000000e+00
0.000000000000000000e+00
0.000000000000000000e+00
4.969299999999999828e-01
0.000000000000000000e+00
0.000000000000000000e+00
5.148000000000000353e-01
0.000000000000000000e+00
0.000000000000000000e+00
0.000000000000000000e+00
0.000000000000000000e+00
0.000000000000000000e+00
0.000000000000000000e+00
0.000000000000000000e+00
5.357100000000000195e-01
0.000000000000000000e+00
0.000000000000000000e+00
0.000000000000000000e+00
6.000400000000000178e-01
0.000000000000000000e+00
0.000000000000000000e+00
0.000000000000000000e+00
0.000000000000000000e+00
0.000000000000000000e+00
6.921599999999999975e-01
0.000000000000000000e+00
0.000000000000000000e+00
1.938600000000000101e+00
0.000000000000000000e+00
9.753899999999999793e-01
0.000000000000000000e+00
0.000000000000000000e+00
5.943800000000000194e-01
0.000000000000000000e+00
0.000000000000000000e+00
0.000000000000000000e+00
0.000000000000000000e+00
0.000000000000000000e+00
5.554900000000000393e-01
0.000000000000000000e+00
0.000000000000000000e+00
0.000000000000000000e+00
0.000000000000000000e+00
5.042999999999999705e-01
0.000000000000000000e+00
6.580799999999999983e-01
0.000000000000000000e+00
0.000000000000000000e+00
0.000000000000000000e+00
0.000000000000000000e+00
6.134800000000000253e-01
0.000000000000000000e+00
0.000000000000000000e+00
0.000000000000000000e+00
0.000000000000000000e+00
0.000000000000000000e+00
1.933840000000000003e+00
0.000000000000000000e+00
0.000000000000000000e+00
8.186799999999999633e-01
0.000000000000000000e+00
0.000000000000000000e+00
6.280200000000000227e-01
0.000000000000000000e+00
0.000000000000000000e+00
7.983299999999999841e-01
0.000000000000000000e+00
0.000000000000000000e+00
6.186000000000000387e-01
0.000000000000000000e+00
0.000000000000000000e+00
0.000000000000000000e+00
6.593599999999999461e-01
0.000000000000000000e+00
0.000000000000000000e+00
6.220299999999999718e-01
0.000000000000000000e+00
6.230599999999999472e-01
0.000000000000000000e+00
0.000000000000000000e+00
7.581099999999999506e-01
0.000000000000000000e+00
0.000000000000000000e+00
6.325899999999999856e-01
0.000000000000000000e+00
0.000000000000000000e+00
4.720500000000000251e-01
0.000000000000000000e+00
0.000000000000000000e+00
0.000000000000000000e+00
5.756799999999999695e-01
0.000000000000000000e+00
0.000000000000000000e+00
0.000000000000000000e+00
5.486499999999999710e-01
0.000000000000000000e+00
5.790399999999999991e-01
0.000000000000000000e+00
0.000000000000000000e+00
6.904599999999999627e-01
0.000000000000000000e+00
0.000000000000000000e+00
6.626999999999999558e-01
0.000000000000000000e+00
0.000000000000000000e+00
0.000000000000000000e+00
0.000000000000000000e+00
0.000000000000000000e+00
1.220529999999999893e+00
0.000000000000000000e+00
0.000000000000000000e+00
8.113399999999999501e-01
0.000000000000000000e+00
0.000000000000000000e+00
0.000000000000000000e+00
0.000000000000000000e+00
0.000000000000000000e+00
0.000000000000000000e+00
0.000000000000000000e+00
0.000000000000000000e+00
0.000000000000000000e+00
0.000000000000000000e+00
0.000000000000000000e+00
0.000000000000000000e+00
0.000000000000000000e+00
0.000000000000000000e+00
0.000000000000000000e+00
0.000000000000000000e+00
0.000000000000000000e+00
0.000000000000000000e+00
0.000000000000000000e+00
0.000000000000000000e+00
0.000000000000000000e+00
0.000000000000000000e+00
6.055700000000000527e-01
0.000000000000000000e+00
0.000000000000000000e+00
6.334199999999999831e-01
0.000000000000000000e+00
0.000000000000000000e+00
5.191700000000000204e-01
0.000000000000000000e+00
0.000000000000000000e+00
5.505100000000000549e-01
0.000000000000000000e+00
5.488399999999999945e-01
0.000000000000000000e+00
6.383600000000000385e-01
0.000000000000000000e+00
0.000000000000000000e+00
7.468599999999999683e-01
0.000000000000000000e+00
5.842300000000000271e-01
0.000000000000000000e+00
0.000000000000000000e+00
3.956700000000000217e-01
0.000000000000000000e+00
0.000000000000000000e+00
5.074699999999999767e-01
0.000000000000000000e+00
0.000000000000000000e+00
5.229800000000000004e-01
0.000000000000000000e+00
0.000000000000000000e+00
0.000000000000000000e+00
0.000000000000000000e+00
6.094600000000000017e-01
0.000000000000000000e+00
0.000000000000000000e+00
0.000000000000000000e+00
6.772599999999999731e-01
0.000000000000000000e+00
7.267000000000000126e-01
0.000000000000000000e+00
0.000000000000000000e+00
5.726400000000000379e-01
0.000000000000000000e+00
7.722099999999999520e-01
0.000000000000000000e+00
0.000000000000000000e+00
8.144900000000000473e-01
0.000000000000000000e+00
0.000000000000000000e+00
0.000000000000000000e+00
7.331699999999999884e-01
0.000000000000000000e+00
0.000000000000000000e+00
5.715299999999999825e-01
0.000000000000000000e+00
7.244800000000000129e-01
0.000000000000000000e+00
6.455800000000000427e-01
0.000000000000000000e+00
0.000000000000000000e+00
0.000000000000000000e+00
5.505499999999999838e-01
0.000000000000000000e+00
0.000000000000000000e+00
0.000000000000000000e+00
4.387699999999999934e-01
0.000000000000000000e+00
5.731899999999999773e-01
0.000000000000000000e+00
0.000000000000000000e+00
0.000000000000000000e+00
0.000000000000000000e+00
0.000000000000000000e+00
7.323699999999999655e-01
0.000000000000000000e+00
0.000000000000000000e+00
5.168199999999999461e-01
0.000000000000000000e+00
0.000000000000000000e+00
0.000000000000000000e+00
0.000000000000000000e+00
0.000000000000000000e+00
4.523400000000000198e-01
0.000000000000000000e+00
0.000000000000000000e+00
6.031699999999999839e-01
0.000000000000000000e+00
0.000000000000000000e+00
6.480099999999999749e-01
0.000000000000000000e+00
0.000000000000000000e+00
0.000000000000000000e+00
0.000000000000000000e+00
0.000000000000000000e+00
5.391299999999999981e-01
0.000000000000000000e+00
0.000000000000000000e+00
6.353999999999999648e-01
0.000000000000000000e+00
0.000000000000000000e+00
1.930430000000000090e+00
0.000000000000000000e+00
0.000000000000000000e+00
0.000000000000000000e+00
0.000000000000000000e+00
5.525499999999999856e-01
0.000000000000000000e+00
0.000000000000000000e+00
5.874399999999999622e-01
0.000000000000000000e+00
0.000000000000000000e+00
4.951900000000000190e-01
0.000000000000000000e+00
0.000000000000000000e+00
4.610099999999999754e-01
0.000000000000000000e+00
0.000000000000000000e+00
0.000000000000000000e+00
0.000000000000000000e+00
0.000000000000000000e+00
0.000000000000000000e+00
0.000000000000000000e+00
3.446899999999999964e-01
0.000000000000000000e+00
0.000000000000000000e+00
3.939599999999999769e-01
0.000000000000000000e+00
5.834599999999999786e-01
0.000000000000000000e+00
0.000000000000000000e+00
5.273499999999999854e-01
0.000000000000000000e+00
0.000000000000000000e+00
0.000000000000000000e+00
0.000000000000000000e+00
4.770199999999999996e-01
0.000000000000000000e+00
0.000000000000000000e+00
0.000000000000000000e+00
6.819800000000000306e-01
0.000000000000000000e+00
6.489599999999999813e-01
0.000000000000000000e+00
0.000000000000000000e+00
6.238200000000000411e-01
0.000000000000000000e+00
0.000000000000000000e+00
4.329000000000000070e-01
0.000000000000000000e+00
0.000000000000000000e+00
0.000000000000000000e+00
6.214800000000000324e-01
0.000000000000000000e+00
6.155899999999999705e-01
0.000000000000000000e+00
7.481900000000000217e-01
0.000000000000000000e+00
0.000000000000000000e+00
0.000000000000000000e+00
6.855599999999999472e-01
0.000000000000000000e+00
6.777900000000000036e-01
0.000000000000000000e+00
6.034100000000000019e-01
0.000000000000000000e+00
0.000000000000000000e+00
5.586900000000000199e-01
0.000000000000000000e+00
0.000000000000000000e+00
0.000000000000000000e+00
4.722500000000000031e-01
0.000000000000000000e+00
0.000000000000000000e+00
0.000000000000000000e+00
6.554200000000000026e-01
0.000000000000000000e+00
0.000000000000000000e+00
5.081799999999999651e-01
0.000000000000000000e+00
0.000000000000000000e+00
8.378400000000000292e-01
0.000000000000000000e+00
0.000000000000000000e+00
4.702000000000000068e-01
0.000000000000000000e+00
5.413400000000000434e-01
0.000000000000000000e+00
0.000000000000000000e+00
8.189999999999999503e-01
0.000000000000000000e+00
0.000000000000000000e+00
0.000000000000000000e+00
1.932690000000000019e+00
0.000000000000000000e+00
0.000000000000000000e+00
5.107199999999999518e-01
0.000000000000000000e+00
0.000000000000000000e+00
0.000000000000000000e+00
7.979899999999999771e-01
0.000000000000000000e+00
7.346500000000000252e-01
0.000000000000000000e+00
0.000000000000000000e+00
0.000000000000000000e+00
0.000000000000000000e+00
0.000000000000000000e+00
8.599900000000000322e-01
0.000000000000000000e+00
0.000000000000000000e+00
0.000000000000000000e+00
7.457700000000000440e-01
0.000000000000000000e+00
0.000000000000000000e+00
7.060800000000000409e-01
0.000000000000000000e+00
0.000000000000000000e+00
0.000000000000000000e+00
0.000000000000000000e+00
5.475700000000000012e-01
0.000000000000000000e+00
6.440799999999999859e-01
0.000000000000000000e+00
0.000000000000000000e+00
0.000000000000000000e+00
0.000000000000000000e+00
4.631000000000000116e-01
0.000000000000000000e+00
0.000000000000000000e+00
0.000000000000000000e+00
1.932970000000000077e+00
0.000000000000000000e+00
1.452839999999999909e+00
0.000000000000000000e+00
0.000000000000000000e+00
0.000000000000000000e+00
1.939089999999999980e+00
0.000000000000000000e+00
0.000000000000000000e+00
0.000000000000000000e+00
0.000000000000000000e+00
0.000000000000000000e+00
0.000000000000000000e+00
5.086000000000000520e-01
0.000000000000000000e+00
0.000000000000000000e+00
0.000000000000000000e+00
4.876300000000000079e-01
0.000000000000000000e+00
0.000000000000000000e+00
0.000000000000000000e+00
4.966599999999999904e-01
0.000000000000000000e+00
0.000000000000000000e+00
6.799199999999999688e-01
0.000000000000000000e+00
5.405900000000000150e-01
0.000000000000000000e+00
0.000000000000000000e+00
0.000000000000000000e+00
0.000000000000000000e+00
0.000000000000000000e+00
0.000000000000000000e+00
4.784499999999999864e-01
0.000000000000000000e+00
0.000000000000000000e+00
0.000000000000000000e+00
0.000000000000000000e+00
0.000000000000000000e+00
3.536000000000000254e-01
0.000000000000000000e+00
0.000000000000000000e+00
0.000000000000000000e+00
0.000000000000000000e+00
0.000000000000000000e+00
5.397100000000000231e-01
0.000000000000000000e+00
0.000000000000000000e+00
0.000000000000000000e+00
0.000000000000000000e+00
0.000000000000000000e+00
0.000000000000000000e+00
0.000000000000000000e+00
0.000000000000000000e+00
0.000000000000000000e+00
0.000000000000000000e+00
0.000000000000000000e+00
