0.000000000000000000e+00
0.000000000000000000e+00
0.000000000000000000e+00
0.000000000000000000e+00
0.000000000000000000e+00
0.000000000000000000e+00
0.000000000000000000e+00
0.000000000000000000e+00
0.000000000000000000e+00
0.000000000000000000e+00
7.211699999999999777e-01
0.000000000000000000e+00
1.240879999999999983e+00
0.000000000000000000e+00
0.000000000000000000e+00
8.427900000000000391e-01
0.000000000000000000e+00
0.000000000000000000e+00
6.287399999999999656e-01
0.000000000000000000e+00
8.500400000000000178e-01
0.000000000000000000e+00
0.000000000000000000e+00
0.000000000000000000e+00
9.510499999999999510e-01
0.000000000000000000e+00
0.000000000000000000e+00
0.000000000000000000e+00
9.090000000000000302e-01
0.000000000000000000e+00
0.000000000000000000e+00
9.134499999999999842e-01
0.000000000000000000e+00
0.000000000000000000e+00
0.000000000000000000e+00
9.268499999999999517e-01
0.000000000000000000e+00
7.061100000000000154e-01
0.000000000000000000e+00
0.000000000000000000e+00
5.984800000000000120e-01
0.000000000000000000e+00
8.034599999999999520e-01
0.000000000000000000e+00
7.006000000000000005e-01
0.000000000000000000e+00
0.000000000000000000e+00
0.000000000000000000e+00
0.000000000000000000e+00
5.315999999999999615e-01
0.000000000000000000e+00
0.000000000000000000e+00
0.000000000000000000e+00
5.667799999999999505e-01
0.000000000000000000e+00
7.426099999999999923e-01
0.000000000000000000e+00
0.000000000000000000e+00
9.365700000000000136e-01
0.000000000000000000e+00
0.000000000000000000e+00
0.000000000000000000e+00
6.312999999999999723e-01
0.000000000000000000e+00
0.000000000000000000e+00
0.000000000000000000e+00
8.366900000000000448e-01
0.000000000000000000e+00
0.000000000000000000e+00
0.000000000000000000e+00
0.000000000000000000e+00
0.000000000000000000e+00
0.000000000000000000e+00
4.431700000000000084e-01
0.000000000000000000e+00
0.000000000000000000e+00
0.000000000000000000e+00
8.108999999999999542e-01
0.000000000000000000e+00
0.000000000000000000e+00
0.000000000000000000e+00
7.462600000000000344e-01
0.000000000000000000e+00
0.000000000000000000e+00
5.324699999999999989e-01
0.000000000000000000e+00
9.037500000000000533e-01
0.000000000000000000e+00
0.000000000000000000e+00
0.000000000000000000e+00
6.509599999999999831e-01
0.000000000000000000e+00
0.000000000000000000e+00
0.000000000000000000e+00
0.000000000000000000e+00
9.577499999999999902e-01
0.000000000000000000e+00
0.000000000000000000e+00
0.000000000000000000e+00
0.000000000000000000e+00
0.000000000000000000e+00
9.347400000000000153e-01
0.000000000000000000e+00
0.000000000000000000e+00
0.000000000000000000e+00
0.000000000000000000e+00
8.193399999999999572e-01
0.000000000000000000e+00
0.000000000000000000e+00
0.000000000000000000e+00
0.000000000000000000e+00
1.018210000000000059e+00
0.000000000000000000e+00
6.089400000000000368e-01
0.000000000000000000e+00
7.581700000000000106e-01
0.000000000000000000e+00
0.000000000000000000e+00
0.000000000000000000e+00
5.596499999999999808e-01
0.000000000000000000e+00
0.000000000000000000e+00
8.427799999999999736e-01
0.000000000000000000e+00
0.000000000000000000e+00
0.000000000000000000e+00
8.070399999999999796e-01
0.000000000000000000e+00
0.000000000000000000e+00
5.097300000000000164e-01
0.000000000000000000e+00
0.000000000000000000e+00
0.000000000000000000e+00
9.774599999999999955e-01
0.000000000000000000e+00
0.000000000000000000e+00
6.767499999999999627e-01
0.000000000000000000e+00
0.000000000000000000e+00
0.000000000000000000e+00
7.351100000000000412e-01
0.000000000000000000e+00
0.000000000000000000e+00
0.000000000000000000e+00
0.000000000000000000e+00
6.076500000000000234e-01
0.000000000000000000e+00
0.000000000000000000e+00
0.000000000000000000e+00
9.181599999999999762e-01
0.000000000000000000e+00
0.000000000000000000e+00
0.000000000000000000e+00
8.154799999999999827e-01
0.000000000000000000e+00
0.000000000000000000e+00
0.000000000000000000e+00
0.000000000000000000e+00
6.516399999999999970e-01
0.000000000000000000e+00
0.000000000000000000e+00
7.384800000000000253e-01
0.000000000000000000e+00
0.000000000000000000e+00
0.000000000000000000e+00
0.000000000000000000e+00
5.274699999999999944e-01
0.000000000000000000e+00
0.000000000000000000e+00
0.000000000000000000e+00
1.143019999999999925e+00
0.000000000000000000e+00
7.274100000000000010e-01
0.000000000000000000e+00
0.000000000000000000e+00
0.000000000000000000e+00
4.630400000000000071e-01
0.000000000000000000e+00
0.000000000000000000e+00
6.741700000000000470e-01
0.000000000000000000e+00
0.000000000000000000e+00
1.155659999999999910e+00
0.000000000000000000e+00
0.000000000000000000e+00
4.219100000000000072e-01
0.000000000000000000e+00
0.000000000000000000e+00
0.000000000000000000e+00
6.745900000000000230e-01
0.000000000000000000e+00
0.000000000000000000e+00
0.000000000000000000e+00
8.979700000000000459e-01
0.000000000000000000e+00
0.000000000000000000e+00
0.000000000000000000e+00
0.000000000000000000e+00
7.747300000000000297e-01
0.000000000000000000e+00
6.226699999999999458e-01
0.000000000000000000e+00
0.000000000000000000e+00
7.315300000000000136e-01
0.000000000000000000e+00
6.764299999999999757e-01
0.000000000000000000e+00
0.000000000000000000e+00
0.000000000000000000e+00
0.000000000000000000e+00
0.000000000000000000e+00
0.000000000000000000e+00
5.317300000000000360e-01
0.000000000000000000e+00
0.000000000000000000e+00
0.000000000000000000e+00
0.000000000000000000e+00
7.144000000000000350e-01
0.000000000000000000e+00
0.000000000000000000e+00
0.000000000000000000e+00
0.000000000000000000e+00
5.198300000000000143e-01
0.000000000000000000e+00
0.000000000000000000e+00
0.000000000000000000e+00
1.019509999999999916e+00
0.000000000000000000e+00
0.000000000000000000e+00
7.987600000000000255e-01
0.000000000000000000e+00
5.313900000000000290e-01
0.000000000000000000e+00
0.000000000000000000e+00
0.000000000000000000e+00
0.000000000000000000e+00
0.000000000000000000e+00
0.000000000000000000e+00
0.000000000000000000e+00
6.686299999999999466e-01
0.000000000000000000e+00
0.000000000000000000e+00
5.684200000000000363e-01
0.000000000000000000e+00
0.000000000000000000e+00
4.860999999999999766e-01
0.000000000000000000e+00
0.000000000000000000e+00
5.803300000000000125e-01
0.000000000000000000e+00
8.783199999999999896e-01
0.000000000000000000e+00
0.000000000000000000e+00
0.000000000000000000e+00
5.471700000000000452e-01
0.000000000000000000e+00
0.000000000000000000e+00
0.000000000000000000e+00
0.000000000000000000e+00
5.255100000000000326e-01
0.000000000000000000e+00
0.000000000000000000e+00
0.000000000000000000e+00
5.490000000000000435e-01
0.000000000000000000e+00
0.000000000000000000e+00
9.841100000000000403e-01
0.000000000000000000e+00
0.000000000000000000e+00
6.608300000000000285e-01
0.000000000000000000e+00
0.000000000000000000e+00
5.406600000000000295e-01
0.000000000000000000e+00
0.000000000000000000e+00
0.000000000000000000e+00
0.000000000000000000e+00
5.843800000000000106e-01
0.000000000000000000e+00
0.000000000000000000e+00
8.490799999999999459e-01
0.000000000000000000e+00
0.000000000000000000e+00
0.000000000000000000e+00
5.317699999999999649e-01
0.000000000000000000e+00
0.000000000000000000e+00
4.945100000000000051e-01
0.000000000000000000e+00
0.000000000000000000e+00
0.000000000000000000e+00
0.000000000000000000e+00
4.768600000000000061e-01
0.000000000000000000e+00
0.000000000000000000e+00
0.000000000000000000e+00
0.000000000000000000e+00
0.000000000000000000e+00
6.954299999999999926e-01
0.000000000000000000e+00
7.157599999999999518e-01
0.000000000000000000e+00
0.000000000000000000e+00
0.000000000000000000e+00
0.000000000000000000e+00
0.000000000000000000e+00
0.000000000000000000e+00
0.000000000000000000e+00
0.000000000000000000e+00
0.000000000000000000e+00
0.000000000000000000e+00
0.000000000000000000e+00
0.000000000000000000e+00
0.000000000000000000e+00
0.000000000000000000e+00
0.000000000000000000e+00
0.000000000000000000e+00
0.000000000000000000e+00
0.000000000000000000e+00
0.000000000000000000e+00
0.000000000000000000e+00
0.000000000000000000e+00
0.000000000000000000e+00
0.000000000000000000e+00
0.000000000000000000e+00
0.000000000000000000e+00
0.000000000000000000e+00
1.149350000000000094e+00
0.000000000000000000e+00
0.000000000000000000e+00
8.396599999999999620e-01
0.000000000000000000e+00
6.760899999999999688e-01
0.000000000000000000e+00
0.000000000000000000e+00
0.000000000000000000e+00
0.000000000000000000e+00
4.352900000000000102e-01
0.000000000000000000e+00
1.044489999999999919e+00
0.000000000000000000e+00
0.000000000000000000e+00
5.897400000000000420e-01
0.000000000000000000e+00
0.000000000000000000e+00
0.000000000000000000e+00
6.960800000000000320e-01
0.000000000000000000e+00
0.000000000000000000e+00
7.490099999999999536e-01
0.000000000000000000e+00
0.000000000000000000e+00
0.000000000000000000e+00
8.638900000000000468e-01
0.000000000000000000e+00
7.409599999999999520e-01
0.000000000000000000e+00
0.000000000000000000e+00
0.000000000000000000e+00
6.246699999999999475e-01
0.000000000000000000e+00
6.806200000000000028e-01
0.000000000000000000e+00
5.477400000000000047e-01
0.000000000000000000e+00
0.000000000000000000e+00
0.000000000000000000e+00
0.000000000000000000e+00
5.496900000000000119e-01
0.000000000000000000e+00
0.000000000000000000e+00
0.000000000000000000e+00
0.000000000000000000e+00
7.526100000000000012e-01
0.000000000000000000e+00
6.697499999999999565e-01
0.000000000000000000e+00
5.181099999999999595e-01
0.000000000000000000e+00
6.371099999999999541e-01
0.000000000000000000e+00
0.000000000000000000e+00
0.000000000000000000e+00
4.406800000000000161e-01
0.000000000000000000e+00
7.959899999999999753e-01
0.000000000000000000e+00
0.000000000000000000e+00
0.000000000000000000e+00
5.786299999999999777e-01
0.000000000000000000e+00
0.000000000000000000e+00
7.786800000000000388e-01
0.000000000000000000e+00
6.348000000000000309e-01
0.000000000000000000e+00
0.000000000000000000e+00
1.058959999999999901e+00
0.000000000000000000e+00
0.000000000000000000e+00
6.286399999999999766e-01
0.000000000000000000e+00
0.000000000000000000e+00
5.686999999999999833e-01
0.000000000000000000e+00
0.000000000000000000e+00
0.000000000000000000e+00
0.000000000000000000e+00
0.000000000000000000e+00
0.000000000000000000e+00
8.785300000000000331e-01
0.000000000000000000e+00
0.000000000000000000e+00
6.763099999999999667e-01
0.000000000000000000e+00
7.477399999999999602e-01
0.000000000000000000e+00
6.852800000000000002e-01
0.000000000000000000e+00
5.267100000000000115e-01
0.000000000000000000e+00
0.000000000000000000e+00
0.000000000000000000e+00
0.000000000000000000e+00
6.710399999999999698e-01
0.000000000000000000e+00
0.000000000000000000e+00
6.582000000000000073e-01
0.000000000000000000e+00
0.000000000000000000e+00
6.554699999999999971e-01
0.000000000000000000e+00
0.000000000000000000e+00
0.000000000000000000e+00
0.000000000000000000e+00
0.000000000000000000e+00
7.560599999999999543e-01
0.000000000000000000e+00
6.252400000000000180e-01
0.000000000000000000e+00
5.677799999999999514e-01
0.000000000000000000e+00
6.699399999999999800e-01
0.000000000000000000e+00
7.073599999999999888e-01
0.000000000000000000e+00
0.000000000000000000e+00
7.928100000000000147e-01
0.000000000000000000e+00
0.000000000000000000e+00
0.000000000000000000e+00
6.475800000000000445e-01
0.000000000000000000e+00
0.000000000000000000e+00
0.000000000000000000e+00
0.000000000000000000e+00
6.189099999999999602e-01
0.000000000000000000e+00
0.000000000000000000e+00
5.774000000000000243e-01
0.000000000000000000e+00
0.000000000000000000e+00
0.000000000000000000e+00
8.194900000000000517e-01
0.000000000000000000e+00
0.000000000000000000e+00
0.000000000000000000e+00
0.000000000000000000e+00
0.000000000000000000e+00
5.202499999999999902e-01
0.000000000000000000e+00
7.868399999999999839e-01
0.000000000000000000e+00
0.000000000000000000e+00
0.000000000000000000e+00
6.971000000000000529e-01
0.000000000000000000e+00
0.000000000000000000e+00
5.384799999999999587e-01
0.000000000000000000e+00
1.055069999999999952e+00
0.000000000000000000e+00
0.000000000000000000e+00
6.441500000000000004e-01
0.000000000000000000e+00
0.000000000000000000e+00
7.189400000000000235e-01
0.000000000000000000e+00
7.821599999999999664e-01
0.000000000000000000e+00
0.000000000000000000e+00
0.000000000000000000e+00
6.519300000000000095e-01
0.000000000000000000e+00
0.000000000000000000e+00
0.000000000000000000e+00
6.904400000000000537e-01
0.000000000000000000e+00
0.000000000000000000e+00
0.000000000000000000e+00
5.665099999999999580e-01
0.000000000000000000e+00
0.000000000000000000e+00
0.000000000000000000e+00
0.000000000000000000e+00
0.000000000000000000e+00
6.526199999999999779e-01
0.000000000000000000e+00
7.892099999999999671e-01
0.000000000000000000e+00
5.586200000000000054e-01
0.000000000000000000e+00
6.068099999999999605e-01
0.000000000000000000e+00
0.000000000000000000e+00
0.000000000000000000e+00
0.000000000000000000e+00
0.000000000000000000e+00
0.000000000000000000e+00
6.222699999999999898e-01
0.000000000000000000e+00
0.000000000000000000e+00
0.000000000000000000e+00
5.058000000000000274e-01
0.000000000000000000e+00
0.000000000000000000e+00
5.955500000000000238e-01
0.000000000000000000e+00
5.638999999999999568e-01
0.000000000000000000e+00
0.000000000000000000e+00
0.000000000000000000e+00
0.000000000000000000e+00
9.051099999999999701e-01
0.000000000000000000e+00
0.000000000000000000e+00
0.000000000000000000e+00
5.997999999999999998e-01
0.000000000000000000e+00
6.002100000000000213e-01
0.000000000000000000e+00
0.000000000000000000e+00
6.125899999999999679e-01
0.000000000000000000e+00
0.000000000000000000e+00
4.442800000000000082e-01
0.000000000000000000e+00
7.360799999999999566e-01
0.000000000000000000e+00
0.000000000000000000e+00
0.000000000000000000e+00
0.000000000000000000e+00
6.633900000000000352e-01
0.000000000000000000e+00
0.000000000000000000e+00
0.000000000000000000e+00
0.000000000000000000e+00
5.375900000000000123e-01
0.000000000000000000e+00
6.241200000000000081e-01
0.000000000000000000e+00
0.000000000000000000e+00
0.000000000000000000e+00
0.000000000000000000e+00
8.401300000000000434e-01
0.000000000000000000e+00
0.000000000000000000e+00
8.688900000000000512e-01
0.000000000000000000e+00
0.000000000000000000e+00
0.000000000000000000e+00
5.194800000000000528e-01
0.000000000000000000e+00
0.000000000000000000e+00
5.756099999999999550e-01
0.000000000000000000e+00
0.000000000000000000e+00
7.034200000000000452e-01
0.000000000000000000e+00
0.000000000000000000e+00
5.593900000000000539e-01
0.000000000000000000e+00
0.000000000000000000e+00
0.000000000000000000e+00
6.816900000000000182e-01
0.000000000000000000e+00
0.000000000000000000e+00
0.000000000000000000e+00
0.000000000000000000e+00
8.020100000000000007e-01
0.000000000000000000e+00
0.000000000000000000e+00
0.000000000000000000e+00
0.000000000000000000e+00
0.000000000000000000e+00
0.000000000000000000e+00
0.000000000000000000e+00
0.000000000000000000e+00
0.000000000000000000e+00
0.000000000000000000e+00
0.000000000000000000e+00
0.000000000000000000e+00
0.000000000000000000e+00
0.000000000000000000e+00
0.000000000000000000e+00
0.000000000000000000e+00
0.000000000000000000e+00
0.000000000000000000e+00
0.000000000000000000e+00
0.000000000000000000e+00
0.000000000000000000e+00
0.000000000000000000e+00
0.000000000000000000e+00
0.000000000000000000e+00
7.134000000000000341e-01
0.000000000000000000e+00
0.000000000000000000e+00
0.000000000000000000e+00
5.174900000000000055e-01
0.000000000000000000e+00
0.000000000000000000e+00
0.000000000000000000e+00
7.042699999999999516e-01
0.000000000000000000e+00
0.000000000000000000e+00
0.000000000000000000e+00
0.000000000000000000e+00
4.995700000000000141e-01
0.000000000000000000e+00
0.000000000000000000e+00
0.000000000000000000e+00
0.000000000000000000e+00
5.847999999999999865e-01
0.000000000000000000e+00
0.000000000000000000e+00
7.391100000000000447e-01
0.000000000000000000e+00
0.000000000000000000e+00
6.063300000000000356e-01
0.000000000000000000e+00
0.000000000000000000e+00
0.000000000000000000e+00
0.000000000000000000e+00
0.000000000000000000e+00
0.000000000000000000e+00
5.944800000000000084e-01
0.000000000000000000e+00
8.226400000000000379e-01
0.000000000000000000e+00
0.000000000000000000e+00
6.033100000000000129e-01
0.000000000000000000e+00
0.000000000000000000e+00
5.151499999999999968e-01
0.000000000000000000e+00
0.000000000000000000e+00
6.054599999999999982e-01
0.000000000000000000e+00
0.000000000000000000e+00
0.000000000000000000e+00
7.755900000000000016e-01
0.000000000000000000e+00
0.000000000000000000e+00
0.000000000000000000e+00
0.000000000000000000e+00
6.526600000000000179e-01
0.000000000000000000e+00
0.000000000000000000e+00
4.989199999999999746e-01
0.000000000000000000e+00
8.372800000000000242e-01
0.000000000000000000e+00
0.000000000000000000e+00
0.000000000000000000e+00
6.057399999999999451e-01
0.000000000000000000e+00
0.000000000000000000e+00
6.433100000000000485e-01
0.000000000000000000e+00
7.479500000000000037e-01
0.000000000000000000e+00
6.656199999999999894e-01
0.000000000000000000e+00
0.000000000000000000e+00
6.380299999999999860e-01
0.000000000000000000e+00
0.000000000000000000e+00
0.000000000000000000e+00
0.000000000000000000e+00
6.796400000000000219e-01
0.000000000000000000e+00
0.000000000000000000e+00
8.682499999999999662e-01
0.000000000000000000e+00
0.000000000000000000e+00
0.000000000000000000e+00
0.000000000000000000e+00
6.922399999999999665e-01
0.000000000000000000e+00
0.000000000000000000e+00
0.000000000000000000e+00
5.493500000000000050e-01
0.000000000000000000e+00
0.000000000000000000e+00
0.000000000000000000e+00
9.009800000000000031e-01
0.000000000000000000e+00
6.070299999999999585e-01
0.000000000000000000e+00
0.000000000000000000e+00
0.000000000000000000e+00
0.000000000000000000e+00
8.182300000000000129e-01
0.000000000000000000e+00
6.462599999999999456e-01
0.000000000000000000e+00
0.000000000000000000e+00
0.000000000000000000e+00
0.000000000000000000e+00
0.000000000000000000e+00
6.675299999999999567e-01
0.000000000000000000e+00
0.000000000000000000e+00
0.000000000000000000e+00
7.027200000000000113e-01
0.000000000000000000e+00
9.328699999999999770e-01
0.000000000000000000e+00
0.000000000000000000e+00
7.799000000000000377e-01
0.000000000000000000e+00
6.732200000000000406e-01
0.000000000000000000e+00
8.155599999999999516e-01
0.000000000000000000e+00
0.000000000000000000e+00
6.436699999999999644e-01
0.000000000000000000e+00
0.000000000000000000e+00
0.000000000000000000e+00
0.000000000000000000e+00
8.085099999999999509e-01
0.000000000000000000e+00
8.983200000000000074e-01
0.000000000000000000e+00
0.000000000000000000e+00
0.000000000000000000e+00
6.458700000000000552e-01
0.000000000000000000e+00
0.000000000000000000e+00
0.000000000000000000e+00
0.000000000000000000e+00
5.668199999999999905e-01
0.000000000000000000e+00
0.000000000000000000e+00
9.631300000000000416e-01
0.000000000000000000e+00
0.000000000000000000e+00
1.099849999999999994e+00
0.000000000000000000e+00
0.000000000000000000e+00
0.000000000000000000e+00
0.000000000000000000e+00
5.989600000000000479e-01
0.000000000000000000e+00
0.000000000000000000e+00
0.000000000000000000e+00
5.886500000000000066e-01
0.000000000000000000e+00
0.000000000000000000e+00
0.000000000000000000e+00
0.000000000000000000e+00
6.631500000000000172e-01
0.000000000000000000e+00
0.000000000000000000e+00
0.000000000000000000e+00
0.000000000000000000e+00
7.151199999999999779e-01
0.000000000000000000e+00
7.808000000000000496e-01
0.000000000000000000e+00
0.000000000000000000e+00
0.000000000000000000e+00
5.444299999999999695e-01
0.000000000000000000e+00
0.000000000000000000e+00
0.000000000000000000e+00
4.911499999999999755e-01
0.000000000000000000e+00
0.000000000000000000e+00
0.000000000000000000e+00
0.000000000000000000e+00
5.562599999999999767e-01
0.000000000000000000e+00
5.856299999999999839e-01
0.000000000000000000e+00
0.000000000000000000e+00
4.846500000000000252e-01
0.000000000000000000e+00
0.000000000000000000e+00
0.000000000000000000e+00
5.319800000000000084e-01
0.000000000000000000e+00
0.000000000000000000e+00
0.000000000000000000e+00
0.000000000000000000e+00
0.000000000000000000e+00
8.929500000000000215e-01
0.000000000000000000e+00
0.000000000000000000e+00
0.000000000000000000e+00
0.000000000000000000e+00
6.190600000000000547e-01
0.000000000000000000e+00
0.000000000000000000e+00
6.531599999999999628e-01
0.000000000000000000e+00
0.000000000000000000e+00
0.000000000000000000e+00
1.039679999999999938e+00
0.000000000000000000e+00
1.175510000000000055e+00
0.000000000000000000e+00
7.682099999999999485e-01
0.000000000000000000e+00
0.000000000000000000e+00
0.000000000000000000e+00
6.437500000000000444e-01
0.000000000000000000e+00
0.000000000000000000e+00
7.517399999999999638e-01
0.000000000000000000e+00
0.000000000000000000e+00
0.000000000000000000e+00
8.575800000000000090e-01
0.000000000000000000e+00
0.000000000000000000e+00
0.000000000000000000e+00
7.387599999999999723e-01
0.000000000000000000e+00
6.960699999999999665e-01
0.000000000000000000e+00
9.372300000000000075e-01
0.000000000000000000e+00
5.670600000000000085e-01
0.000000000000000000e+00
0.000000000000000000e+00
5.441700000000000426e-01
0.000000000000000000e+00
0.000000000000000000e+00
6.119999999999999885e-01
0.000000000000000000e+00
0.000000000000000000e+00
0.000000000000000000e+00
0.000000000000000000e+00
5.407600000000000184e-01
0.000000000000000000e+00
0.000000000000000000e+00
0.000000000000000000e+00
1.123170000000000002e+00
0.000000000000000000e+00
0.000000000000000000e+00
6.931399999999999784e-01
0.000000000000000000e+00
8.703800000000000425e-01
0.000000000000000000e+00
0.000000000000000000e+00
0.000000000000000000e+00
0.000000000000000000e+00
9.376600000000000490e-01
0.000000000000000000e+00
0.000000000000000000e+00
9.186999999999999611e-01
0.000000000000000000e+00
0.000000000000000000e+00
0.000000000000000000e+00
7.604300000000000503e-01
0.000000000000000000e+00
0.000000000000000000e+00
7.748599999999999932e-01
0.000000000000000000e+00
0.000000000000000000e+00
8.485000000000000320e-01
0.000000000000000000e+00
0.000000000000000000e+00
0.000000000000000000e+00
8.197400000000000242e-01
0.000000000000000000e+00
0.000000000000000000e+00
7.384899999999999798e-01
0.000000000000000000e+00
0.000000000000000000e+00
0.000000000000000000e+00
6.803599999999999648e-01
0.000000000000000000e+00
0.000000000000000000e+00
0.000000000000000000e+00
0.000000000000000000e+00
0.000000000000000000e+00
0.000000000000000000e+00
0.000000000000000000e+00
0.000000000000000000e+00
0.000000000000000000e+00
0.000000000000000000e+00
0.000000000000000000e+00
0.000000000000000000e+00
0.000000000000000000e+00
0.000000000000000000e+00
0.000000000000000000e+00
0.000000000000000000e+00
0.000000000000000000e+00
0.000000000000000000e+00
0.000000000000000000e+00
0.000000000000000000e+00
0.000000000000000000e+00
7.964299999999999713e-01
0.000000000000000000e+00
0.000000000000000000e+00
0.000000000000000000e+00
5.821899999999999853e-01
0.000000000000000000e+00
8.856300000000000283e-01
0.000000000000000000e+00
0.000000000000000000e+00
5.009500000000000064e-01
0.000000000000000000e+00
0.000000000000000000e+00
0.000000000000000000e+00
7.364300000000000290e-01
0.000000000000000000e+00
0.000000000000000000e+00
8.155000000000000027e-01
0.000000000000000000e+00
0.000000000000000000e+00
6.366399999999999837e-01
0.000000000000000000e+00
0.000000000000000000e+00
6.295800000000000285e-01
0.000000000000000000e+00
0.000000000000000000e+00
0.000000000000000000e+00
8.203899999999999526e-01
0.000000000000000000e+00
0.000000000000000000e+00
8.722499999999999698e-01
0.000000000000000000e+00
6.640200000000000546e-01
0.000000000000000000e+00
0.000000000000000000e+00
0.000000000000000000e+00
6.190799999999999637e-01
0.000000000000000000e+00
0.000000000000000000e+00
1.258699999999999930e+00
0.000000000000000000e+00
0.000000000000000000e+00
0.000000000000000000e+00
5.913500000000000423e-01
0.000000000000000000e+00
7.345699999999999452e-01
0.000000000000000000e+00
0.000000000000000000e+00
0.000000000000000000e+00
5.803899999999999615e-01
0.000000000000000000e+00
0.000000000000000000e+00
0.000000000000000000e+00
0.000000000000000000e+00
5.325199999999999934e-01
0.000000000000000000e+00
0.000000000000000000e+00
9.487900000000000222e-01
0.000000000000000000e+00
0.000000000000000000e+00
0.000000000000000000e+00
6.950800000000000312e-01
0.000000000000000000e+00
0.000000000000000000e+00
0.000000000000000000e+00
1.025719999999999965e+00
0.000000000000000000e+00
1.329870000000000108e+00
0.000000000000000000e+00
7.339700000000000113e-01
0.000000000000000000e+00
6.480099999999999749e-01
0.000000000000000000e+00
0.000000000000000000e+00
0.000000000000000000e+00
6.365100000000000202e-01
0.000000000000000000e+00
0.000000000000000000e+00
0.000000000000000000e+00
8.366400000000000503e-01
0.000000000000000000e+00
0.000000000000000000e+00
0.000000000000000000e+00
6.335399999999999920e-01
0.000000000000000000e+00
9.892900000000000027e-01
0.000000000000000000e+00
0.000000000000000000e+00
0.000000000000000000e+00
6.104399999999999826e-01
0.000000000000000000e+00
0.000000000000000000e+00
0.000000000000000000e+00
0.000000000000000000e+00
0.000000000000000000e+00
0.000000000000000000e+00
8.055099999999999483e-01
0.000000000000000000e+00
7.972799999999999887e-01
0.000000000000000000e+00
8.660200000000000120e-01
0.000000000000000000e+00
6.783799999999999830e-01
0.000000000000000000e+00
0.000000000000000000e+00
0.000000000000000000e+00
0.000000000000000000e+00
8.104000000000000092e-01
0.000000000000000000e+00
0.000000000000000000e+00
8.323899999999999633e-01
0.000000000000000000e+00
9.993699999999999806e-01
0.000000000000000000e+00
7.169900000000000162e-01
0.000000000000000000e+00
0.000000000000000000e+00
0.000000000000000000e+00
7.823299999999999699e-01
0.000000000000000000e+00
0.000000000000000000e+00
9.215200000000000058e-01
0.000000000000000000e+00
0.000000000000000000e+00
1.130479999999999929e+00
0.000000000000000000e+00
0.000000000000000000e+00
7.175500000000000211e-01
0.000000000000000000e+00
6.745100000000000540e-01
0.000000000000000000e+00
0.000000000000000000e+00
6.521200000000000330e-01
0.000000000000000000e+00
0.000000000000000000e+00
0.000000000000000000e+00
6.518699999999999495e-01
0.000000000000000000e+00
1.118109999999999937e+00
0.000000000000000000e+00
0.000000000000000000e+00
7.392699999999999827e-01
0.000000000000000000e+00
0.000000000000000000e+00
7.232399999999999940e-01
0.000000000000000000e+00
0.000000000000000000e+00
6.622500000000000053e-01
0.000000000000000000e+00
8.586599999999999788e-01
0.000000000000000000e+00
0.000000000000000000e+00
0.000000000000000000e+00
0.000000000000000000e+00
1.006340000000000012e+00
0.000000000000000000e+00
0.000000000000000000e+00
0.000000000000000000e+00
0.000000000000000000e+00
0.000000000000000000e+00
6.868199999999999861e-01
0.000000000000000000e+00
0.000000000000000000e+00
0.000000000000000000e+00
9.974600000000000133e-01
0.000000000000000000e+00
0.000000000000000000e+00
0.000000000000000000e+00
0.000000000000000000e+00
0.000000000000000000e+00
9.070000000000000284e-01
0.000000000000000000e+00
0.000000000000000000e+00
6.715600000000000458e-01
0.000000000000000000e+00
7.320999999999999730e-01
0.000000000000000000e+00
0.000000000000000000e+00
0.000000000000000000e+00
0.000000000000000000e+00
6.537300000000000333e-01
0.000000000000000000e+00
0.000000000000000000e+00
6.713000000000000078e-01
0.000000000000000000e+00
6.856900000000000217e-01
0.000000000000000000e+00
6.788499999999999535e-01
0.000000000000000000e+00
0.000000000000000000e+00
7.135799999999999921e-01
0.000000000000000000e+00
0.000000000000000000e+00
5.997400000000000508e-01
0.000000000000000000e+00
0.000000000000000000e+00
0.000000000000000000e+00
7.473600000000000243e-01
0.000000000000000000e+00
8.071300000000000141e-01
0.000000000000000000e+00
0.000000000000000000e+00
6.855200000000000182e-01
0.000000000000000000e+00
0.000000000000000000e+00
0.000000000000000000e+00
1.008850000000000025e+00
0.000000000000000000e+00
0.000000000000000000e+00
0.000000000000000000e+00
0.000000000000000000e+00
6.573400000000000354e-01
0.000000000000000000e+00
7.047299999999999676e-01
0.000000000000000000e+00
0.000000000000000000e+00
0.000000000000000000e+00
7.391900000000000137e-01
0.000000000000000000e+00
0.000000000000000000e+00
1.034859999999999891e+00
0.000000000000000000e+00
0.000000000000000000e+00
0.000000000000000000e+00
7.926100000000000367e-01
0.000000000000000000e+00
0.000000000000000000e+00
0.000000000000000000e+00
6.733000000000000096e-01
0.000000000000000000e+00
9.254200000000000204e-01
0.000000000000000000e+00
0.000000000000000000e+00
6.374100000000000321e-01
0.000000000000000000e+00
0.000000000000000000e+00
0.000000000000000000e+00
8.920900000000000496e-01
0.000000000000000000e+00
0.000000000000000000e+00
0.000000000000000000e+00
0.000000000000000000e+00
6.382700000000000040e-01
0.000000000000000000e+00
9.083200000000000163e-01
0.000000000000000000e+00
5.615099999999999536e-01
0.000000000000000000e+00
9.228699999999999681e-01
0.000000000000000000e+00
0.000000000000000000e+00
7.869199999999999529e-01
0.000000000000000000e+00
0.000000000000000000e+00
0.000000000000000000e+00
6.069999999999999840e-01
0.000000000000000000e+00
0.000000000000000000e+00
1.497560000000000002e+00
0.000000000000000000e+00
0.000000000000000000e+00
0.000000000000000000e+00
0.000000000000000000e+00
0.000000000000000000e+00
0.000000000000000000e+00
0.000000000000000000e+00
0.000000000000000000e+00
0.000000000000000000e+00
0.000000000000000000e+00
0.000000000000000000e+00
0.000000000000000000e+00
0.000000000000000000e+00
0.000000000000000000e+00
0.000000000000000000e+00
0.000000000000000000e+00
0.000000000000000000e+00
0.000000000000000000e+00
0.000000000000000000e+00
0.000000000000000000e+00
0.000000000000000000e+00
1.179599999999999982e+00
0.000000000000000000e+00
0.000000000000000000e+00
0.000000000000000000e+00
0.000000000000000000e+00
6.936299999999999688e-01
0.000000000000000000e+00
6.240400000000000391e-01
0.000000000000000000e+00
0.000000000000000000e+00
0.000000000000000000e+00
0.000000000000000000e+00
6.594600000000000461e-01
0.000000000000000000e+00
5.830100000000000282e-01
0.000000000000000000e+00
0.000000000000000000e+00
0.000000000000000000e+00
9.693800000000000194e-01
0.000000000000000000e+00
0.000000000000000000e+00
0.000000000000000000e+00
6.918900000000000050e-01
0.000000000000000000e+00
0.000000000000000000e+00
0.000000000000000000e+00
0.000000000000000000e+00
0.000000000000000000e+00
8.699599999999999556e-01
0.000000000000000000e+00
0.000000000000000000e+00
6.043600000000000083e-01
0.000000000000000000e+00
0.000000000000000000e+00
0.000000000000000000e+00
0.000000000000000000e+00
7.542400000000000215e-01
0.000000000000000000e+00
0.000000000000000000e+00
0.000000000000000000e+00
6.804299999999999793e-01
0.000000000000000000e+00
0.000000000000000000e+00
7.140100000000000335e-01
0.000000000000000000e+00
6.890800000000000258e-01
0.000000000000000000e+00
0.000000000000000000e+00
0.000000000000000000e+00
0.000000000000000000e+00
6.260499999999999954e-01
0.000000000000000000e+00
0.000000000000000000e+00
0.000000000000000000e+00
0.000000000000000000e+00
0.000000000000000000e+00
0.000000000000000000e+00
8.341199999999999726e-01
0.000000000000000000e+00
0.000000000000000000e+00
0.000000000000000000e+00
9.290000000000000480e-01
0.000000000000000000e+00
0.000000000000000000e+00
8.350100000000000300e-01
0.000000000000000000e+00
0.000000000000000000e+00
9.094700000000000006e-01
0.000000000000000000e+00
0.000000000000000000e+00
0.000000000000000000e+00
0.000000000000000000e+00
0.000000000000000000e+00
1.425370000000000026e+00
0.000000000000000000e+00
0.000000000000000000e+00
8.952900000000000302e-01
0.000000000000000000e+00
0.000000000000000000e+00
6.981699999999999573e-01
0.000000000000000000e+00
0.000000000000000000e+00
0.000000000000000000e+00
8.575399999999999689e-01
0.000000000000000000e+00
6.451099999999999612e-01
0.000000000000000000e+00
7.802099999999999591e-01
0.000000000000000000e+00
5.705000000000000071e-01
0.000000000000000000e+00
0.000000000000000000e+00
0.000000000000000000e+00
0.000000000000000000e+00
7.738699999999999468e-01
0.000000000000000000e+00
8.812499999999999778e-01
0.000000000000000000e+00
0.000000000000000000e+00
0.000000000000000000e+00
7.654400000000000093e-01
0.000000000000000000e+00
0.000000000000000000e+00
6.147700000000000387e-01
0.000000000000000000e+00
0.000000000000000000e+00
8.103799999999999892e-01
0.000000000000000000e+00
0.000000000000000000e+00
0.000000000000000000e+00
7.311299999999999466e-01
0.000000000000000000e+00
0.000000000000000000e+00
0.000000000000000000e+00
0.000000000000000000e+00
0.000000000000000000e+00
7.570700000000000207e-01
0.000000000000000000e+00
0.000000000000000000e+00
0.000000000000000000e+00
1.272480000000000055e+00
0.000000000000000000e+00
7.404600000000000071e-01
0.000000000000000000e+00
0.000000000000000000e+00
6.118000000000000105e-01
0.000000000000000000e+00
0.000000000000000000e+00
0.000000000000000000e+00
0.000000000000000000e+00
0.000000000000000000e+00
6.355300000000000393e-01
0.000000000000000000e+00
0.000000000000000000e+00
6.776699999999999946e-01
0.000000000000000000e+00
0.000000000000000000e+00
0.000000000000000000e+00
7.832400000000000473e-01
0.000000000000000000e+00
0.000000000000000000e+00
0.000000000000000000e+00
0.000000000000000000e+00
6.493600000000000483e-01
0.000000000000000000e+00
9.523300000000000098e-01
0.000000000000000000e+00
0.000000000000000000e+00
5.245999999999999552e-01
0.000000000000000000e+00
0.000000000000000000e+00
0.000000000000000000e+00
0.000000000000000000e+00
7.555100000000000149e-01
0.000000000000000000e+00
0.000000000000000000e+00
0.000000000000000000e+00
0.000000000000000000e+00
0.000000000000000000e+00
0.000000000000000000e+00
0.000000000000000000e+00
8.040399999999999769e-01
0.000000000000000000e+00
9.216600000000000348e-01
0.000000000000000000e+00
7.542200000000000015e-01
0.000000000000000000e+00
7.736800000000000344e-01
0.000000000000000000e+00
1.255849999999999911e+00
0.000000000000000000e+00
0.000000000000000000e+00
7.508599999999999719e-01
0.000000000000000000e+00
0.000000000000000000e+00
0.000000000000000000e+00
0.000000000000000000e+00
0.000000000000000000e+00
6.406500000000000528e-01
0.000000000000000000e+00
6.561900000000000510e-01
0.000000000000000000e+00
6.143699999999999717e-01
0.000000000000000000e+00
0.000000000000000000e+00
0.000000000000000000e+00
6.107799999999999896e-01
0.000000000000000000e+00
5.932199999999999696e-01
0.000000000000000000e+00
0.000000000000000000e+00
0.000000000000000000e+00
7.578599999999999781e-01
0.000000000000000000e+00
6.810300000000000242e-01
0.000000000000000000e+00
0.000000000000000000e+00
0.000000000000000000e+00
0.000000000000000000e+00
7.247299999999999853e-01
0.000000000000000000e+00
0.000000000000000000e+00
0.000000000000000000e+00
0.000000000000000000e+00
0.000000000000000000e+00
0.000000000000000000e+00
9.395000000000000018e-01
0.000000000000000000e+00
0.000000000000000000e+00
0.000000000000000000e+00
1.208120000000000083e+00
0.000000000000000000e+00
0.000000000000000000e+00
6.774099999999999566e-01
0.000000000000000000e+00
0.000000000000000000e+00
0.000000000000000000e+00
6.109999999999999876e-01
0.000000000000000000e+00
0.000000000000000000e+00
7.709300000000000042e-01
0.000000000000000000e+00
0.000000000000000000e+00
0.000000000000000000e+00
0.000000000000000000e+00
0.000000000000000000e+00
8.955600000000000227e-01
0.000000000000000000e+00
1.092700000000000005e+00
0.000000000000000000e+00
0.000000000000000000e+00
7.498200000000000420e-01
0.000000000000000000e+00
0.000000000000000000e+00
0.000000000000000000e+00
0.000000000000000000e+00
8.780400000000000427e-01
0.000000000000000000e+00
0.000000000000000000e+00
0.000000000000000000e+00
0.000000000000000000e+00
7.274800000000000155e-01
0.000000000000000000e+00
0.000000000000000000e+00
6.198700000000000321e-01
0.000000000000000000e+00
1.024410000000000043e+00
0.000000000000000000e+00
6.994200000000000417e-01
0.000000000000000000e+00
8.143799999999999928e-01
0.000000000000000000e+00
6.663799999999999724e-01
0.000000000000000000e+00
0.000000000000000000e+00
8.091500000000000359e-01
0.000000000000000000e+00
0.000000000000000000e+00
7.901500000000000190e-01
0.000000000000000000e+00
0.000000000000000000e+00
6.146399999999999642e-01
0.000000000000000000e+00
0.000000000000000000e+00
7.060499999999999554e-01
0.000000000000000000e+00
0.000000000000000000e+00
0.000000000000000000e+00
4.848600000000000132e-01
0.000000000000000000e+00
9.226699999999999902e-01
0.000000000000000000e+00
0.000000000000000000e+00
9.716799999999999882e-01
0.000000000000000000e+00
0.000000000000000000e+00
6.921399999999999775e-01
0.000000000000000000e+00
0.000000000000000000e+00
0.000000000000000000e+00
0.000000000000000000e+00
1.182060000000000111e+00
0.000000000000000000e+00
0.000000000000000000e+00
0.000000000000000000e+00
0.000000000000000000e+00
0.000000000000000000e+00
0.000000000000000000e+00
0.000000000000000000e+00
0.000000000000000000e+00
0.000000000000000000e+00
0.000000000000000000e+00
0.000000000000000000e+00
0.000000000000000000e+00
0.000000000000000000e+00
0.000000000000000000e+00
0.000000000000000000e+00
0.000000000000000000e+00
0.000000000000000000e+00
0.000000000000000000e+00
0.000000000000000000e+00
0.000000000000000000e+00
0.000000000000000000e+00
0.000000000000000000e+00
0.000000000000000000e+00
7.376000000000000334e-01
0.000000000000000000e+00
0.000000000000000000e+00
7.741000000000000103e-01
0.000000000000000000e+00
0.000000000000000000e+00
6.415899999999999936e-01
0.000000000000000000e+00
0.000000000000000000e+00
0.000000000000000000e+00
4.852899999999999991e-01
0.000000000000000000e+00
0.000000000000000000e+00
0.000000000000000000e+00
0.000000000000000000e+00
7.105399999999999494e-01
0.000000000000000000e+00
0.000000000000000000e+00
7.213699999999999557e-01
0.000000000000000000e+00
0.000000000000000000e+00
0.000000000000000000e+00
1.089059999999999917e+00
0.000000000000000000e+00
0.000000000000000000e+00
0.000000000000000000e+00
7.360299999999999621e-01
0.000000000000000000e+00
0.000000000000000000e+00
1.072410000000000085e+00
0.000000000000000000e+00
8.305900000000000505e-01
0.000000000000000000e+00
6.271299999999999653e-01
0.000000000000000000e+00
0.000000000000000000e+00
0.000000000000000000e+00
9.764599999999999946e-01
0.000000000000000000e+00
6.336100000000000065e-01
0.000000000000000000e+00
0.000000000000000000e+00
0.000000000000000000e+00
0.000000000000000000e+00
1.062869999999999981e+00
0.000000000000000000e+00
0.000000000000000000e+00
0.000000000000000000e+00
0.000000000000000000e+00
6.082499999999999574e-01
0.000000000000000000e+00
0.000000000000000000e+00
8.191100000000000048e-01
0.000000000000000000e+00
9.519600000000000284e-01
0.000000000000000000e+00
7.254699999999999482e-01
0.000000000000000000e+00
0.000000000000000000e+00
0.000000000000000000e+00
0.000000000000000000e+00
8.392800000000000260e-01
0.000000000000000000e+00
0.000000000000000000e+00
9.988099999999999756e-01
0.000000000000000000e+00
0.000000000000000000e+00
9.477600000000000469e-01
0.000000000000000000e+00
0.000000000000000000e+00
5.635299999999999754e-01
0.000000000000000000e+00
0.000000000000000000e+00
1.151639999999999997e+00
0.000000000000000000e+00
0.000000000000000000e+00
9.362599999999999811e-01
0.000000000000000000e+00
0.000000000000000000e+00
0.000000000000000000e+00
0.000000000000000000e+00
0.000000000000000000e+00
0.000000000000000000e+00
5.606100000000000527e-01
0.000000000000000000e+00
0.000000000000000000e+00
0.000000000000000000e+00
0.000000000000000000e+00
9.562300000000000244e-01
0.000000000000000000e+00
0.000000000000000000e+00
0.000000000000000000e+00
7.779099999999999904e-01
0.000000000000000000e+00
0.000000000000000000e+00
1.489360000000000017e+00
0.000000000000000000e+00
8.639999999999999902e-01
0.000000000000000000e+00
0.000000000000000000e+00
6.528800000000000159e-01
0.000000000000000000e+00
0.000000000000000000e+00
6.487899999999999778e-01
0.000000000000000000e+00
0.000000000000000000e+00
0.000000000000000000e+00
0.000000000000000000e+00
0.000000000000000000e+00
8.867699999999999472e-01
0.000000000000000000e+00
7.348400000000000487e-01
0.000000000000000000e+00
7.464100000000000179e-01
0.000000000000000000e+00
8.060899999999999732e-01
0.000000000000000000e+00
0.000000000000000000e+00
6.694999999999999840e-01
0.000000000000000000e+00
0.000000000000000000e+00
7.801700000000000301e-01
0.000000000000000000e+00
0.000000000000000000e+00
1.105799999999999894e+00
0.000000000000000000e+00
0.000000000000000000e+00
0.000000000000000000e+00
0.000000000000000000e+00
5.604299999999999837e-01
0.000000000000000000e+00
0.000000000000000000e+00
0.000000000000000000e+00
1.115010000000000057e+00
0.000000000000000000e+00
6.713200000000000278e-01
0.000000000000000000e+00
0.000000000000000000e+00
0.000000000000000000e+00
8.790700000000000180e-01
0.000000000000000000e+00
6.943599999999999772e-01
0.000000000000000000e+00
0.000000000000000000e+00
0.000000000000000000e+00
5.616700000000000026e-01
0.000000000000000000e+00
7.835199999999999942e-01
0.000000000000000000e+00
0.000000000000000000e+00
0.000000000000000000e+00
0.000000000000000000e+00
0.000000000000000000e+00
7.871099999999999763e-01
0.000000000000000000e+00
5.850899999999999990e-01
0.000000000000000000e+00
0.000000000000000000e+00
0.000000000000000000e+00
9.096999999999999531e-01
0.000000000000000000e+00
1.009069999999999911e+00
0.000000000000000000e+00
0.000000000000000000e+00
0.000000000000000000e+00
0.000000000000000000e+00
0.000000000000000000e+00
0.000000000000000000e+00
6.854599999999999582e-01
0.000000000000000000e+00
0.000000000000000000e+00
0.000000000000000000e+00
6.481900000000000439e-01
0.000000000000000000e+00
0.000000000000000000e+00
0.000000000000000000e+00
6.288000000000000256e-01
0.000000000000000000e+00
0.000000000000000000e+00
7.849800000000000111e-01
0.000000000000000000e+00
0.000000000000000000e+00
8.185400000000000453e-01
0.000000000000000000e+00
6.368099999999999872e-01
0.000000000000000000e+00
0.000000000000000000e+00
8.667899999999999494e-01
0.000000000000000000e+00
0.000000000000000000e+00
0.000000000000000000e+00
0.000000000000000000e+00
4.350999999999999868e-01
0.000000000000000000e+00
9.461600000000000010e-01
0.000000000000000000e+00
0.000000000000000000e+00
0.000000000000000000e+00
0.000000000000000000e+00
7.952000000000000179e-01
0.000000000000000000e+00
0.000000000000000000e+00
0.000000000000000000e+00
7.099499999999999700e-01
0.000000000000000000e+00
6.577600000000000113e-01
0.000000000000000000e+00
0.000000000000000000e+00
0.000000000000000000e+00
0.000000000000000000e+00
5.702599999999999891e-01
0.000000000000000000e+00
0.000000000000000000e+00
0.000000000000000000e+00
0.000000000000000000e+00
0.000000000000000000e+00
6.405199999999999783e-01
0.000000000000000000e+00
0.000000000000000000e+00
0.000000000000000000e+00
0.000000000000000000e+00
4.523300000000000098e-01
0.000000000000000000e+00
0.000000000000000000e+00
7.437500000000000222e-01
0.000000000000000000e+00
8.158999999999999586e-01
0.000000000000000000e+00
0.000000000000000000e+00
1.548680000000000057e+00
0.000000000000000000e+00
0.000000000000000000e+00
6.625600000000000378e-01
0.000000000000000000e+00
0.000000000000000000e+00
0.000000000000000000e+00
0.000000000000000000e+00
6.159099999999999575e-01
0.000000000000000000e+00
7.227799999999999780e-01
0.000000000000000000e+00
0.000000000000000000e+00
8.230300000000000393e-01
0.000000000000000000e+00
0.000000000000000000e+00
6.814400000000000457e-01
0.000000000000000000e+00
0.000000000000000000e+00
0.000000000000000000e+00
7.595800000000000329e-01
0.000000000000000000e+00
6.500099999999999767e-01
0.000000000000000000e+00
0.000000000000000000e+00
6.240299999999999736e-01
0.000000000000000000e+00
6.986700000000000133e-01
0.000000000000000000e+00
1.115639999999999965e+00
0.000000000000000000e+00
8.992499999999999938e-01
0.000000000000000000e+00
0.000000000000000000e+00
0.000000000000000000e+00
0.000000000000000000e+00
8.730799999999999672e-01
0.000000000000000000e+00
0.000000000000000000e+00
9.337900000000000089e-01
0.000000000000000000e+00
0.000000000000000000e+00
0.000000000000000000e+00
0.000000000000000000e+00
0.000000000000000000e+00
0.000000000000000000e+00
0.000000000000000000e+00
0.000000000000000000e+00
0.000000000000000000e+00
0.000000000000000000e+00
0.000000000000000000e+00
0.000000000000000000e+00
0.000000000000000000e+00
