0.000000000000000000e+00
0.000000000000000000e+00
0.000000000000000000e+00
0.000000000000000000e+00
0.000000000000000000e+00
0.000000000000000000e+00
0.000000000000000000e+00
0.000000000000000000e+00
0.000000000000000000e+00
0.000000000000000000e+00
9.141200000000000436e-01
0.000000000000000000e+00
1.926830000000000043e+00
0.000000000000000000e+00
0.000000000000000000e+00
1.022550000000000070e+00
0.000000000000000000e+00
0.000000000000000000e+00
0.000000000000000000e+00
9.221200000000000507e-01
0.000000000000000000e+00
0.000000000000000000e+00
7.822299999999999809e-01
0.000000000000000000e+00
0.000000000000000000e+00
7.553600000000000314e-01
0.000000000000000000e+00
6.604799999999999560e-01
0.000000000000000000e+00
0.000000000000000000e+00
0.000000000000000000e+00
7.370799999999999574e-01
0.000000000000000000e+00
0.000000000000000000e+00
0.000000000000000000e+00
7.887999999999999456e-01
0.000000000000000000e+00
0.000000000000000000e+00
1.076529999999999987e+00
0.000000000000000000e+00
7.569099999999999717e-01
0.000000000000000000e+00
0.000000000000000000e+00
7.367700000000000360e-01
0.000000000000000000e+00
0.000000000000000000e+00
0.000000000000000000e+00
0.000000000000000000e+00
6.837800000000000544e-01
0.000000000000000000e+00
0.000000000000000000e+00
0.000000000000000000e+00
6.571299999999999919e-01
0.000000000000000000e+00
8.194900000000000517e-01
0.000000000000000000e+00
0.000000000000000000e+00
0.000000000000000000e+00
6.463499999999999801e-01
0.000000000000000000e+00
6.355699999999999683e-01
0.000000000000000000e+00
9.941100000000000492e-01
0.000000000000000000e+00
6.662000000000000144e-01
0.000000000000000000e+00
0.000000000000000000e+00
0.000000000000000000e+00
6.336199999999999610e-01
0.000000000000000000e+00
0.000000000000000000e+00
0.000000000000000000e+00
0.000000000000000000e+00
0.000000000000000000e+00
6.503600000000000492e-01
0.000000000000000000e+00
6.026599999999999735e-01
0.000000000000000000e+00
0.000000000000000000e+00
6.607800000000000340e-01
0.000000000000000000e+00
6.669500000000000428e-01
0.000000000000000000e+00
0.000000000000000000e+00
5.812199999999999589e-01
0.000000000000000000e+00
0.000000000000000000e+00
0.000000000000000000e+00
5.778100000000000458e-01
0.000000000000000000e+00
0.000000000000000000e+00
6.428000000000000380e-01
0.000000000000000000e+00
0.000000000000000000e+00
0.000000000000000000e+00
0.000000000000000000e+00
6.497899999999999787e-01
0.000000000000000000e+00
8.040800000000000169e-01
0.000000000000000000e+00
0.000000000000000000e+00
0.000000000000000000e+00
0.000000000000000000e+00
5.901399999999999979e-01
0.000000000000000000e+00
0.000000000000000000e+00
0.000000000000000000e+00
7.369799999999999685e-01
0.000000000000000000e+00
0.000000000000000000e+00
0.000000000000000000e+00
6.552700000000000191e-01
0.000000000000000000e+00
0.000000000000000000e+00
6.335499999999999465e-01
0.000000000000000000e+00
0.000000000000000000e+00
0.000000000000000000e+00
0.000000000000000000e+00
0.000000000000000000e+00
7.569200000000000372e-01
0.000000000000000000e+00
0.000000000000000000e+00
6.360299999999999843e-01
0.000000000000000000e+00
7.508500000000000174e-01
0.000000000000000000e+00
0.000000000000000000e+00
0.000000000000000000e+00
7.318200000000000260e-01
0.000000000000000000e+00
1.029109999999999969e+00
0.000000000000000000e+00
0.000000000000000000e+00
0.000000000000000000e+00
1.271840000000000082e+00
0.000000000000000000e+00
0.000000000000000000e+00
0.000000000000000000e+00
6.744400000000000395e-01
0.000000000000000000e+00
0.000000000000000000e+00
0.000000000000000000e+00
8.507200000000000317e-01
0.000000000000000000e+00
0.000000000000000000e+00
8.910299999999999887e-01
0.000000000000000000e+00
1.688050000000000050e+00
0.000000000000000000e+00
0.000000000000000000e+00
6.761500000000000288e-01
0.000000000000000000e+00
0.000000000000000000e+00
8.420900000000000052e-01
0.000000000000000000e+00
0.000000000000000000e+00
0.000000000000000000e+00
7.378700000000000259e-01
0.000000000000000000e+00
0.000000000000000000e+00
0.000000000000000000e+00
0.000000000000000000e+00
9.316600000000000437e-01
0.000000000000000000e+00
0.000000000000000000e+00
0.000000000000000000e+00
8.323099999999999943e-01
0.000000000000000000e+00
0.000000000000000000e+00
0.000000000000000000e+00
0.000000000000000000e+00
7.908199999999999674e-01
0.000000000000000000e+00
0.000000000000000000e+00
5.974300000000000166e-01
0.000000000000000000e+00
0.000000000000000000e+00
7.174099999999999921e-01
0.000000000000000000e+00
9.351699999999999458e-01
0.000000000000000000e+00
0.000000000000000000e+00
0.000000000000000000e+00
6.814599999999999547e-01
0.000000000000000000e+00
0.000000000000000000e+00
0.000000000000000000e+00
8.028300000000000436e-01
0.000000000000000000e+00
0.000000000000000000e+00
0.000000000000000000e+00
0.000000000000000000e+00
7.455899999999999750e-01
0.000000000000000000e+00
0.000000000000000000e+00
6.551200000000000356e-01
0.000000000000000000e+00
8.111899999999999666e-01
0.000000000000000000e+00
0.000000000000000000e+00
0.000000000000000000e+00
7.279299999999999660e-01
0.000000000000000000e+00
0.000000000000000000e+00
0.000000000000000000e+00
0.000000000000000000e+00
0.000000000000000000e+00
7.426800000000000068e-01
0.000000000000000000e+00
1.078869999999999996e+00
0.000000000000000000e+00
7.097400000000000375e-01
0.000000000000000000e+00
6.797600000000000309e-01
0.000000000000000000e+00
0.000000000000000000e+00
0.000000000000000000e+00
6.258700000000000374e-01
0.000000000000000000e+00
7.642900000000000249e-01
0.000000000000000000e+00
1.099420000000000064e+00
0.000000000000000000e+00
0.000000000000000000e+00
0.000000000000000000e+00
6.261700000000000044e-01
0.000000000000000000e+00
0.000000000000000000e+00
0.000000000000000000e+00
0.000000000000000000e+00
8.643499999999999517e-01
0.000000000000000000e+00
1.317749999999999977e+00
0.000000000000000000e+00
6.239599999999999591e-01
0.000000000000000000e+00
0.000000000000000000e+00
6.168400000000000549e-01
0.000000000000000000e+00
6.089099999999999513e-01
0.000000000000000000e+00
0.000000000000000000e+00
0.000000000000000000e+00
0.000000000000000000e+00
1.366610000000000102e+00
0.000000000000000000e+00
6.465999999999999526e-01
0.000000000000000000e+00
0.000000000000000000e+00
0.000000000000000000e+00
0.000000000000000000e+00
0.000000000000000000e+00
0.000000000000000000e+00
6.832599999999999785e-01
0.000000000000000000e+00
6.800399999999999778e-01
0.000000000000000000e+00
0.000000000000000000e+00
0.000000000000000000e+00
6.759300000000000308e-01
0.000000000000000000e+00
0.000000000000000000e+00
0.000000000000000000e+00
6.664200000000000124e-01
0.000000000000000000e+00
0.000000000000000000e+00
7.642299999999999649e-01
0.000000000000000000e+00
7.602499999999999813e-01
0.000000000000000000e+00
0.000000000000000000e+00
0.000000000000000000e+00
0.000000000000000000e+00
1.194150000000000045e+00
0.000000000000000000e+00
0.000000000000000000e+00
0.000000000000000000e+00
0.000000000000000000e+00
0.000000000000000000e+00
0.000000000000000000e+00
0.000000000000000000e+00
0.000000000000000000e+00
0.000000000000000000e+00
0.000000000000000000e+00
0.000000000000000000e+00
0.000000000000000000e+00
0.000000000000000000e+00
0.000000000000000000e+00
0.000000000000000000e+00
0.000000000000000000e+00
0.000000000000000000e+00
0.000000000000000000e+00
0.000000000000000000e+00
0.000000000000000000e+00
0.000000000000000000e+00
7.370499999999999829e-01
0.000000000000000000e+00
0.000000000000000000e+00
6.415800000000000392e-01
0.000000000000000000e+00
7.961399999999999588e-01
0.000000000000000000e+00
7.971099999999999852e-01
0.000000000000000000e+00
0.000000000000000000e+00
0.000000000000000000e+00
0.000000000000000000e+00
7.500799999999999690e-01
0.000000000000000000e+00
0.000000000000000000e+00
0.000000000000000000e+00
7.019300000000000539e-01
0.000000000000000000e+00
0.000000000000000000e+00
7.169200000000000017e-01
0.000000000000000000e+00
7.474600000000000133e-01
0.000000000000000000e+00
0.000000000000000000e+00
0.000000000000000000e+00
6.946099999999999497e-01
0.000000000000000000e+00
6.251900000000000235e-01
0.000000000000000000e+00
0.000000000000000000e+00
7.299700000000000077e-01
0.000000000000000000e+00
0.000000000000000000e+00
0.000000000000000000e+00
0.000000000000000000e+00
0.000000000000000000e+00
0.000000000000000000e+00
7.167000000000000037e-01
0.000000000000000000e+00
6.838699999999999779e-01
0.000000000000000000e+00
0.000000000000000000e+00
0.000000000000000000e+00
7.922700000000000298e-01
0.000000000000000000e+00
0.000000000000000000e+00
0.000000000000000000e+00
9.146699999999999831e-01
0.000000000000000000e+00
0.000000000000000000e+00
0.000000000000000000e+00
0.000000000000000000e+00
0.000000000000000000e+00
0.000000000000000000e+00
0.000000000000000000e+00
8.464899999999999647e-01
0.000000000000000000e+00
0.000000000000000000e+00
1.290300000000000002e+00
0.000000000000000000e+00
0.000000000000000000e+00
8.407599999999999518e-01
0.000000000000000000e+00
0.000000000000000000e+00
5.609199999999999742e-01
0.000000000000000000e+00
0.000000000000000000e+00
0.000000000000000000e+00
5.733500000000000263e-01
0.000000000000000000e+00
0.000000000000000000e+00
5.442700000000000315e-01
0.000000000000000000e+00
0.000000000000000000e+00
7.283899999999999819e-01
0.000000000000000000e+00
0.000000000000000000e+00
7.952599999999999669e-01
0.000000000000000000e+00
0.000000000000000000e+00
9.273200000000000331e-01
0.000000000000000000e+00
0.000000000000000000e+00
0.000000000000000000e+00
0.000000000000000000e+00
7.600700000000000234e-01
0.000000000000000000e+00
1.119499999999999940e+00
0.000000000000000000e+00
0.000000000000000000e+00
0.000000000000000000e+00
0.000000000000000000e+00
7.068499999999999783e-01
0.000000000000000000e+00
1.006250000000000089e+00
0.000000000000000000e+00
0.000000000000000000e+00
0.000000000000000000e+00
0.000000000000000000e+00
0.000000000000000000e+00
0.000000000000000000e+00
0.000000000000000000e+00
7.653900000000000148e-01
0.000000000000000000e+00
0.000000000000000000e+00
7.969399999999999817e-01
0.000000000000000000e+00
0.000000000000000000e+00
9.701899999999999968e-01
0.000000000000000000e+00
0.000000000000000000e+00
0.000000000000000000e+00
6.795200000000000129e-01
0.000000000000000000e+00
0.000000000000000000e+00
0.000000000000000000e+00
7.832200000000000273e-01
0.000000000000000000e+00
1.066359999999999975e+00
0.000000000000000000e+00
0.000000000000000000e+00
0.000000000000000000e+00
6.437300000000000244e-01
0.000000000000000000e+00
7.502699999999999925e-01
0.000000000000000000e+00
0.000000000000000000e+00
0.000000000000000000e+00
1.021849999999999925e+00
0.000000000000000000e+00
0.000000000000000000e+00
0.000000000000000000e+00
1.264289999999999914e+00
0.000000000000000000e+00
0.000000000000000000e+00
9.237100000000000311e-01
0.000000000000000000e+00
0.000000000000000000e+00
8.102099999999999858e-01
0.000000000000000000e+00
8.143700000000000383e-01
0.000000000000000000e+00
0.000000000000000000e+00
0.000000000000000000e+00
7.632400000000000295e-01
0.000000000000000000e+00
0.000000000000000000e+00
1.363070000000000004e+00
0.000000000000000000e+00
7.672799999999999621e-01
0.000000000000000000e+00
7.288700000000000179e-01
0.000000000000000000e+00
0.000000000000000000e+00
8.617000000000000215e-01
0.000000000000000000e+00
0.000000000000000000e+00
0.000000000000000000e+00
0.000000000000000000e+00
9.289699999999999624e-01
0.000000000000000000e+00
8.023200000000000331e-01
0.000000000000000000e+00
0.000000000000000000e+00
1.775039999999999951e+00
0.000000000000000000e+00
7.353800000000000336e-01
0.000000000000000000e+00
0.000000000000000000e+00
0.000000000000000000e+00
0.000000000000000000e+00
0.000000000000000000e+00
8.650799999999999601e-01
0.000000000000000000e+00
0.000000000000000000e+00
0.000000000000000000e+00
8.075999999999999845e-01
0.000000000000000000e+00
0.000000000000000000e+00
1.403790000000000093e+00
0.000000000000000000e+00
0.000000000000000000e+00
1.208250000000000046e+00
0.000000000000000000e+00
0.000000000000000000e+00
0.000000000000000000e+00
0.000000000000000000e+00
0.000000000000000000e+00
0.000000000000000000e+00
7.670700000000000296e-01
0.000000000000000000e+00
0.000000000000000000e+00
7.820099999999999829e-01
0.000000000000000000e+00
1.268389999999999906e+00
0.000000000000000000e+00
0.000000000000000000e+00
0.000000000000000000e+00
8.278200000000000003e-01
0.000000000000000000e+00
7.825600000000000334e-01
0.000000000000000000e+00
8.010399999999999743e-01
0.000000000000000000e+00
0.000000000000000000e+00
0.000000000000000000e+00
0.000000000000000000e+00
8.347299999999999720e-01
0.000000000000000000e+00
0.000000000000000000e+00
7.215500000000000247e-01
0.000000000000000000e+00
1.106610000000000094e+00
0.000000000000000000e+00
0.000000000000000000e+00
1.922679999999999945e+00
0.000000000000000000e+00
0.000000000000000000e+00
0.000000000000000000e+00
0.000000000000000000e+00
6.220700000000000118e-01
0.000000000000000000e+00
0.000000000000000000e+00
0.000000000000000000e+00
0.000000000000000000e+00
0.000000000000000000e+00
8.095999999999999863e-01
0.000000000000000000e+00
5.960600000000000342e-01
0.000000000000000000e+00
0.000000000000000000e+00
0.000000000000000000e+00
0.000000000000000000e+00
0.000000000000000000e+00
6.899600000000000177e-01
0.000000000000000000e+00
0.000000000000000000e+00
0.000000000000000000e+00
0.000000000000000000e+00
8.912099999999999467e-01
0.000000000000000000e+00
0.000000000000000000e+00
0.000000000000000000e+00
0.000000000000000000e+00
0.000000000000000000e+00
0.000000000000000000e+00
9.607099999999999529e-01
0.000000000000000000e+00
0.000000000000000000e+00
0.000000000000000000e+00
0.000000000000000000e+00
7.347500000000000142e-01
0.000000000000000000e+00
0.000000000000000000e+00
0.000000000000000000e+00
1.260450000000000070e+00
0.000000000000000000e+00
1.736709999999999976e+00
0.000000000000000000e+00
0.000000000000000000e+00
0.000000000000000000e+00
6.946200000000000152e-01
0.000000000000000000e+00
0.000000000000000000e+00
0.000000000000000000e+00
6.511099999999999666e-01
0.000000000000000000e+00
0.000000000000000000e+00
1.259660000000000002e+00
0.000000000000000000e+00
0.000000000000000000e+00
0.000000000000000000e+00
8.031300000000000106e-01
0.000000000000000000e+00
0.000000000000000000e+00
5.281000000000000139e-01
0.000000000000000000e+00
5.705099999999999616e-01
0.000000000000000000e+00
0.000000000000000000e+00
0.000000000000000000e+00
6.361999999999999877e-01
0.000000000000000000e+00
0.000000000000000000e+00
0.000000000000000000e+00
0.000000000000000000e+00
0.000000000000000000e+00
0.000000000000000000e+00
0.000000000000000000e+00
0.000000000000000000e+00
0.000000000000000000e+00
0.000000000000000000e+00
0.000000000000000000e+00
0.000000000000000000e+00
0.000000000000000000e+00
0.000000000000000000e+00
0.000000000000000000e+00
0.000000000000000000e+00
0.000000000000000000e+00
0.000000000000000000e+00
0.000000000000000000e+00
0.000000000000000000e+00
0.000000000000000000e+00
6.448300000000000143e-01
0.000000000000000000e+00
0.000000000000000000e+00
0.000000000000000000e+00
5.963399999999999812e-01
0.000000000000000000e+00
8.167100000000000470e-01
0.000000000000000000e+00
0.000000000000000000e+00
0.000000000000000000e+00
0.000000000000000000e+00
6.527600000000000069e-01
0.000000000000000000e+00
0.000000000000000000e+00
0.000000000000000000e+00
8.152399999999999647e-01
0.000000000000000000e+00
7.403800000000000381e-01
0.000000000000000000e+00
0.000000000000000000e+00
0.000000000000000000e+00
7.250499999999999723e-01
0.000000000000000000e+00
0.000000000000000000e+00
8.903699999999999948e-01
0.000000000000000000e+00
8.496399999999999508e-01
0.000000000000000000e+00
7.823799999999999644e-01
0.000000000000000000e+00
8.465799999999999992e-01
0.000000000000000000e+00
0.000000000000000000e+00
8.236700000000000133e-01
0.000000000000000000e+00
0.000000000000000000e+00
0.000000000000000000e+00
0.000000000000000000e+00
0.000000000000000000e+00
6.976700000000000124e-01
0.000000000000000000e+00
0.000000000000000000e+00
0.000000000000000000e+00
0.000000000000000000e+00
8.178699999999999859e-01
0.000000000000000000e+00
6.518300000000000205e-01
0.000000000000000000e+00
0.000000000000000000e+00
0.000000000000000000e+00
0.000000000000000000e+00
7.750399999999999512e-01
0.000000000000000000e+00
0.000000000000000000e+00
6.482799999999999674e-01
0.000000000000000000e+00
7.225700000000000456e-01
0.000000000000000000e+00
0.000000000000000000e+00
6.995599999999999596e-01
0.000000000000000000e+00
0.000000000000000000e+00
7.275099999999999900e-01
0.000000000000000000e+00
0.000000000000000000e+00
0.000000000000000000e+00
6.362100000000000533e-01
0.000000000000000000e+00
6.040100000000000469e-01
0.000000000000000000e+00
0.000000000000000000e+00
0.000000000000000000e+00
8.538099999999999579e-01
0.000000000000000000e+00
0.000000000000000000e+00
6.725400000000000267e-01
0.000000000000000000e+00
0.000000000000000000e+00
0.000000000000000000e+00
7.684199999999999919e-01
0.000000000000000000e+00
9.016100000000000225e-01
0.000000000000000000e+00
0.000000000000000000e+00
0.000000000000000000e+00
7.784900000000000153e-01
0.000000000000000000e+00
0.000000000000000000e+00
6.923799999999999955e-01
0.000000000000000000e+00
0.000000000000000000e+00
8.437200000000000255e-01
0.000000000000000000e+00
0.000000000000000000e+00
0.000000000000000000e+00
0.000000000000000000e+00
7.601599999999999469e-01
0.000000000000000000e+00
1.316629999999999967e+00
0.000000000000000000e+00
0.000000000000000000e+00
0.000000000000000000e+00
0.000000000000000000e+00
6.736900000000000110e-01
0.000000000000000000e+00
0.000000000000000000e+00
7.202800000000000313e-01
0.000000000000000000e+00
0.000000000000000000e+00
0.000000000000000000e+00
0.000000000000000000e+00
0.000000000000000000e+00
9.054799999999999516e-01
0.000000000000000000e+00
6.867400000000000171e-01
0.000000000000000000e+00
9.919499999999999984e-01
0.000000000000000000e+00
0.000000000000000000e+00
0.000000000000000000e+00
7.662600000000000522e-01
0.000000000000000000e+00
0.000000000000000000e+00
0.000000000000000000e+00
7.242800000000000349e-01
0.000000000000000000e+00
0.000000000000000000e+00
0.000000000000000000e+00
0.000000000000000000e+00
8.426799999999999846e-01
0.000000000000000000e+00
0.000000000000000000e+00
7.091899999999999871e-01
0.000000000000000000e+00
6.824700000000000211e-01
0.000000000000000000e+00
0.000000000000000000e+00
0.000000000000000000e+00
0.000000000000000000e+00
0.000000000000000000e+00
0.000000000000000000e+00
0.000000000000000000e+00
7.080499999999999572e-01
0.000000000000000000e+00
0.000000000000000000e+00
0.000000000000000000e+00
6.984500000000000153e-01
0.000000000000000000e+00
0.000000000000000000e+00
0.000000000000000000e+00
0.000000000000000000e+00
5.922100000000000142e-01
0.000000000000000000e+00
0.000000000000000000e+00
7.097799999999999665e-01
0.000000000000000000e+00
0.000000000000000000e+00
1.020319999999999894e+00
0.000000000000000000e+00
0.000000000000000000e+00
0.000000000000000000e+00
8.258799999999999475e-01
0.000000000000000000e+00
0.000000000000000000e+00
0.000000000000000000e+00
9.064600000000000435e-01
0.000000000000000000e+00
0.000000000000000000e+00
0.000000000000000000e+00
1.345080000000000053e+00
0.000000000000000000e+00
0.000000000000000000e+00
0.000000000000000000e+00
6.445100000000000273e-01
0.000000000000000000e+00
7.480599999999999472e-01
0.000000000000000000e+00
0.000000000000000000e+00
7.188400000000000345e-01
0.000000000000000000e+00
6.455300000000000482e-01
0.000000000000000000e+00
0.000000000000000000e+00
0.000000000000000000e+00
6.596999999999999531e-01
0.000000000000000000e+00
0.000000000000000000e+00
0.000000000000000000e+00
0.000000000000000000e+00
1.198930000000000051e+00
0.000000000000000000e+00
0.000000000000000000e+00
0.000000000000000000e+00
6.455800000000000427e-01
0.000000000000000000e+00
0.000000000000000000e+00
0.000000000000000000e+00
0.000000000000000000e+00
9.513700000000000490e-01
0.000000000000000000e+00
0.000000000000000000e+00
9.007199999999999651e-01
0.000000000000000000e+00
5.943399999999999794e-01
0.000000000000000000e+00
1.224439999999999973e+00
0.000000000000000000e+00
5.794399999999999551e-01
0.000000000000000000e+00
0.000000000000000000e+00
7.760399999999999521e-01
0.000000000000000000e+00
0.000000000000000000e+00
0.000000000000000000e+00
0.000000000000000000e+00
0.000000000000000000e+00
0.000000000000000000e+00
0.000000000000000000e+00
7.106799999999999784e-01
0.000000000000000000e+00
0.000000000000000000e+00
9.964899999999999869e-01
0.000000000000000000e+00
0.000000000000000000e+00
0.000000000000000000e+00
7.019100000000000339e-01
0.000000000000000000e+00
0.000000000000000000e+00
0.000000000000000000e+00
9.287900000000000045e-01
0.000000000000000000e+00
0.000000000000000000e+00
1.008270000000000000e+00
0.000000000000000000e+00
0.000000000000000000e+00
0.000000000000000000e+00
0.000000000000000000e+00
9.436900000000000288e-01
0.000000000000000000e+00
9.690400000000000125e-01
0.000000000000000000e+00
0.000000000000000000e+00
0.000000000000000000e+00
8.137400000000000189e-01
0.000000000000000000e+00
0.000000000000000000e+00
0.000000000000000000e+00
0.000000000000000000e+00
9.511300000000000310e-01
0.000000000000000000e+00
7.696699999999999653e-01
0.000000000000000000e+00
8.461800000000000432e-01
0.000000000000000000e+00
0.000000000000000000e+00
0.000000000000000000e+00
6.511099999999999666e-01
0.000000000000000000e+00
9.062000000000000055e-01
0.000000000000000000e+00
0.000000000000000000e+00
0.000000000000000000e+00
0.000000000000000000e+00
8.903400000000000203e-01
0.000000000000000000e+00
0.000000000000000000e+00
7.533499999999999641e-01
0.000000000000000000e+00
0.000000000000000000e+00
0.000000000000000000e+00
0.000000000000000000e+00
7.007999999999999785e-01
0.000000000000000000e+00
0.000000000000000000e+00
0.000000000000000000e+00
0.000000000000000000e+00
6.297700000000000520e-01
0.000000000000000000e+00
7.052000000000000490e-01
0.000000000000000000e+00
0.000000000000000000e+00
0.000000000000000000e+00
0.000000000000000000e+00
0.000000000000000000e+00
0.000000000000000000e+00
0.000000000000000000e+00
0.000000000000000000e+00
0.000000000000000000e+00
0.000000000000000000e+00
0.000000000000000000e+00
0.000000000000000000e+00
0.000000000000000000e+00
0.000000000000000000e+00
0.000000000000000000e+00
0.000000000000000000e+00
0.000000000000000000e+00
0.000000000000000000e+00
0.000000000000000000e+00
0.000000000000000000e+00
0.000000000000000000e+00
0.000000000000000000e+00
0.000000000000000000e+00
8.089600000000000124e-01
0.000000000000000000e+00
0.000000000000000000e+00
0.000000000000000000e+00
0.000000000000000000e+00
9.011700000000000266e-01
0.000000000000000000e+00
0.000000000000000000e+00
0.000000000000000000e+00
8.997399999999999842e-01
0.000000000000000000e+00
7.850099999999999856e-01
0.000000000000000000e+00
0.000000000000000000e+00
8.028800000000000381e-01
0.000000000000000000e+00
0.000000000000000000e+00
0.000000000000000000e+00
7.326799999999999979e-01
0.000000000000000000e+00
0.000000000000000000e+00
8.556000000000000272e-01
0.000000000000000000e+00
0.000000000000000000e+00
0.000000000000000000e+00
0.000000000000000000e+00
5.599699999999999678e-01
0.000000000000000000e+00
0.000000000000000000e+00
7.695600000000000218e-01
0.000000000000000000e+00
0.000000000000000000e+00
8.043799999999999839e-01
0.000000000000000000e+00
0.000000000000000000e+00
0.000000000000000000e+00
7.630099999999999660e-01
0.000000000000000000e+00
1.621920000000000028e+00
0.000000000000000000e+00
0.000000000000000000e+00
6.612000000000000099e-01
0.000000000000000000e+00
1.556680000000000064e+00
0.000000000000000000e+00
0.000000000000000000e+00
0.000000000000000000e+00
0.000000000000000000e+00
7.596300000000000274e-01
0.000000000000000000e+00
0.000000000000000000e+00
0.000000000000000000e+00
1.195119999999999960e+00
0.000000000000000000e+00
1.253270000000000106e+00
0.000000000000000000e+00
8.250600000000000156e-01
0.000000000000000000e+00
0.000000000000000000e+00
0.000000000000000000e+00
6.962500000000000355e-01
0.000000000000000000e+00
0.000000000000000000e+00
7.324899999999999745e-01
0.000000000000000000e+00
0.000000000000000000e+00
0.000000000000000000e+00
0.000000000000000000e+00
1.028310000000000057e+00
0.000000000000000000e+00
0.000000000000000000e+00
9.602199999999999624e-01
0.000000000000000000e+00
0.000000000000000000e+00
0.000000000000000000e+00
7.654300000000000548e-01
0.000000000000000000e+00
0.000000000000000000e+00
0.000000000000000000e+00
8.324300000000000033e-01
0.000000000000000000e+00
0.000000000000000000e+00
0.000000000000000000e+00
7.342899999999999983e-01
0.000000000000000000e+00
7.214699999999999447e-01
0.000000000000000000e+00
8.145400000000000418e-01
0.000000000000000000e+00
0.000000000000000000e+00
8.564800000000000191e-01
0.000000000000000000e+00
0.000000000000000000e+00
5.465299999999999603e-01
0.000000000000000000e+00
0.000000000000000000e+00
1.021630000000000038e+00
0.000000000000000000e+00
9.936099999999999932e-01
0.000000000000000000e+00
0.000000000000000000e+00
0.000000000000000000e+00
0.000000000000000000e+00
0.000000000000000000e+00
8.844800000000000439e-01
0.000000000000000000e+00
9.383399999999999519e-01
0.000000000000000000e+00
0.000000000000000000e+00
0.000000000000000000e+00
9.044200000000000017e-01
0.000000000000000000e+00
0.000000000000000000e+00
9.714699999999999447e-01
0.000000000000000000e+00
0.000000000000000000e+00
0.000000000000000000e+00
7.279700000000000060e-01
0.000000000000000000e+00
0.000000000000000000e+00
0.000000000000000000e+00
0.000000000000000000e+00
1.568279999999999896e+00
0.000000000000000000e+00
0.000000000000000000e+00
0.000000000000000000e+00
6.450000000000000178e-01
0.000000000000000000e+00
0.000000000000000000e+00
9.976699999999999458e-01
0.000000000000000000e+00
0.000000000000000000e+00
5.854200000000000514e-01
0.000000000000000000e+00
0.000000000000000000e+00
0.000000000000000000e+00
6.292100000000000470e-01
0.000000000000000000e+00
0.000000000000000000e+00
0.000000000000000000e+00
8.236400000000000388e-01
0.000000000000000000e+00
0.000000000000000000e+00
9.442800000000000082e-01
0.000000000000000000e+00
0.000000000000000000e+00
0.000000000000000000e+00
6.185199999999999587e-01
0.000000000000000000e+00
0.000000000000000000e+00
0.000000000000000000e+00
9.777299999999999880e-01
0.000000000000000000e+00
0.000000000000000000e+00
0.000000000000000000e+00
9.157300000000000439e-01
0.000000000000000000e+00
0.000000000000000000e+00
0.000000000000000000e+00
0.000000000000000000e+00
0.000000000000000000e+00
0.000000000000000000e+00
7.524300000000000432e-01
0.000000000000000000e+00
0.000000000000000000e+00
7.814200000000000035e-01
0.000000000000000000e+00
0.000000000000000000e+00
0.000000000000000000e+00
7.611799999999999677e-01
0.000000000000000000e+00
0.000000000000000000e+00
0.000000000000000000e+00
0.000000000000000000e+00
0.000000000000000000e+00
0.000000000000000000e+00
0.000000000000000000e+00
1.299460000000000059e+00
0.000000000000000000e+00
0.000000000000000000e+00
1.169349999999999890e+00
0.000000000000000000e+00
6.745600000000000485e-01
0.000000000000000000e+00
0.000000000000000000e+00
0.000000000000000000e+00
7.899599999999999955e-01
0.000000000000000000e+00
0.000000000000000000e+00
7.190499999999999670e-01
0.000000000000000000e+00
7.273800000000000265e-01
0.000000000000000000e+00
0.000000000000000000e+00
0.000000000000000000e+00
6.557500000000000551e-01
0.000000000000000000e+00
0.000000000000000000e+00
0.000000000000000000e+00
0.000000000000000000e+00
7.966900000000000093e-01
0.000000000000000000e+00
0.000000000000000000e+00
0.000000000000000000e+00
1.505929999999999991e+00
0.000000000000000000e+00
7.760200000000000431e-01
0.000000000000000000e+00
8.949899999999999523e-01
0.000000000000000000e+00
0.000000000000000000e+00
0.000000000000000000e+00
7.612700000000000022e-01
0.000000000000000000e+00
0.000000000000000000e+00
0.000000000000000000e+00
0.000000000000000000e+00
0.000000000000000000e+00
0.000000000000000000e+00
6.943000000000000282e-01
0.000000000000000000e+00
8.499600000000000488e-01
0.000000000000000000e+00
0.000000000000000000e+00
0.000000000000000000e+00
0.000000000000000000e+00
7.589200000000000390e-01
0.000000000000000000e+00
0.000000000000000000e+00
0.000000000000000000e+00
0.000000000000000000e+00
8.259600000000000275e-01
0.000000000000000000e+00
8.323300000000000143e-01
0.000000000000000000e+00
1.916639999999999899e+00
0.000000000000000000e+00
0.000000000000000000e+00
7.766600000000000170e-01
0.000000000000000000e+00
0.000000000000000000e+00
6.834700000000000220e-01
0.000000000000000000e+00
0.000000000000000000e+00
9.086100000000000287e-01
0.000000000000000000e+00
0.000000000000000000e+00
6.179999999999999938e-01
0.000000000000000000e+00
6.516300000000000425e-01
0.000000000000000000e+00
0.000000000000000000e+00
0.000000000000000000e+00
9.811100000000000376e-01
0.000000000000000000e+00
0.000000000000000000e+00
0.000000000000000000e+00
5.918400000000000327e-01
0.000000000000000000e+00
0.000000000000000000e+00
7.057799999999999629e-01
0.000000000000000000e+00
0.000000000000000000e+00
0.000000000000000000e+00
0.000000000000000000e+00
7.728899999999999659e-01
0.000000000000000000e+00
0.000000000000000000e+00
0.000000000000000000e+00
8.993499999999999828e-01
0.000000000000000000e+00
0.000000000000000000e+00
0.000000000000000000e+00
0.000000000000000000e+00
6.522299999999999764e-01
0.000000000000000000e+00
5.716900000000000315e-01
0.000000000000000000e+00
0.000000000000000000e+00
0.000000000000000000e+00
0.000000000000000000e+00
0.000000000000000000e+00
7.169299999999999562e-01
0.000000000000000000e+00
0.000000000000000000e+00
0.000000000000000000e+00
0.000000000000000000e+00
0.000000000000000000e+00
0.000000000000000000e+00
0.000000000000000000e+00
0.000000000000000000e+00
0.000000000000000000e+00
0.000000000000000000e+00
0.000000000000000000e+00
0.000000000000000000e+00
0.000000000000000000e+00
0.000000000000000000e+00
0.000000000000000000e+00
0.000000000000000000e+00
0.000000000000000000e+00
0.000000000000000000e+00
0.000000000000000000e+00
0.000000000000000000e+00
0.000000000000000000e+00
0.000000000000000000e+00
0.000000000000000000e+00
1.026829999999999909e+00
0.000000000000000000e+00
0.000000000000000000e+00
6.914000000000000146e-01
0.000000000000000000e+00
9.235299999999999621e-01
0.000000000000000000e+00
0.000000000000000000e+00
0.000000000000000000e+00
5.219000000000000306e-01
0.000000000000000000e+00
0.000000000000000000e+00
6.047700000000000298e-01
0.000000000000000000e+00
0.000000000000000000e+00
1.098999999999999977e+00
0.000000000000000000e+00
0.000000000000000000e+00
0.000000000000000000e+00
0.000000000000000000e+00
0.000000000000000000e+00
5.882300000000000306e-01
0.000000000000000000e+00
7.403100000000000236e-01
0.000000000000000000e+00
7.394699999999999607e-01
0.000000000000000000e+00
0.000000000000000000e+00
0.000000000000000000e+00
0.000000000000000000e+00
8.072799999999999976e-01
0.000000000000000000e+00
0.000000000000000000e+00
0.000000000000000000e+00
7.446399999999999686e-01
0.000000000000000000e+00
0.000000000000000000e+00
0.000000000000000000e+00
6.701500000000000234e-01
0.000000000000000000e+00
0.000000000000000000e+00
0.000000000000000000e+00
0.000000000000000000e+00
0.000000000000000000e+00
8.846399999999999819e-01
0.000000000000000000e+00
0.000000000000000000e+00
0.000000000000000000e+00
0.000000000000000000e+00
0.000000000000000000e+00
0.000000000000000000e+00
0.000000000000000000e+00
7.150199999999999889e-01
0.000000000000000000e+00
0.000000000000000000e+00
0.000000000000000000e+00
7.867699999999999694e-01
0.000000000000000000e+00
0.000000000000000000e+00
1.926390000000000047e+00
0.000000000000000000e+00
0.000000000000000000e+00
0.000000000000000000e+00
6.668699999999999628e-01
0.000000000000000000e+00
0.000000000000000000e+00
0.000000000000000000e+00
0.000000000000000000e+00
0.000000000000000000e+00
0.000000000000000000e+00
6.910399999999999876e-01
0.000000000000000000e+00
0.000000000000000000e+00
0.000000000000000000e+00
8.950599999999999667e-01
0.000000000000000000e+00
0.000000000000000000e+00
1.082349999999999923e+00
0.000000000000000000e+00
0.000000000000000000e+00
9.639400000000000190e-01
0.000000000000000000e+00
0.000000000000000000e+00
5.680500000000000549e-01
0.000000000000000000e+00
0.000000000000000000e+00
0.000000000000000000e+00
5.332799999999999763e-01
0.000000000000000000e+00
0.000000000000000000e+00
0.000000000000000000e+00
6.655499999999999750e-01
0.000000000000000000e+00
5.430700000000000527e-01
0.000000000000000000e+00
0.000000000000000000e+00
6.711200000000000498e-01
0.000000000000000000e+00
6.334800000000000431e-01
0.000000000000000000e+00
5.889199999999999990e-01
0.000000000000000000e+00
0.000000000000000000e+00
8.844100000000000295e-01
0.000000000000000000e+00
0.000000000000000000e+00
0.000000000000000000e+00
7.326899999999999524e-01
0.000000000000000000e+00
7.877600000000000158e-01
0.000000000000000000e+00
0.000000000000000000e+00
7.084300000000000042e-01
0.000000000000000000e+00
0.000000000000000000e+00
1.570060000000000011e+00
0.000000000000000000e+00
7.959300000000000264e-01
0.000000000000000000e+00
0.000000000000000000e+00
1.011770000000000058e+00
0.000000000000000000e+00
6.770599999999999952e-01
0.000000000000000000e+00
0.000000000000000000e+00
6.226599999999999913e-01
0.000000000000000000e+00
0.000000000000000000e+00
0.000000000000000000e+00
1.059260000000000090e+00
0.000000000000000000e+00
0.000000000000000000e+00
0.000000000000000000e+00
0.000000000000000000e+00
9.848000000000000087e-01
0.000000000000000000e+00
0.000000000000000000e+00
0.000000000000000000e+00
1.147759999999999891e+00
0.000000000000000000e+00
0.000000000000000000e+00
0.000000000000000000e+00
1.152630000000000043e+00
0.000000000000000000e+00
0.000000000000000000e+00
7.713200000000000056e-01
0.000000000000000000e+00
0.000000000000000000e+00
0.000000000000000000e+00
6.470900000000000540e-01
0.000000000000000000e+00
0.000000000000000000e+00
0.000000000000000000e+00
0.000000000000000000e+00
7.575699999999999656e-01
0.000000000000000000e+00
0.000000000000000000e+00
0.000000000000000000e+00
0.000000000000000000e+00
7.408400000000000540e-01
0.000000000000000000e+00
0.000000000000000000e+00
0.000000000000000000e+00
6.778100000000000236e-01
0.000000000000000000e+00
0.000000000000000000e+00
0.000000000000000000e+00
6.184899999999999842e-01
0.000000000000000000e+00
0.000000000000000000e+00
0.000000000000000000e+00
0.000000000000000000e+00
0.000000000000000000e+00
6.904799999999999827e-01
0.000000000000000000e+00
9.728200000000000180e-01
0.000000000000000000e+00
0.000000000000000000e+00
0.000000000000000000e+00
7.015500000000000069e-01
0.000000000000000000e+00
0.000000000000000000e+00
0.000000000000000000e+00
0.000000000000000000e+00
7.129199999999999982e-01
0.000000000000000000e+00
6.029700000000000060e-01
0.000000000000000000e+00
0.000000000000000000e+00
6.181999999999999718e-01
0.000000000000000000e+00
0.000000000000000000e+00
0.000000000000000000e+00
0.000000000000000000e+00
6.639199999999999546e-01
0.000000000000000000e+00
0.000000000000000000e+00
0.000000000000000000e+00
0.000000000000000000e+00
0.000000000000000000e+00
9.411599999999999966e-01
0.000000000000000000e+00
9.743100000000000094e-01
0.000000000000000000e+00
0.000000000000000000e+00
1.048880000000000035e+00
0.000000000000000000e+00
0.000000000000000000e+00
0.000000000000000000e+00
8.285000000000000142e-01
0.000000000000000000e+00
1.920109999999999983e+00
0.000000000000000000e+00
0.000000000000000000e+00
6.534400000000000208e-01
0.000000000000000000e+00
0.000000000000000000e+00
0.000000000000000000e+00
9.794300000000000228e-01
0.000000000000000000e+00
0.000000000000000000e+00
0.000000000000000000e+00
0.000000000000000000e+00
0.000000000000000000e+00
0.000000000000000000e+00
6.233199999999999852e-01
0.000000000000000000e+00
0.000000000000000000e+00
0.000000000000000000e+00
0.000000000000000000e+00
0.000000000000000000e+00
6.737900000000000000e-01
0.000000000000000000e+00
1.738960000000000061e+00
0.000000000000000000e+00
0.000000000000000000e+00
6.369899999999999451e-01
0.000000000000000000e+00
0.000000000000000000e+00
0.000000000000000000e+00
0.000000000000000000e+00
6.793299999999999894e-01
0.000000000000000000e+00
0.000000000000000000e+00
6.719800000000000217e-01
0.000000000000000000e+00
0.000000000000000000e+00
0.000000000000000000e+00
6.625699999999999923e-01
0.000000000000000000e+00
1.591979999999999951e+00
0.000000000000000000e+00
0.000000000000000000e+00
0.000000000000000000e+00
1.921769999999999978e+00
0.000000000000000000e+00
0.000000000000000000e+00
0.000000000000000000e+00
9.003999999999999782e-01
0.000000000000000000e+00
0.000000000000000000e+00
8.239900000000000002e-01
0.000000000000000000e+00
0.000000000000000000e+00
9.750299999999999523e-01
0.000000000000000000e+00
0.000000000000000000e+00
6.178099999999999703e-01
0.000000000000000000e+00
7.471700000000000008e-01
0.000000000000000000e+00
7.796800000000000397e-01
0.000000000000000000e+00
0.000000000000000000e+00
0.000000000000000000e+00
0.000000000000000000e+00
0.000000000000000000e+00
7.993099999999999650e-01
0.000000000000000000e+00
0.000000000000000000e+00
1.071420000000000039e+00
0.000000000000000000e+00
0.000000000000000000e+00
0.000000000000000000e+00
9.354900000000000437e-01
0.000000000000000000e+00
0.000000000000000000e+00
7.039100000000000357e-01
0.000000000000000000e+00
0.000000000000000000e+00
0.000000000000000000e+00
0.000000000000000000e+00
0.000000000000000000e+00
0.000000000000000000e+00
0.000000000000000000e+00
0.000000000000000000e+00
0.000000000000000000e+00
0.000000000000000000e+00
0.000000000000000000e+00
0.000000000000000000e+00
0.000000000000000000e+00
0.000000000000000000e+00
0.000000000000000000e+00
0.000000000000000000e+00
0.000000000000000000e+00
0.000000000000000000e+00
0.000000000000000000e+00
0.000000000000000000e+00
0.000000000000000000e+00
0.000000000000000000e+00
0.000000000000000000e+00
0.000000000000000000e+00
8.897699999999999498e-01
0.000000000000000000e+00
8.690700000000000092e-01
0.000000000000000000e+00
0.000000000000000000e+00
0.000000000000000000e+00
6.936700000000000088e-01
0.000000000000000000e+00
8.428499999999999881e-01
0.000000000000000000e+00
0.000000000000000000e+00
6.119200000000000195e-01
0.000000000000000000e+00
0.000000000000000000e+00
0.000000000000000000e+00
7.853200000000000180e-01
0.000000000000000000e+00
0.000000000000000000e+00
0.000000000000000000e+00
9.651499999999999524e-01
0.000000000000000000e+00
0.000000000000000000e+00
0.000000000000000000e+00
0.000000000000000000e+00
0.000000000000000000e+00
0.000000000000000000e+00
6.682200000000000362e-01
0.000000000000000000e+00
0.000000000000000000e+00
0.000000000000000000e+00
0.000000000000000000e+00
1.140779999999999905e+00
0.000000000000000000e+00
0.000000000000000000e+00
0.000000000000000000e+00
5.962899999999999867e-01
0.000000000000000000e+00
0.000000000000000000e+00
7.030800000000000383e-01
0.000000000000000000e+00
0.000000000000000000e+00
0.000000000000000000e+00
6.742200000000000415e-01
0.000000000000000000e+00
0.000000000000000000e+00
0.000000000000000000e+00
6.284999999999999476e-01
0.000000000000000000e+00
0.000000000000000000e+00
6.816900000000000182e-01
0.000000000000000000e+00
0.000000000000000000e+00
5.702700000000000546e-01
0.000000000000000000e+00
0.000000000000000000e+00
6.801500000000000323e-01
0.000000000000000000e+00
0.000000000000000000e+00
0.000000000000000000e+00
8.615000000000000435e-01
0.000000000000000000e+00
0.000000000000000000e+00
1.915890000000000093e+00
0.000000000000000000e+00
0.000000000000000000e+00
1.917459999999999942e+00
0.000000000000000000e+00
0.000000000000000000e+00
0.000000000000000000e+00
6.443299999999999583e-01
0.000000000000000000e+00
0.000000000000000000e+00
7.930199999999999472e-01
0.000000000000000000e+00
1.924299999999999899e+00
0.000000000000000000e+00
1.924209999999999976e+00
0.000000000000000000e+00
0.000000000000000000e+00
0.000000000000000000e+00
0.000000000000000000e+00
7.431499999999999773e-01
0.000000000000000000e+00
0.000000000000000000e+00
0.000000000000000000e+00
1.112729999999999997e+00
0.000000000000000000e+00
0.000000000000000000e+00
0.000000000000000000e+00
0.000000000000000000e+00
6.143800000000000372e-01
0.000000000000000000e+00
0.000000000000000000e+00
0.000000000000000000e+00
9.252099999999999769e-01
0.000000000000000000e+00
0.000000000000000000e+00
6.271499999999999853e-01
0.000000000000000000e+00
0.000000000000000000e+00
0.000000000000000000e+00
6.394199999999999884e-01
0.000000000000000000e+00
0.000000000000000000e+00
1.916879999999999917e+00
0.000000000000000000e+00
0.000000000000000000e+00
6.204100000000000170e-01
0.000000000000000000e+00
0.000000000000000000e+00
1.125229999999999952e+00
0.000000000000000000e+00
0.000000000000000000e+00
8.537900000000000489e-01
0.000000000000000000e+00
0.000000000000000000e+00
6.144899999999999807e-01
0.000000000000000000e+00
0.000000000000000000e+00
6.373299999999999521e-01
0.000000000000000000e+00
0.000000000000000000e+00
0.000000000000000000e+00
7.906300000000000550e-01
0.000000000000000000e+00
0.000000000000000000e+00
0.000000000000000000e+00
0.000000000000000000e+00
1.919929999999999914e+00
0.000000000000000000e+00
0.000000000000000000e+00
0.000000000000000000e+00
7.174199999999999466e-01
0.000000000000000000e+00
0.000000000000000000e+00
0.000000000000000000e+00
0.000000000000000000e+00
0.000000000000000000e+00
1.171680000000000055e+00
0.000000000000000000e+00
1.147950000000000026e+00
0.000000000000000000e+00
0.000000000000000000e+00
8.292199999999999571e-01
0.000000000000000000e+00
1.612919999999999909e+00
0.000000000000000000e+00
0.000000000000000000e+00
0.000000000000000000e+00
5.883000000000000451e-01
0.000000000000000000e+00
0.000000000000000000e+00
0.000000000000000000e+00
7.171300000000000452e-01
0.000000000000000000e+00
0.000000000000000000e+00
0.000000000000000000e+00
7.583400000000000141e-01
0.000000000000000000e+00
1.927130000000000010e+00
0.000000000000000000e+00
0.000000000000000000e+00
0.000000000000000000e+00
6.323900000000000077e-01
0.000000000000000000e+00
0.000000000000000000e+00
6.052100000000000257e-01
0.000000000000000000e+00
0.000000000000000000e+00
0.000000000000000000e+00
1.310759999999999925e+00
0.000000000000000000e+00
0.000000000000000000e+00
0.000000000000000000e+00
5.783099999999999907e-01
0.000000000000000000e+00
9.776299999999999990e-01
0.000000000000000000e+00
0.000000000000000000e+00
0.000000000000000000e+00
1.073299999999999921e+00
0.000000000000000000e+00
0.000000000000000000e+00
0.000000000000000000e+00
7.036200000000000232e-01
0.000000000000000000e+00
0.000000000000000000e+00
1.918760000000000021e+00
0.000000000000000000e+00
0.000000000000000000e+00
0.000000000000000000e+00
5.813000000000000389e-01
0.000000000000000000e+00
0.000000000000000000e+00
6.212299999999999489e-01
0.000000000000000000e+00
8.504300000000000193e-01
0.000000000000000000e+00
5.570500000000000451e-01
0.000000000000000000e+00
0.000000000000000000e+00
0.000000000000000000e+00
0.000000000000000000e+00
7.420700000000000074e-01
0.000000000000000000e+00
0.000000000000000000e+00
5.875200000000000422e-01
0.000000000000000000e+00
0.000000000000000000e+00
1.288000000000000034e+00
0.000000000000000000e+00
6.296000000000000485e-01
0.000000000000000000e+00
0.000000000000000000e+00
0.000000000000000000e+00
0.000000000000000000e+00
1.054580000000000073e+00
0.000000000000000000e+00
0.000000000000000000e+00
6.755900000000000238e-01
0.000000000000000000e+00
0.000000000000000000e+00
0.000000000000000000e+00
0.000000000000000000e+00
8.587500000000000133e-01
0.000000000000000000e+00
0.000000000000000000e+00
0.000000000000000000e+00
0.000000000000000000e+00
7.377700000000000369e-01
0.000000000000000000e+00
0.000000000000000000e+00
0.000000000000000000e+00
7.261999999999999567e-01
0.000000000000000000e+00
0.000000000000000000e+00
1.924360000000000070e+00
0.000000000000000000e+00
0.000000000000000000e+00
0.000000000000000000e+00
6.547199999999999687e-01
0.000000000000000000e+00
0.000000000000000000e+00
1.174390000000000045e+00
0.000000000000000000e+00
0.000000000000000000e+00
7.779399999999999649e-01
0.000000000000000000e+00
0.000000000000000000e+00
9.300199999999999578e-01
0.000000000000000000e+00
0.000000000000000000e+00
0.000000000000000000e+00
0.000000000000000000e+00
6.859600000000000142e-01
0.000000000000000000e+00
0.000000000000000000e+00
0.000000000000000000e+00
7.084200000000000497e-01
0.000000000000000000e+00
0.000000000000000000e+00
1.169859999999999900e+00
0.000000000000000000e+00
8.513199999999999656e-01
0.000000000000000000e+00
1.019640000000000102e+00
0.000000000000000000e+00
5.087699999999999445e-01
0.000000000000000000e+00
0.000000000000000000e+00
0.000000000000000000e+00
6.465300000000000491e-01
0.000000000000000000e+00
0.000000000000000000e+00
0.000000000000000000e+00
6.177799999999999958e-01
0.000000000000000000e+00
0.000000000000000000e+00
0.000000000000000000e+00
0.000000000000000000e+00
0.000000000000000000e+00
0.000000000000000000e+00
0.000000000000000000e+00
0.000000000000000000e+00
0.000000000000000000e+00
0.000000000000000000e+00
0.000000000000000000e+00
0.000000000000000000e+00
