0.000000000000000000e+00
0.000000000000000000e+00
0.000000000000000000e+00
0.000000000000000000e+00
0.000000000000000000e+00
0.000000000000000000e+00
0.000000000000000000e+00
0.000000000000000000e+00
0.000000000000000000e+00
0.000000000000000000e+00
7.867899999999999894e-01
0.000000000000000000e+00
6.069299999999999695e-01
0.000000000000000000e+00
0.000000000000000000e+00
5.618100000000000316e-01
0.000000000000000000e+00
0.000000000000000000e+00
9.719900000000000206e-01
0.000000000000000000e+00
6.421700000000000186e-01
0.000000000000000000e+00
0.000000000000000000e+00
0.000000000000000000e+00
5.899699999999999944e-01
0.000000000000000000e+00
0.000000000000000000e+00
0.000000000000000000e+00
5.447499999999999565e-01
0.000000000000000000e+00
0.000000000000000000e+00
7.057799999999999629e-01
0.000000000000000000e+00
0.000000000000000000e+00
0.000000000000000000e+00
7.601499999999999924e-01
0.000000000000000000e+00
5.454799999999999649e-01
0.000000000000000000e+00
0.000000000000000000e+00
6.516199999999999770e-01
0.000000000000000000e+00
7.466099999999999959e-01
0.000000000000000000e+00
5.757799999999999585e-01
0.000000000000000000e+00
0.000000000000000000e+00
0.000000000000000000e+00
0.000000000000000000e+00
5.612300000000000066e-01
0.000000000000000000e+00
0.000000000000000000e+00
0.000000000000000000e+00
6.493799999999999573e-01
0.000000000000000000e+00
6.208099999999999730e-01
0.000000000000000000e+00
0.000000000000000000e+00
5.731600000000000028e-01
0.000000000000000000e+00
0.000000000000000000e+00
0.000000000000000000e+00
6.841300000000000159e-01
0.000000000000000000e+00
0.000000000000000000e+00
0.000000000000000000e+00
5.439300000000000246e-01
0.000000000000000000e+00
0.000000000000000000e+00
0.000000000000000000e+00
0.000000000000000000e+00
0.000000000000000000e+00
0.000000000000000000e+00
7.207500000000000018e-01
0.000000000000000000e+00
0.000000000000000000e+00
0.000000000000000000e+00
6.705699999999999994e-01
0.000000000000000000e+00
0.000000000000000000e+00
0.000000000000000000e+00
5.966099999999999737e-01
0.000000000000000000e+00
0.000000000000000000e+00
8.268999999999999684e-01
0.000000000000000000e+00
6.471900000000000430e-01
0.000000000000000000e+00
0.000000000000000000e+00
0.000000000000000000e+00
5.354200000000000070e-01
0.000000000000000000e+00
0.000000000000000000e+00
0.000000000000000000e+00
0.000000000000000000e+00
5.315999999999999615e-01
0.000000000000000000e+00
0.000000000000000000e+00
0.000000000000000000e+00
0.000000000000000000e+00
0.000000000000000000e+00
6.304699999999999749e-01
0.000000000000000000e+00
0.000000000000000000e+00
0.000000000000000000e+00
0.000000000000000000e+00
5.645299999999999763e-01
0.000000000000000000e+00
0.000000000000000000e+00
0.000000000000000000e+00
0.000000000000000000e+00
1.333760000000000057e+00
0.000000000000000000e+00
7.267200000000000326e-01
0.000000000000000000e+00
8.389699999999999935e-01
0.000000000000000000e+00
0.000000000000000000e+00
0.000000000000000000e+00
8.788500000000000201e-01
0.000000000000000000e+00
0.000000000000000000e+00
5.598400000000000043e-01
0.000000000000000000e+00
0.000000000000000000e+00
0.000000000000000000e+00
6.086500000000000243e-01
0.000000000000000000e+00
0.000000000000000000e+00
6.932300000000000129e-01
0.000000000000000000e+00
0.000000000000000000e+00
0.000000000000000000e+00
8.249300000000000521e-01
0.000000000000000000e+00
0.000000000000000000e+00
5.545200000000000129e-01
0.000000000000000000e+00
0.000000000000000000e+00
0.000000000000000000e+00
5.135100000000000220e-01
0.000000000000000000e+00
0.000000000000000000e+00
0.000000000000000000e+00
0.000000000000000000e+00
5.567400000000000126e-01
0.000000000000000000e+00
0.000000000000000000e+00
0.000000000000000000e+00
8.091699999999999449e-01
0.000000000000000000e+00
0.000000000000000000e+00
0.000000000000000000e+00
6.790500000000000425e-01
0.000000000000000000e+00
0.000000000000000000e+00
0.000000000000000000e+00
0.000000000000000000e+00
5.332700000000000218e-01
0.000000000000000000e+00
0.000000000000000000e+00
8.948899999999999633e-01
0.000000000000000000e+00
0.000000000000000000e+00
0.000000000000000000e+00
0.000000000000000000e+00
6.051600000000000312e-01
0.000000000000000000e+00
0.000000000000000000e+00
0.000000000000000000e+00
5.536699999999999955e-01
0.000000000000000000e+00
6.017799999999999816e-01
0.000000000000000000e+00
0.000000000000000000e+00
0.000000000000000000e+00
5.448199999999999710e-01
0.000000000000000000e+00
0.000000000000000000e+00
7.865499999999999714e-01
0.000000000000000000e+00
0.000000000000000000e+00
1.916260000000000074e+00
0.000000000000000000e+00
0.000000000000000000e+00
5.583299999999999930e-01
0.000000000000000000e+00
0.000000000000000000e+00
0.000000000000000000e+00
5.977400000000000491e-01
0.000000000000000000e+00
0.000000000000000000e+00
0.000000000000000000e+00
6.082899999999999974e-01
0.000000000000000000e+00
0.000000000000000000e+00
0.000000000000000000e+00
0.000000000000000000e+00
8.998099999999999987e-01
0.000000000000000000e+00
7.296899999999999498e-01
0.000000000000000000e+00
0.000000000000000000e+00
5.542300000000000004e-01
0.000000000000000000e+00
6.999699999999999811e-01
0.000000000000000000e+00
0.000000000000000000e+00
0.000000000000000000e+00
0.000000000000000000e+00
0.000000000000000000e+00
0.000000000000000000e+00
7.735499999999999599e-01
0.000000000000000000e+00
0.000000000000000000e+00
0.000000000000000000e+00
0.000000000000000000e+00
6.929400000000000004e-01
0.000000000000000000e+00
0.000000000000000000e+00
0.000000000000000000e+00
0.000000000000000000e+00
9.526900000000000368e-01
0.000000000000000000e+00
0.000000000000000000e+00
0.000000000000000000e+00
6.382299999999999640e-01
0.000000000000000000e+00
0.000000000000000000e+00
5.845299999999999940e-01
0.000000000000000000e+00
7.086500000000000021e-01
0.000000000000000000e+00
0.000000000000000000e+00
0.000000000000000000e+00
0.000000000000000000e+00
0.000000000000000000e+00
0.000000000000000000e+00
0.000000000000000000e+00
6.152100000000000346e-01
0.000000000000000000e+00
0.000000000000000000e+00
7.457399999999999585e-01
0.000000000000000000e+00
0.000000000000000000e+00
7.507599999999999829e-01
0.000000000000000000e+00
0.000000000000000000e+00
6.255399999999999849e-01
0.000000000000000000e+00
5.221799999999999775e-01
0.000000000000000000e+00
0.000000000000000000e+00
0.000000000000000000e+00
5.785200000000000342e-01
0.000000000000000000e+00
0.000000000000000000e+00
0.000000000000000000e+00
0.000000000000000000e+00
4.921900000000000164e-01
0.000000000000000000e+00
0.000000000000000000e+00
0.000000000000000000e+00
7.944600000000000550e-01
0.000000000000000000e+00
0.000000000000000000e+00
6.419599999999999751e-01
0.000000000000000000e+00
0.000000000000000000e+00
5.793399999999999661e-01
0.000000000000000000e+00
0.000000000000000000e+00
7.820899999999999519e-01
0.000000000000000000e+00
0.000000000000000000e+00
0.000000000000000000e+00
0.000000000000000000e+00
6.584600000000000453e-01
0.000000000000000000e+00
0.000000000000000000e+00
5.574200000000000266e-01
0.000000000000000000e+00
0.000000000000000000e+00
0.000000000000000000e+00
8.059199999999999697e-01
0.000000000000000000e+00
0.000000000000000000e+00
5.726599999999999469e-01
0.000000000000000000e+00
0.000000000000000000e+00
0.000000000000000000e+00
0.000000000000000000e+00
6.158900000000000485e-01
0.000000000000000000e+00
0.000000000000000000e+00
0.000000000000000000e+00
0.000000000000000000e+00
0.000000000000000000e+00
6.269900000000000473e-01
0.000000000000000000e+00
8.427900000000000391e-01
0.000000000000000000e+00
0.000000000000000000e+00
0.000000000000000000e+00
0.000000000000000000e+00
0.000000000000000000e+00
0.000000000000000000e+00
0.000000000000000000e+00
0.000000000000000000e+00
0.000000000000000000e+00
0.000000000000000000e+00
0.000000000000000000e+00
0.000000000000000000e+00
0.000000000000000000e+00
0.000000000000000000e+00
0.000000000000000000e+00
0.000000000000000000e+00
0.000000000000000000e+00
0.000000000000000000e+00
0.000000000000000000e+00
0.000000000000000000e+00
0.000000000000000000e+00
0.000000000000000000e+00
0.000000000000000000e+00
0.000000000000000000e+00
0.000000000000000000e+00
0.000000000000000000e+00
8.751299999999999635e-01
0.000000000000000000e+00
0.000000000000000000e+00
7.489000000000000101e-01
0.000000000000000000e+00
5.548600000000000199e-01
0.000000000000000000e+00
0.000000000000000000e+00
0.000000000000000000e+00
0.000000000000000000e+00
6.222299999999999498e-01
0.000000000000000000e+00
5.288699999999999513e-01
0.000000000000000000e+00
0.000000000000000000e+00
1.022780000000000022e+00
0.000000000000000000e+00
0.000000000000000000e+00
0.000000000000000000e+00
6.612400000000000500e-01
0.000000000000000000e+00
0.000000000000000000e+00
7.285700000000000509e-01
0.000000000000000000e+00
0.000000000000000000e+00
0.000000000000000000e+00
5.891300000000000425e-01
0.000000000000000000e+00
5.689499999999999558e-01
0.000000000000000000e+00
0.000000000000000000e+00
0.000000000000000000e+00
6.199900000000000411e-01
0.000000000000000000e+00
1.249659999999999993e+00
0.000000000000000000e+00
5.710199999999999720e-01
0.000000000000000000e+00
0.000000000000000000e+00
0.000000000000000000e+00
0.000000000000000000e+00
6.906700000000000061e-01
0.000000000000000000e+00
0.000000000000000000e+00
0.000000000000000000e+00
0.000000000000000000e+00
5.688600000000000323e-01
0.000000000000000000e+00
1.045469999999999899e+00
0.000000000000000000e+00
7.924700000000000077e-01
0.000000000000000000e+00
6.125300000000000189e-01
0.000000000000000000e+00
0.000000000000000000e+00
0.000000000000000000e+00
7.994099999999999540e-01
0.000000000000000000e+00
7.542999999999999705e-01
0.000000000000000000e+00
0.000000000000000000e+00
0.000000000000000000e+00
6.808699999999999752e-01
0.000000000000000000e+00
0.000000000000000000e+00
5.295900000000000052e-01
0.000000000000000000e+00
6.546999999999999487e-01
0.000000000000000000e+00
0.000000000000000000e+00
6.029200000000000115e-01
0.000000000000000000e+00
0.000000000000000000e+00
6.136300000000000088e-01
0.000000000000000000e+00
0.000000000000000000e+00
9.856099999999999861e-01
0.000000000000000000e+00
0.000000000000000000e+00
0.000000000000000000e+00
0.000000000000000000e+00
0.000000000000000000e+00
0.000000000000000000e+00
5.304100000000000481e-01
0.000000000000000000e+00
0.000000000000000000e+00
7.735899999999999999e-01
0.000000000000000000e+00
5.315699999999999870e-01
0.000000000000000000e+00
5.954300000000000148e-01
0.000000000000000000e+00
5.988499999999999934e-01
0.000000000000000000e+00
0.000000000000000000e+00
0.000000000000000000e+00
0.000000000000000000e+00
5.744799999999999907e-01
0.000000000000000000e+00
0.000000000000000000e+00
7.029699999999999838e-01
0.000000000000000000e+00
0.000000000000000000e+00
6.230700000000000127e-01
0.000000000000000000e+00
0.000000000000000000e+00
0.000000000000000000e+00
0.000000000000000000e+00
0.000000000000000000e+00
5.532399999999999540e-01
0.000000000000000000e+00
7.586300000000000265e-01
0.000000000000000000e+00
5.485299999999999621e-01
0.000000000000000000e+00
4.997400000000000175e-01
0.000000000000000000e+00
7.730700000000000349e-01
0.000000000000000000e+00
0.000000000000000000e+00
5.664599999999999635e-01
0.000000000000000000e+00
0.000000000000000000e+00
0.000000000000000000e+00
5.675299999999999789e-01
0.000000000000000000e+00
0.000000000000000000e+00
0.000000000000000000e+00
0.000000000000000000e+00
6.070999999999999730e-01
0.000000000000000000e+00
0.000000000000000000e+00
6.075700000000000545e-01
0.000000000000000000e+00
0.000000000000000000e+00
0.000000000000000000e+00
1.063109999999999999e+00
0.000000000000000000e+00
0.000000000000000000e+00
0.000000000000000000e+00
0.000000000000000000e+00
0.000000000000000000e+00
8.552899999999999947e-01
0.000000000000000000e+00
5.698600000000000332e-01
0.000000000000000000e+00
0.000000000000000000e+00
0.000000000000000000e+00
5.846500000000000030e-01
0.000000000000000000e+00
0.000000000000000000e+00
5.866000000000000103e-01
0.000000000000000000e+00
7.500499999999999945e-01
0.000000000000000000e+00
0.000000000000000000e+00
5.301299999999999901e-01
0.000000000000000000e+00
0.000000000000000000e+00
6.950300000000000367e-01
0.000000000000000000e+00
5.451700000000000434e-01
0.000000000000000000e+00
0.000000000000000000e+00
0.000000000000000000e+00
6.330099999999999616e-01
0.000000000000000000e+00
0.000000000000000000e+00
0.000000000000000000e+00
5.941199999999999815e-01
0.000000000000000000e+00
0.000000000000000000e+00
0.000000000000000000e+00
6.449500000000000233e-01
0.000000000000000000e+00
0.000000000000000000e+00
0.000000000000000000e+00
0.000000000000000000e+00
0.000000000000000000e+00
6.839199999999999724e-01
0.000000000000000000e+00
9.063299999999999690e-01
0.000000000000000000e+00
9.373200000000000420e-01
0.000000000000000000e+00
6.248599999999999710e-01
0.000000000000000000e+00
0.000000000000000000e+00
0.000000000000000000e+00
0.000000000000000000e+00
0.000000000000000000e+00
0.000000000000000000e+00
6.194399999999999906e-01
0.000000000000000000e+00
0.000000000000000000e+00
0.000000000000000000e+00
7.617599999999999927e-01
0.000000000000000000e+00
0.000000000000000000e+00
5.535299999999999665e-01
0.000000000000000000e+00
6.008299999999999752e-01
0.000000000000000000e+00
0.000000000000000000e+00
0.000000000000000000e+00
0.000000000000000000e+00
7.623999999999999666e-01
0.000000000000000000e+00
0.000000000000000000e+00
0.000000000000000000e+00
7.029400000000000093e-01
0.000000000000000000e+00
6.090400000000000258e-01
0.000000000000000000e+00
0.000000000000000000e+00
6.889600000000000168e-01
0.000000000000000000e+00
0.000000000000000000e+00
6.850300000000000278e-01
0.000000000000000000e+00
9.452599999999999891e-01
0.000000000000000000e+00
0.000000000000000000e+00
0.000000000000000000e+00
0.000000000000000000e+00
1.134959999999999969e+00
0.000000000000000000e+00
0.000000000000000000e+00
0.000000000000000000e+00
0.000000000000000000e+00
6.106200000000000516e-01
0.000000000000000000e+00
6.877199999999999980e-01
0.000000000000000000e+00
0.000000000000000000e+00
0.000000000000000000e+00
0.000000000000000000e+00
6.102999999999999536e-01
0.000000000000000000e+00
0.000000000000000000e+00
5.679899999999999949e-01
0.000000000000000000e+00
0.000000000000000000e+00
0.000000000000000000e+00
6.645499999999999741e-01
0.000000000000000000e+00
0.000000000000000000e+00
8.145400000000000418e-01
0.000000000000000000e+00
0.000000000000000000e+00
5.500199999999999534e-01
0.000000000000000000e+00
0.000000000000000000e+00
7.158200000000000118e-01
0.000000000000000000e+00
0.000000000000000000e+00
0.000000000000000000e+00
8.678599999999999648e-01
0.000000000000000000e+00
0.000000000000000000e+00
0.000000000000000000e+00
0.000000000000000000e+00
5.249899999999999567e-01
0.000000000000000000e+00
0.000000000000000000e+00
0.000000000000000000e+00
0.000000000000000000e+00
0.000000000000000000e+00
0.000000000000000000e+00
0.000000000000000000e+00
0.000000000000000000e+00
0.000000000000000000e+00
0.000000000000000000e+00
0.000000000000000000e+00
0.000000000000000000e+00
0.000000000000000000e+00
0.000000000000000000e+00
0.000000000000000000e+00
0.000000000000000000e+00
0.000000000000000000e+00
0.000000000000000000e+00
0.000000000000000000e+00
0.000000000000000000e+00
0.000000000000000000e+00
0.000000000000000000e+00
0.000000000000000000e+00
0.000000000000000000e+00
5.803500000000000325e-01
0.000000000000000000e+00
0.000000000000000000e+00
0.000000000000000000e+00
5.208500000000000352e-01
0.000000000000000000e+00
0.000000000000000000e+00
0.000000000000000000e+00
8.392800000000000260e-01
0.000000000000000000e+00
0.000000000000000000e+00
0.000000000000000000e+00
0.000000000000000000e+00
5.641800000000000148e-01
0.000000000000000000e+00
0.000000000000000000e+00
0.000000000000000000e+00
0.000000000000000000e+00
5.705000000000000071e-01
0.000000000000000000e+00
0.000000000000000000e+00
8.494699999999999473e-01
0.000000000000000000e+00
0.000000000000000000e+00
5.725099999999999634e-01
0.000000000000000000e+00
0.000000000000000000e+00
0.000000000000000000e+00
0.000000000000000000e+00
0.000000000000000000e+00
0.000000000000000000e+00
8.536799999999999944e-01
0.000000000000000000e+00
8.973299999999999610e-01
0.000000000000000000e+00
0.000000000000000000e+00
5.599300000000000388e-01
0.000000000000000000e+00
0.000000000000000000e+00
6.169299999999999784e-01
0.000000000000000000e+00
0.000000000000000000e+00
5.335499999999999687e-01
0.000000000000000000e+00
0.000000000000000000e+00
0.000000000000000000e+00
1.325599999999999890e+00
0.000000000000000000e+00
0.000000000000000000e+00
0.000000000000000000e+00
0.000000000000000000e+00
5.756799999999999695e-01
0.000000000000000000e+00
0.000000000000000000e+00
6.618000000000000549e-01
0.000000000000000000e+00
6.048799999999999732e-01
0.000000000000000000e+00
0.000000000000000000e+00
0.000000000000000000e+00
5.786599999999999522e-01
0.000000000000000000e+00
0.000000000000000000e+00
5.114699999999999802e-01
0.000000000000000000e+00
5.800600000000000200e-01
0.000000000000000000e+00
6.016700000000000381e-01
0.000000000000000000e+00
0.000000000000000000e+00
1.205160000000000009e+00
0.000000000000000000e+00
0.000000000000000000e+00
0.000000000000000000e+00
0.000000000000000000e+00
8.959700000000000442e-01
0.000000000000000000e+00
0.000000000000000000e+00
6.581900000000000528e-01
0.000000000000000000e+00
0.000000000000000000e+00
0.000000000000000000e+00
0.000000000000000000e+00
5.416199999999999903e-01
0.000000000000000000e+00
0.000000000000000000e+00
0.000000000000000000e+00
6.749600000000000044e-01
0.000000000000000000e+00
0.000000000000000000e+00
0.000000000000000000e+00
5.994899999999999674e-01
0.000000000000000000e+00
7.967899999999999983e-01
0.000000000000000000e+00
0.000000000000000000e+00
0.000000000000000000e+00
0.000000000000000000e+00
5.337399999999999922e-01
0.000000000000000000e+00
5.834000000000000297e-01
0.000000000000000000e+00
0.000000000000000000e+00
0.000000000000000000e+00
0.000000000000000000e+00
0.000000000000000000e+00
5.436299999999999466e-01
0.000000000000000000e+00
0.000000000000000000e+00
0.000000000000000000e+00
7.268799999999999706e-01
0.000000000000000000e+00
6.633099999999999552e-01
0.000000000000000000e+00
0.000000000000000000e+00
6.009400000000000297e-01
0.000000000000000000e+00
7.081100000000000172e-01
0.000000000000000000e+00
5.786299999999999777e-01
0.000000000000000000e+00
0.000000000000000000e+00
6.101699999999999902e-01
0.000000000000000000e+00
0.000000000000000000e+00
0.000000000000000000e+00
0.000000000000000000e+00
5.975500000000000256e-01
0.000000000000000000e+00
5.648999999999999577e-01
0.000000000000000000e+00
0.000000000000000000e+00
0.000000000000000000e+00
5.683300000000000018e-01
0.000000000000000000e+00
0.000000000000000000e+00
0.000000000000000000e+00
0.000000000000000000e+00
7.037600000000000522e-01
0.000000000000000000e+00
0.000000000000000000e+00
5.753099999999999881e-01
0.000000000000000000e+00
0.000000000000000000e+00
1.255379999999999940e+00
0.000000000000000000e+00
0.000000000000000000e+00
0.000000000000000000e+00
0.000000000000000000e+00
6.377599999999999936e-01
0.000000000000000000e+00
0.000000000000000000e+00
0.000000000000000000e+00
1.268140000000000045e+00
0.000000000000000000e+00
0.000000000000000000e+00
0.000000000000000000e+00
0.000000000000000000e+00
5.322099999999999609e-01
0.000000000000000000e+00
0.000000000000000000e+00
0.000000000000000000e+00
0.000000000000000000e+00
6.548300000000000232e-01
0.000000000000000000e+00
6.448099999999999943e-01
0.000000000000000000e+00
0.000000000000000000e+00
0.000000000000000000e+00
5.683899999999999508e-01
0.000000000000000000e+00
0.000000000000000000e+00
0.000000000000000000e+00
5.469000000000000528e-01
0.000000000000000000e+00
0.000000000000000000e+00
0.000000000000000000e+00
0.000000000000000000e+00
5.354100000000000525e-01
0.000000000000000000e+00
6.396300000000000319e-01
0.000000000000000000e+00
0.000000000000000000e+00
7.460400000000000365e-01
0.000000000000000000e+00
0.000000000000000000e+00
0.000000000000000000e+00
5.089000000000000190e-01
0.000000000000000000e+00
0.000000000000000000e+00
0.000000000000000000e+00
0.000000000000000000e+00
0.000000000000000000e+00
7.618599999999999817e-01
0.000000000000000000e+00
0.000000000000000000e+00
0.000000000000000000e+00
0.000000000000000000e+00
6.035899999999999599e-01
0.000000000000000000e+00
0.000000000000000000e+00
6.554100000000000481e-01
0.000000000000000000e+00
0.000000000000000000e+00
0.000000000000000000e+00
5.784799999999999942e-01
0.000000000000000000e+00
6.817499999999999671e-01
0.000000000000000000e+00
5.234600000000000364e-01
0.000000000000000000e+00
0.000000000000000000e+00
0.000000000000000000e+00
1.721819999999999906e+00
0.000000000000000000e+00
0.000000000000000000e+00
6.056000000000000272e-01
0.000000000000000000e+00
0.000000000000000000e+00
0.000000000000000000e+00
5.726400000000000379e-01
0.000000000000000000e+00
0.000000000000000000e+00
0.000000000000000000e+00
6.133399999999999963e-01
0.000000000000000000e+00
7.490400000000000391e-01
0.000000000000000000e+00
6.378099999999999881e-01
0.000000000000000000e+00
5.840899999999999981e-01
0.000000000000000000e+00
0.000000000000000000e+00
6.436600000000000099e-01
0.000000000000000000e+00
0.000000000000000000e+00
5.694900000000000517e-01
0.000000000000000000e+00
0.000000000000000000e+00
0.000000000000000000e+00
0.000000000000000000e+00
5.965000000000000302e-01
0.000000000000000000e+00
0.000000000000000000e+00
0.000000000000000000e+00
6.014800000000000146e-01
0.000000000000000000e+00
0.000000000000000000e+00
5.354299999999999615e-01
0.000000000000000000e+00
5.467300000000000493e-01
0.000000000000000000e+00
0.000000000000000000e+00
0.000000000000000000e+00
0.000000000000000000e+00
6.194800000000000306e-01
0.000000000000000000e+00
0.000000000000000000e+00
6.586199999999999832e-01
0.000000000000000000e+00
0.000000000000000000e+00
0.000000000000000000e+00
5.352400000000000491e-01
0.000000000000000000e+00
0.000000000000000000e+00
6.029400000000000315e-01
0.000000000000000000e+00
0.000000000000000000e+00
1.142120000000000024e+00
0.000000000000000000e+00
0.000000000000000000e+00
0.000000000000000000e+00
6.125899999999999679e-01
0.000000000000000000e+00
0.000000000000000000e+00
6.095000000000000417e-01
0.000000000000000000e+00
0.000000000000000000e+00
0.000000000000000000e+00
5.168800000000000061e-01
0.000000000000000000e+00
0.000000000000000000e+00
0.000000000000000000e+00
0.000000000000000000e+00
0.000000000000000000e+00
0.000000000000000000e+00
0.000000000000000000e+00
0.000000000000000000e+00
0.000000000000000000e+00
0.000000000000000000e+00
0.000000000000000000e+00
0.000000000000000000e+00
0.000000000000000000e+00
0.000000000000000000e+00
0.000000000000000000e+00
0.000000000000000000e+00
0.000000000000000000e+00
0.000000000000000000e+00
0.000000000000000000e+00
0.000000000000000000e+00
0.000000000000000000e+00
6.493900000000000228e-01
0.000000000000000000e+00
0.000000000000000000e+00
0.000000000000000000e+00
6.802599999999999758e-01
0.000000000000000000e+00
1.473749999999999893e+00
0.000000000000000000e+00
0.000000000000000000e+00
7.276000000000000245e-01
0.000000000000000000e+00
0.000000000000000000e+00
0.000000000000000000e+00
5.819299999999999473e-01
0.000000000000000000e+00
0.000000000000000000e+00
5.441899999999999515e-01
0.000000000000000000e+00
0.000000000000000000e+00
6.258500000000000174e-01
0.000000000000000000e+00
0.000000000000000000e+00
5.480899999999999661e-01
0.000000000000000000e+00
0.000000000000000000e+00
0.000000000000000000e+00
5.665999999999999925e-01
0.000000000000000000e+00
0.000000000000000000e+00
7.674299999999999455e-01
0.000000000000000000e+00
8.897599999999999953e-01
0.000000000000000000e+00
0.000000000000000000e+00
0.000000000000000000e+00
5.663000000000000256e-01
0.000000000000000000e+00
0.000000000000000000e+00
5.954199999999999493e-01
0.000000000000000000e+00
0.000000000000000000e+00
0.000000000000000000e+00
6.958900000000000086e-01
0.000000000000000000e+00
6.190600000000000547e-01
0.000000000000000000e+00
0.000000000000000000e+00
0.000000000000000000e+00
7.089100000000000401e-01
0.000000000000000000e+00
0.000000000000000000e+00
0.000000000000000000e+00
0.000000000000000000e+00
5.969299999999999606e-01
0.000000000000000000e+00
0.000000000000000000e+00
5.947799999999999754e-01
0.000000000000000000e+00
0.000000000000000000e+00
0.000000000000000000e+00
1.085210000000000008e+00
0.000000000000000000e+00
0.000000000000000000e+00
0.000000000000000000e+00
6.167500000000000204e-01
0.000000000000000000e+00
8.691499999999999782e-01
0.000000000000000000e+00
9.257400000000000073e-01
0.000000000000000000e+00
6.006399999999999517e-01
0.000000000000000000e+00
0.000000000000000000e+00
0.000000000000000000e+00
5.784099999999999797e-01
0.000000000000000000e+00
0.000000000000000000e+00
0.000000000000000000e+00
5.521700000000000497e-01
0.000000000000000000e+00
0.000000000000000000e+00
0.000000000000000000e+00
9.486200000000000188e-01
0.000000000000000000e+00
6.548500000000000432e-01
0.000000000000000000e+00
0.000000000000000000e+00
0.000000000000000000e+00
5.717700000000000005e-01
0.000000000000000000e+00
0.000000000000000000e+00
0.000000000000000000e+00
0.000000000000000000e+00
0.000000000000000000e+00
0.000000000000000000e+00
6.199999999999999956e-01
0.000000000000000000e+00
5.653899999999999482e-01
0.000000000000000000e+00
6.540700000000000403e-01
0.000000000000000000e+00
6.026599999999999735e-01
0.000000000000000000e+00
0.000000000000000000e+00
0.000000000000000000e+00
0.000000000000000000e+00
5.978700000000000125e-01
0.000000000000000000e+00
0.000000000000000000e+00
1.019910000000000094e+00
0.000000000000000000e+00
5.940600000000000325e-01
0.000000000000000000e+00
7.372800000000000464e-01
0.000000000000000000e+00
0.000000000000000000e+00
0.000000000000000000e+00
6.612799999999999789e-01
0.000000000000000000e+00
0.000000000000000000e+00
1.194569999999999910e+00
0.000000000000000000e+00
0.000000000000000000e+00
1.585539999999999949e+00
0.000000000000000000e+00
0.000000000000000000e+00
6.215300000000000269e-01
0.000000000000000000e+00
6.321600000000000552e-01
0.000000000000000000e+00
0.000000000000000000e+00
5.434200000000000141e-01
0.000000000000000000e+00
0.000000000000000000e+00
0.000000000000000000e+00
7.706600000000000117e-01
0.000000000000000000e+00
6.031600000000000295e-01
0.000000000000000000e+00
0.000000000000000000e+00
6.104899999999999771e-01
0.000000000000000000e+00
0.000000000000000000e+00
5.960299999999999487e-01
0.000000000000000000e+00
0.000000000000000000e+00
6.415399999999999991e-01
0.000000000000000000e+00
6.783099999999999685e-01
0.000000000000000000e+00
0.000000000000000000e+00
0.000000000000000000e+00
0.000000000000000000e+00
5.870900000000000007e-01
0.000000000000000000e+00
0.000000000000000000e+00
0.000000000000000000e+00
0.000000000000000000e+00
0.000000000000000000e+00
6.160600000000000520e-01
0.000000000000000000e+00
0.000000000000000000e+00
0.000000000000000000e+00
7.411900000000000155e-01
0.000000000000000000e+00
0.000000000000000000e+00
0.000000000000000000e+00
0.000000000000000000e+00
0.000000000000000000e+00
5.994800000000000129e-01
0.000000000000000000e+00
0.000000000000000000e+00
5.332799999999999763e-01
0.000000000000000000e+00
7.473499999999999588e-01
0.000000000000000000e+00
0.000000000000000000e+00
0.000000000000000000e+00
0.000000000000000000e+00
7.819000000000000394e-01
0.000000000000000000e+00
0.000000000000000000e+00
6.547500000000000542e-01
0.000000000000000000e+00
5.808900000000000174e-01
0.000000000000000000e+00
5.942499999999999449e-01
0.000000000000000000e+00
0.000000000000000000e+00
7.380400000000000293e-01
0.000000000000000000e+00
0.000000000000000000e+00
7.418099999999999694e-01
0.000000000000000000e+00
0.000000000000000000e+00
0.000000000000000000e+00
6.927499999999999769e-01
0.000000000000000000e+00
6.675999999999999712e-01
0.000000000000000000e+00
0.000000000000000000e+00
6.515199999999999880e-01
0.000000000000000000e+00
0.000000000000000000e+00
0.000000000000000000e+00
6.742200000000000415e-01
0.000000000000000000e+00
0.000000000000000000e+00
0.000000000000000000e+00
0.000000000000000000e+00
6.157700000000000395e-01
0.000000000000000000e+00
6.677899999999999947e-01
0.000000000000000000e+00
0.000000000000000000e+00
0.000000000000000000e+00
5.495299999999999629e-01
0.000000000000000000e+00
0.000000000000000000e+00
9.884300000000000308e-01
0.000000000000000000e+00
0.000000000000000000e+00
0.000000000000000000e+00
8.089499999999999469e-01
0.000000000000000000e+00
0.000000000000000000e+00
0.000000000000000000e+00
6.683400000000000452e-01
0.000000000000000000e+00
7.076900000000000412e-01
0.000000000000000000e+00
0.000000000000000000e+00
7.639700000000000379e-01
0.000000000000000000e+00
0.000000000000000000e+00
0.000000000000000000e+00
7.892400000000000526e-01
0.000000000000000000e+00
0.000000000000000000e+00
0.000000000000000000e+00
0.000000000000000000e+00
8.116200000000000081e-01
0.000000000000000000e+00
7.288900000000000379e-01
0.000000000000000000e+00
6.588899999999999757e-01
0.000000000000000000e+00
8.834499999999999575e-01
0.000000000000000000e+00
0.000000000000000000e+00
6.234100000000000197e-01
0.000000000000000000e+00
0.000000000000000000e+00
0.000000000000000000e+00
7.140699999999999825e-01
0.000000000000000000e+00
0.000000000000000000e+00
9.467600000000000460e-01
0.000000000000000000e+00
0.000000000000000000e+00
0.000000000000000000e+00
0.000000000000000000e+00
0.000000000000000000e+00
0.000000000000000000e+00
0.000000000000000000e+00
0.000000000000000000e+00
0.000000000000000000e+00
0.000000000000000000e+00
0.000000000000000000e+00
0.000000000000000000e+00
0.000000000000000000e+00
0.000000000000000000e+00
0.000000000000000000e+00
0.000000000000000000e+00
0.000000000000000000e+00
0.000000000000000000e+00
0.000000000000000000e+00
0.000000000000000000e+00
0.000000000000000000e+00
6.955400000000000471e-01
0.000000000000000000e+00
0.000000000000000000e+00
0.000000000000000000e+00
0.000000000000000000e+00
6.346899999999999764e-01
0.000000000000000000e+00
7.710799999999999876e-01
0.000000000000000000e+00
0.000000000000000000e+00
0.000000000000000000e+00
0.000000000000000000e+00
5.681500000000000439e-01
0.000000000000000000e+00
1.117660000000000098e+00
0.000000000000000000e+00
0.000000000000000000e+00
0.000000000000000000e+00
6.012600000000000167e-01
0.000000000000000000e+00
0.000000000000000000e+00
0.000000000000000000e+00
6.245800000000000241e-01
0.000000000000000000e+00
0.000000000000000000e+00
0.000000000000000000e+00
0.000000000000000000e+00
0.000000000000000000e+00
8.674199999999999688e-01
0.000000000000000000e+00
0.000000000000000000e+00
5.805900000000000505e-01
0.000000000000000000e+00
0.000000000000000000e+00
0.000000000000000000e+00
0.000000000000000000e+00
8.116100000000000536e-01
0.000000000000000000e+00
0.000000000000000000e+00
0.000000000000000000e+00
9.592899999999999761e-01
0.000000000000000000e+00
0.000000000000000000e+00
7.891200000000000436e-01
0.000000000000000000e+00
7.496699999999999475e-01
0.000000000000000000e+00
0.000000000000000000e+00
0.000000000000000000e+00
0.000000000000000000e+00
7.704199999999999937e-01
0.000000000000000000e+00
0.000000000000000000e+00
0.000000000000000000e+00
0.000000000000000000e+00
0.000000000000000000e+00
0.000000000000000000e+00
6.791500000000000314e-01
0.000000000000000000e+00
0.000000000000000000e+00
0.000000000000000000e+00
7.002800000000000136e-01
0.000000000000000000e+00
0.000000000000000000e+00
6.559399999999999675e-01
0.000000000000000000e+00
0.000000000000000000e+00
9.393700000000000383e-01
0.000000000000000000e+00
0.000000000000000000e+00
0.000000000000000000e+00
0.000000000000000000e+00
0.000000000000000000e+00
6.869300000000000406e-01
0.000000000000000000e+00
0.000000000000000000e+00
7.432199999999999918e-01
0.000000000000000000e+00
0.000000000000000000e+00
6.513299999999999645e-01
0.000000000000000000e+00
0.000000000000000000e+00
0.000000000000000000e+00
7.323499999999999455e-01
0.000000000000000000e+00
6.379299999999999971e-01
0.000000000000000000e+00
6.821099999999999941e-01
0.000000000000000000e+00
6.693799999999999750e-01
0.000000000000000000e+00
0.000000000000000000e+00
0.000000000000000000e+00
0.000000000000000000e+00
6.780300000000000216e-01
0.000000000000000000e+00
6.090400000000000258e-01
0.000000000000000000e+00
0.000000000000000000e+00
0.000000000000000000e+00
5.904000000000000359e-01
0.000000000000000000e+00
0.000000000000000000e+00
7.048100000000000476e-01
0.000000000000000000e+00
0.000000000000000000e+00
7.884499999999999842e-01
0.000000000000000000e+00
0.000000000000000000e+00
0.000000000000000000e+00
6.380000000000000115e-01
0.000000000000000000e+00
0.000000000000000000e+00
0.000000000000000000e+00
0.000000000000000000e+00
0.000000000000000000e+00
6.238799999999999901e-01
0.000000000000000000e+00
0.000000000000000000e+00
0.000000000000000000e+00
1.262159999999999949e+00
0.000000000000000000e+00
1.039439999999999920e+00
0.000000000000000000e+00
0.000000000000000000e+00
6.716900000000000093e-01
0.000000000000000000e+00
0.000000000000000000e+00
0.000000000000000000e+00
0.000000000000000000e+00
0.000000000000000000e+00
6.494499999999999718e-01
0.000000000000000000e+00
0.000000000000000000e+00
6.566800000000000415e-01
0.000000000000000000e+00
0.000000000000000000e+00
0.000000000000000000e+00
5.901499999999999524e-01
0.000000000000000000e+00
0.000000000000000000e+00
0.000000000000000000e+00
0.000000000000000000e+00
5.965500000000000247e-01
0.000000000000000000e+00
6.586699999999999777e-01
0.000000000000000000e+00
0.000000000000000000e+00
9.495500000000000052e-01
0.000000000000000000e+00
0.000000000000000000e+00
0.000000000000000000e+00
0.000000000000000000e+00
9.337499999999999689e-01
0.000000000000000000e+00
0.000000000000000000e+00
0.000000000000000000e+00
0.000000000000000000e+00
0.000000000000000000e+00
0.000000000000000000e+00
0.000000000000000000e+00
5.739900000000000002e-01
0.000000000000000000e+00
6.784000000000000030e-01
0.000000000000000000e+00
6.041699999999999848e-01
0.000000000000000000e+00
6.036500000000000199e-01
0.000000000000000000e+00
6.696800000000000530e-01
0.000000000000000000e+00
0.000000000000000000e+00
8.120399999999999840e-01
0.000000000000000000e+00
0.000000000000000000e+00
0.000000000000000000e+00
0.000000000000000000e+00
0.000000000000000000e+00
5.817200000000000149e-01
0.000000000000000000e+00
6.710000000000000409e-01
0.000000000000000000e+00
5.832100000000000062e-01
0.000000000000000000e+00
0.000000000000000000e+00
0.000000000000000000e+00
6.517399999999999860e-01
0.000000000000000000e+00
6.360400000000000498e-01
0.000000000000000000e+00
0.000000000000000000e+00
0.000000000000000000e+00
6.679599999999999982e-01
0.000000000000000000e+00
9.806899999999999507e-01
0.000000000000000000e+00
0.000000000000000000e+00
0.000000000000000000e+00
0.000000000000000000e+00
9.143200000000000216e-01
0.000000000000000000e+00
0.000000000000000000e+00
0.000000000000000000e+00
0.000000000000000000e+00
0.000000000000000000e+00
0.000000000000000000e+00
7.814100000000000490e-01
0.000000000000000000e+00
0.000000000000000000e+00
0.000000000000000000e+00
5.790899999999999936e-01
0.000000000000000000e+00
0.000000000000000000e+00
6.940800000000000303e-01
0.000000000000000000e+00
0.000000000000000000e+00
0.000000000000000000e+00
6.526699999999999724e-01
0.000000000000000000e+00
0.000000000000000000e+00
6.176899999999999613e-01
0.000000000000000000e+00
0.000000000000000000e+00
0.000000000000000000e+00
0.000000000000000000e+00
0.000000000000000000e+00
7.423399999999999999e-01
0.000000000000000000e+00
5.838600000000000456e-01
0.000000000000000000e+00
0.000000000000000000e+00
8.337099999999999511e-01
0.000000000000000000e+00
0.000000000000000000e+00
0.000000000000000000e+00
0.000000000000000000e+00
1.224129999999999940e+00
0.000000000000000000e+00
0.000000000000000000e+00
0.000000000000000000e+00
0.000000000000000000e+00
5.994199999999999529e-01
0.000000000000000000e+00
0.000000000000000000e+00
8.053500000000000103e-01
0.000000000000000000e+00
6.293900000000000050e-01
0.000000000000000000e+00
7.074200000000000488e-01
0.000000000000000000e+00
5.988200000000000189e-01
0.000000000000000000e+00
6.331900000000000306e-01
0.000000000000000000e+00
0.000000000000000000e+00
1.059090000000000087e+00
0.000000000000000000e+00
0.000000000000000000e+00
9.692499999999999449e-01
0.000000000000000000e+00
0.000000000000000000e+00
6.210799999999999654e-01
0.000000000000000000e+00
0.000000000000000000e+00
6.378599999999999826e-01
0.000000000000000000e+00
0.000000000000000000e+00
0.000000000000000000e+00
6.422900000000000276e-01
0.000000000000000000e+00
1.231640000000000068e+00
0.000000000000000000e+00
0.000000000000000000e+00
1.230720000000000036e+00
0.000000000000000000e+00
0.000000000000000000e+00
9.185200000000000031e-01
0.000000000000000000e+00
0.000000000000000000e+00
0.000000000000000000e+00
0.000000000000000000e+00
9.170899999999999608e-01
0.000000000000000000e+00
0.000000000000000000e+00
0.000000000000000000e+00
0.000000000000000000e+00
0.000000000000000000e+00
0.000000000000000000e+00
0.000000000000000000e+00
0.000000000000000000e+00
0.000000000000000000e+00
0.000000000000000000e+00
0.000000000000000000e+00
0.000000000000000000e+00
0.000000000000000000e+00
0.000000000000000000e+00
0.000000000000000000e+00
0.000000000000000000e+00
0.000000000000000000e+00
0.000000000000000000e+00
0.000000000000000000e+00
0.000000000000000000e+00
0.000000000000000000e+00
0.000000000000000000e+00
0.000000000000000000e+00
6.699899999999999745e-01
0.000000000000000000e+00
0.000000000000000000e+00
5.859100000000000419e-01
0.000000000000000000e+00
0.000000000000000000e+00
5.509800000000000253e-01
0.000000000000000000e+00
0.000000000000000000e+00
0.000000000000000000e+00
5.924899999999999611e-01
0.000000000000000000e+00
0.000000000000000000e+00
0.000000000000000000e+00
0.000000000000000000e+00
8.821200000000000152e-01
0.000000000000000000e+00
0.000000000000000000e+00
6.037700000000000289e-01
0.000000000000000000e+00
0.000000000000000000e+00
0.000000000000000000e+00
6.657300000000000439e-01
0.000000000000000000e+00
0.000000000000000000e+00
0.000000000000000000e+00
6.185399999999999787e-01
0.000000000000000000e+00
0.000000000000000000e+00
5.824399999999999578e-01
0.000000000000000000e+00
5.954899999999999638e-01
0.000000000000000000e+00
6.338000000000000300e-01
0.000000000000000000e+00
0.000000000000000000e+00
0.000000000000000000e+00
5.574999999999999956e-01
0.000000000000000000e+00
7.747899999999999787e-01
0.000000000000000000e+00
0.000000000000000000e+00
0.000000000000000000e+00
0.000000000000000000e+00
6.301799999999999624e-01
0.000000000000000000e+00
0.000000000000000000e+00
0.000000000000000000e+00
0.000000000000000000e+00
5.592700000000000449e-01
0.000000000000000000e+00
0.000000000000000000e+00
6.298799999999999955e-01
0.000000000000000000e+00
6.473499999999999810e-01
0.000000000000000000e+00
5.827099999999999502e-01
0.000000000000000000e+00
0.000000000000000000e+00
0.000000000000000000e+00
0.000000000000000000e+00
6.649399999999999755e-01
0.000000000000000000e+00
0.000000000000000000e+00
8.777300000000000102e-01
0.000000000000000000e+00
0.000000000000000000e+00
6.757900000000000018e-01
0.000000000000000000e+00
0.000000000000000000e+00
7.590200000000000280e-01
0.000000000000000000e+00
0.000000000000000000e+00
6.019999999999999796e-01
0.000000000000000000e+00
0.000000000000000000e+00
7.364000000000000545e-01
0.000000000000000000e+00
0.000000000000000000e+00
0.000000000000000000e+00
0.000000000000000000e+00
0.000000000000000000e+00
0.000000000000000000e+00
6.971000000000000529e-01
0.000000000000000000e+00
0.000000000000000000e+00
0.000000000000000000e+00
0.000000000000000000e+00
5.283200000000000118e-01
0.000000000000000000e+00
0.000000000000000000e+00
0.000000000000000000e+00
6.457899999999999752e-01
0.000000000000000000e+00
0.000000000000000000e+00
6.118400000000000505e-01
0.000000000000000000e+00
1.064820000000000100e+00
0.000000000000000000e+00
0.000000000000000000e+00
5.828400000000000247e-01
0.000000000000000000e+00
0.000000000000000000e+00
8.661600000000000410e-01
0.000000000000000000e+00
0.000000000000000000e+00
0.000000000000000000e+00
0.000000000000000000e+00
0.000000000000000000e+00
6.587899999999999867e-01
0.000000000000000000e+00
5.766499999999999959e-01
0.000000000000000000e+00
6.793500000000000094e-01
0.000000000000000000e+00
6.614400000000000279e-01
0.000000000000000000e+00
0.000000000000000000e+00
5.604000000000000092e-01
0.000000000000000000e+00
0.000000000000000000e+00
6.304100000000000259e-01
0.000000000000000000e+00
0.000000000000000000e+00
5.863699999999999468e-01
0.000000000000000000e+00
0.000000000000000000e+00
0.000000000000000000e+00
0.000000000000000000e+00
1.056699999999999973e+00
0.000000000000000000e+00
0.000000000000000000e+00
0.000000000000000000e+00
7.240299999999999514e-01
0.000000000000000000e+00
6.542900000000000382e-01
0.000000000000000000e+00
0.000000000000000000e+00
0.000000000000000000e+00
7.969399999999999817e-01
0.000000000000000000e+00
7.262999999999999456e-01
0.000000000000000000e+00
0.000000000000000000e+00
0.000000000000000000e+00
6.967400000000000260e-01
0.000000000000000000e+00
9.895599999999999952e-01
0.000000000000000000e+00
0.000000000000000000e+00
0.000000000000000000e+00
0.000000000000000000e+00
0.000000000000000000e+00
8.380800000000000471e-01
0.000000000000000000e+00
5.921399999999999997e-01
0.000000000000000000e+00
0.000000000000000000e+00
0.000000000000000000e+00
6.577800000000000313e-01
0.000000000000000000e+00
6.960699999999999665e-01
0.000000000000000000e+00
0.000000000000000000e+00
0.000000000000000000e+00
0.000000000000000000e+00
0.000000000000000000e+00
0.000000000000000000e+00
6.765499999999999847e-01
0.000000000000000000e+00
0.000000000000000000e+00
0.000000000000000000e+00
6.688300000000000356e-01
0.000000000000000000e+00
0.000000000000000000e+00
0.000000000000000000e+00
6.545800000000000507e-01
0.000000000000000000e+00
0.000000000000000000e+00
9.726700000000000346e-01
0.000000000000000000e+00
0.000000000000000000e+00
6.176599999999999868e-01
0.000000000000000000e+00
5.830800000000000427e-01
0.000000000000000000e+00
0.000000000000000000e+00
6.050900000000000167e-01
0.000000000000000000e+00
0.000000000000000000e+00
0.000000000000000000e+00
0.000000000000000000e+00
8.333000000000000407e-01
0.000000000000000000e+00
6.533200000000000118e-01
0.000000000000000000e+00
0.000000000000000000e+00
0.000000000000000000e+00
0.000000000000000000e+00
5.965599999999999792e-01
0.000000000000000000e+00
0.000000000000000000e+00
0.000000000000000000e+00
6.795499999999999874e-01
0.000000000000000000e+00
6.851099999999999968e-01
0.000000000000000000e+00
0.000000000000000000e+00
0.000000000000000000e+00
0.000000000000000000e+00
1.119569999999999954e+00
0.000000000000000000e+00
0.000000000000000000e+00
0.000000000000000000e+00
0.000000000000000000e+00
0.000000000000000000e+00
6.693200000000000260e-01
0.000000000000000000e+00
0.000000000000000000e+00
0.000000000000000000e+00
0.000000000000000000e+00
6.197000000000000286e-01
0.000000000000000000e+00
0.000000000000000000e+00
5.860899999999999999e-01
0.000000000000000000e+00
7.547300000000000120e-01
0.000000000000000000e+00
0.000000000000000000e+00
5.456800000000000539e-01
0.000000000000000000e+00
0.000000000000000000e+00
5.379000000000000448e-01
0.000000000000000000e+00
0.000000000000000000e+00
0.000000000000000000e+00
0.000000000000000000e+00
6.206099999999999950e-01
0.000000000000000000e+00
7.102300000000000280e-01
0.000000000000000000e+00
0.000000000000000000e+00
6.006799999999999917e-01
0.000000000000000000e+00
0.000000000000000000e+00
1.080889999999999906e+00
0.000000000000000000e+00
0.000000000000000000e+00
0.000000000000000000e+00
5.486400000000000166e-01
0.000000000000000000e+00
7.029699999999999838e-01
0.000000000000000000e+00
0.000000000000000000e+00
7.415100000000000025e-01
0.000000000000000000e+00
1.053889999999999993e+00
0.000000000000000000e+00
6.403799999999999493e-01
0.000000000000000000e+00
9.216999999999999638e-01
0.000000000000000000e+00
0.000000000000000000e+00
0.000000000000000000e+00
0.000000000000000000e+00
7.446899999999999631e-01
0.000000000000000000e+00
0.000000000000000000e+00
1.399769999999999959e+00
0.000000000000000000e+00
0.000000000000000000e+00
0.000000000000000000e+00
0.000000000000000000e+00
0.000000000000000000e+00
0.000000000000000000e+00
0.000000000000000000e+00
0.000000000000000000e+00
0.000000000000000000e+00
0.000000000000000000e+00
0.000000000000000000e+00
0.000000000000000000e+00
0.000000000000000000e+00
