0.000000000000000000e+00
0.000000000000000000e+00
0.000000000000000000e+00
0.000000000000000000e+00
0.000000000000000000e+00
0.000000000000000000e+00
0.000000000000000000e+00
0.000000000000000000e+00
0.000000000000000000e+00
0.000000000000000000e+00
1.201079999999999925e+00
0.000000000000000000e+00
6.286399999999999766e-01
0.000000000000000000e+00
0.000000000000000000e+00
8.165499999999999980e-01
0.000000000000000000e+00
0.000000000000000000e+00
1.231749999999999901e+00
0.000000000000000000e+00
7.533199999999999896e-01
0.000000000000000000e+00
0.000000000000000000e+00
0.000000000000000000e+00
6.223600000000000243e-01
0.000000000000000000e+00
0.000000000000000000e+00
0.000000000000000000e+00
6.460399999999999476e-01
0.000000000000000000e+00
0.000000000000000000e+00
5.723500000000000254e-01
0.000000000000000000e+00
0.000000000000000000e+00
0.000000000000000000e+00
5.864599999999999813e-01
0.000000000000000000e+00
6.201699999999999990e-01
0.000000000000000000e+00
0.000000000000000000e+00
8.108899999999999997e-01
0.000000000000000000e+00
6.363600000000000367e-01
0.000000000000000000e+00
6.179499999999999993e-01
0.000000000000000000e+00
0.000000000000000000e+00
0.000000000000000000e+00
0.000000000000000000e+00
5.901499999999999524e-01
0.000000000000000000e+00
0.000000000000000000e+00
0.000000000000000000e+00
6.548300000000000232e-01
0.000000000000000000e+00
5.223900000000000210e-01
0.000000000000000000e+00
0.000000000000000000e+00
5.057099999999999929e-01
0.000000000000000000e+00
0.000000000000000000e+00
0.000000000000000000e+00
9.165699999999999958e-01
0.000000000000000000e+00
0.000000000000000000e+00
0.000000000000000000e+00
5.924700000000000522e-01
0.000000000000000000e+00
0.000000000000000000e+00
0.000000000000000000e+00
0.000000000000000000e+00
0.000000000000000000e+00
0.000000000000000000e+00
7.148200000000000109e-01
0.000000000000000000e+00
0.000000000000000000e+00
0.000000000000000000e+00
6.193199999999999816e-01
0.000000000000000000e+00
0.000000000000000000e+00
0.000000000000000000e+00
5.082799999999999541e-01
0.000000000000000000e+00
0.000000000000000000e+00
6.626400000000000068e-01
0.000000000000000000e+00
6.357800000000000118e-01
0.000000000000000000e+00
0.000000000000000000e+00
0.000000000000000000e+00
5.552899999999999503e-01
0.000000000000000000e+00
0.000000000000000000e+00
0.000000000000000000e+00
0.000000000000000000e+00
5.842000000000000526e-01
0.000000000000000000e+00
0.000000000000000000e+00
0.000000000000000000e+00
0.000000000000000000e+00
0.000000000000000000e+00
5.369899999999999674e-01
0.000000000000000000e+00
0.000000000000000000e+00
0.000000000000000000e+00
0.000000000000000000e+00
5.777700000000000058e-01
0.000000000000000000e+00
0.000000000000000000e+00
0.000000000000000000e+00
0.000000000000000000e+00
6.996999999999999886e-01
0.000000000000000000e+00
7.025200000000000333e-01
0.000000000000000000e+00
7.461799999999999544e-01
0.000000000000000000e+00
0.000000000000000000e+00
0.000000000000000000e+00
7.897100000000000231e-01
0.000000000000000000e+00
0.000000000000000000e+00
6.835499999999999909e-01
0.000000000000000000e+00
0.000000000000000000e+00
0.000000000000000000e+00
5.232700000000000129e-01
0.000000000000000000e+00
0.000000000000000000e+00
8.293300000000000116e-01
0.000000000000000000e+00
0.000000000000000000e+00
0.000000000000000000e+00
6.141400000000000192e-01
0.000000000000000000e+00
0.000000000000000000e+00
6.338700000000000445e-01
0.000000000000000000e+00
0.000000000000000000e+00
0.000000000000000000e+00
5.804599999999999760e-01
0.000000000000000000e+00
0.000000000000000000e+00
0.000000000000000000e+00
0.000000000000000000e+00
5.509100000000000108e-01
0.000000000000000000e+00
0.000000000000000000e+00
0.000000000000000000e+00
5.552599999999999758e-01
0.000000000000000000e+00
0.000000000000000000e+00
0.000000000000000000e+00
5.983199999999999630e-01
0.000000000000000000e+00
0.000000000000000000e+00
0.000000000000000000e+00
0.000000000000000000e+00
5.478899999999999881e-01
0.000000000000000000e+00
0.000000000000000000e+00
1.241740000000000066e+00
0.000000000000000000e+00
0.000000000000000000e+00
0.000000000000000000e+00
0.000000000000000000e+00
5.889999999999999680e-01
0.000000000000000000e+00
0.000000000000000000e+00
0.000000000000000000e+00
6.651500000000000190e-01
0.000000000000000000e+00
5.934800000000000075e-01
0.000000000000000000e+00
0.000000000000000000e+00
0.000000000000000000e+00
6.748899999999999899e-01
0.000000000000000000e+00
0.000000000000000000e+00
9.689999999999999725e-01
0.000000000000000000e+00
0.000000000000000000e+00
6.570000000000000284e-01
0.000000000000000000e+00
0.000000000000000000e+00
7.886199999999999877e-01
0.000000000000000000e+00
0.000000000000000000e+00
0.000000000000000000e+00
6.031999999999999584e-01
0.000000000000000000e+00
0.000000000000000000e+00
0.000000000000000000e+00
6.005200000000000538e-01
0.000000000000000000e+00
0.000000000000000000e+00
0.000000000000000000e+00
0.000000000000000000e+00
1.115639999999999965e+00
0.000000000000000000e+00
1.037250000000000005e+00
0.000000000000000000e+00
0.000000000000000000e+00
5.175199999999999800e-01
0.000000000000000000e+00
8.272000000000000464e-01
0.000000000000000000e+00
0.000000000000000000e+00
0.000000000000000000e+00
0.000000000000000000e+00
0.000000000000000000e+00
0.000000000000000000e+00
8.686700000000000532e-01
0.000000000000000000e+00
0.000000000000000000e+00
0.000000000000000000e+00
0.000000000000000000e+00
5.744500000000000162e-01
0.000000000000000000e+00
0.000000000000000000e+00
0.000000000000000000e+00
0.000000000000000000e+00
6.942700000000000538e-01
0.000000000000000000e+00
0.000000000000000000e+00
0.000000000000000000e+00
7.167400000000000437e-01
0.000000000000000000e+00
0.000000000000000000e+00
5.926599999999999646e-01
0.000000000000000000e+00
7.317500000000000115e-01
0.000000000000000000e+00
0.000000000000000000e+00
0.000000000000000000e+00
0.000000000000000000e+00
0.000000000000000000e+00
0.000000000000000000e+00
0.000000000000000000e+00
5.537100000000000355e-01
0.000000000000000000e+00
0.000000000000000000e+00
6.855499999999999927e-01
0.000000000000000000e+00
0.000000000000000000e+00
7.139199999999999990e-01
0.000000000000000000e+00
0.000000000000000000e+00
6.658600000000000074e-01
0.000000000000000000e+00
6.033399999999999874e-01
0.000000000000000000e+00
0.000000000000000000e+00
0.000000000000000000e+00
6.628100000000000103e-01
0.000000000000000000e+00
0.000000000000000000e+00
0.000000000000000000e+00
0.000000000000000000e+00
7.785800000000000498e-01
0.000000000000000000e+00
0.000000000000000000e+00
0.000000000000000000e+00
6.679000000000000492e-01
0.000000000000000000e+00
0.000000000000000000e+00
6.336300000000000265e-01
0.000000000000000000e+00
0.000000000000000000e+00
6.789600000000000080e-01
0.000000000000000000e+00
0.000000000000000000e+00
8.557299999999999907e-01
0.000000000000000000e+00
0.000000000000000000e+00
0.000000000000000000e+00
0.000000000000000000e+00
5.806099999999999595e-01
0.000000000000000000e+00
0.000000000000000000e+00
6.588199999999999612e-01
0.000000000000000000e+00
0.000000000000000000e+00
0.000000000000000000e+00
6.481999999999999984e-01
0.000000000000000000e+00
0.000000000000000000e+00
9.198899999999999855e-01
0.000000000000000000e+00
0.000000000000000000e+00
0.000000000000000000e+00
0.000000000000000000e+00
7.296500000000000208e-01
0.000000000000000000e+00
0.000000000000000000e+00
0.000000000000000000e+00
0.000000000000000000e+00
0.000000000000000000e+00
5.832399999999999807e-01
0.000000000000000000e+00
1.281519999999999992e+00
0.000000000000000000e+00
0.000000000000000000e+00
0.000000000000000000e+00
0.000000000000000000e+00
0.000000000000000000e+00
0.000000000000000000e+00
0.000000000000000000e+00
0.000000000000000000e+00
0.000000000000000000e+00
0.000000000000000000e+00
0.000000000000000000e+00
0.000000000000000000e+00
0.000000000000000000e+00
0.000000000000000000e+00
0.000000000000000000e+00
0.000000000000000000e+00
0.000000000000000000e+00
0.000000000000000000e+00
0.000000000000000000e+00
0.000000000000000000e+00
0.000000000000000000e+00
0.000000000000000000e+00
0.000000000000000000e+00
0.000000000000000000e+00
0.000000000000000000e+00
0.000000000000000000e+00
7.528700000000000392e-01
0.000000000000000000e+00
0.000000000000000000e+00
5.826700000000000212e-01
0.000000000000000000e+00
5.083400000000000141e-01
0.000000000000000000e+00
0.000000000000000000e+00
0.000000000000000000e+00
0.000000000000000000e+00
5.567299999999999471e-01
0.000000000000000000e+00
6.252699999999999925e-01
0.000000000000000000e+00
0.000000000000000000e+00
8.090399999999999814e-01
0.000000000000000000e+00
0.000000000000000000e+00
0.000000000000000000e+00
6.745100000000000540e-01
0.000000000000000000e+00
0.000000000000000000e+00
1.103939999999999921e+00
0.000000000000000000e+00
0.000000000000000000e+00
0.000000000000000000e+00
6.055800000000000072e-01
0.000000000000000000e+00
9.304999999999999938e-01
0.000000000000000000e+00
0.000000000000000000e+00
0.000000000000000000e+00
6.656699999999999839e-01
0.000000000000000000e+00
8.025700000000000056e-01
0.000000000000000000e+00
6.892899999999999583e-01
0.000000000000000000e+00
0.000000000000000000e+00
0.000000000000000000e+00
0.000000000000000000e+00
6.357800000000000118e-01
0.000000000000000000e+00
0.000000000000000000e+00
0.000000000000000000e+00
0.000000000000000000e+00
6.170400000000000329e-01
0.000000000000000000e+00
1.249100000000000099e+00
0.000000000000000000e+00
7.104200000000000514e-01
0.000000000000000000e+00
5.561800000000000077e-01
0.000000000000000000e+00
0.000000000000000000e+00
0.000000000000000000e+00
5.755400000000000515e-01
0.000000000000000000e+00
8.821099999999999497e-01
0.000000000000000000e+00
0.000000000000000000e+00
0.000000000000000000e+00
7.974099999999999522e-01
0.000000000000000000e+00
0.000000000000000000e+00
6.833200000000000385e-01
0.000000000000000000e+00
5.587800000000000544e-01
0.000000000000000000e+00
0.000000000000000000e+00
6.523700000000000054e-01
0.000000000000000000e+00
0.000000000000000000e+00
6.756299999999999528e-01
0.000000000000000000e+00
0.000000000000000000e+00
1.440020000000000078e+00
0.000000000000000000e+00
0.000000000000000000e+00
0.000000000000000000e+00
0.000000000000000000e+00
0.000000000000000000e+00
0.000000000000000000e+00
6.551099999999999701e-01
0.000000000000000000e+00
0.000000000000000000e+00
6.173899999999999944e-01
0.000000000000000000e+00
4.908199999999999785e-01
0.000000000000000000e+00
5.744799999999999907e-01
0.000000000000000000e+00
5.550100000000000033e-01
0.000000000000000000e+00
0.000000000000000000e+00
0.000000000000000000e+00
0.000000000000000000e+00
6.392700000000000049e-01
0.000000000000000000e+00
0.000000000000000000e+00
6.156599999999999850e-01
0.000000000000000000e+00
0.000000000000000000e+00
7.198400000000000354e-01
0.000000000000000000e+00
0.000000000000000000e+00
0.000000000000000000e+00
0.000000000000000000e+00
0.000000000000000000e+00
5.714700000000000335e-01
0.000000000000000000e+00
8.980399999999999494e-01
0.000000000000000000e+00
9.725000000000000311e-01
0.000000000000000000e+00
6.698199999999999710e-01
0.000000000000000000e+00
4.983099999999999752e-01
0.000000000000000000e+00
0.000000000000000000e+00
5.814700000000000424e-01
0.000000000000000000e+00
0.000000000000000000e+00
0.000000000000000000e+00
5.225199999999999845e-01
0.000000000000000000e+00
0.000000000000000000e+00
0.000000000000000000e+00
0.000000000000000000e+00
5.909499999999999753e-01
0.000000000000000000e+00
0.000000000000000000e+00
1.943619999999999903e+00
0.000000000000000000e+00
0.000000000000000000e+00
0.000000000000000000e+00
7.099199999999999955e-01
0.000000000000000000e+00
0.000000000000000000e+00
0.000000000000000000e+00
0.000000000000000000e+00
0.000000000000000000e+00
8.485099999999999865e-01
0.000000000000000000e+00
6.354400000000000048e-01
0.000000000000000000e+00
0.000000000000000000e+00
0.000000000000000000e+00
5.926099999999999701e-01
0.000000000000000000e+00
0.000000000000000000e+00
6.094399999999999817e-01
0.000000000000000000e+00
1.159080000000000110e+00
0.000000000000000000e+00
0.000000000000000000e+00
5.752800000000000136e-01
0.000000000000000000e+00
0.000000000000000000e+00
6.180999999999999828e-01
0.000000000000000000e+00
5.661899999999999711e-01
0.000000000000000000e+00
0.000000000000000000e+00
0.000000000000000000e+00
6.866999999999999771e-01
0.000000000000000000e+00
0.000000000000000000e+00
0.000000000000000000e+00
5.239300000000000068e-01
0.000000000000000000e+00
0.000000000000000000e+00
0.000000000000000000e+00
6.748800000000000354e-01
0.000000000000000000e+00
0.000000000000000000e+00
0.000000000000000000e+00
0.000000000000000000e+00
0.000000000000000000e+00
1.266180000000000083e+00
0.000000000000000000e+00
6.349299999999999944e-01
0.000000000000000000e+00
6.504799999999999471e-01
0.000000000000000000e+00
1.112200000000000077e+00
0.000000000000000000e+00
0.000000000000000000e+00
0.000000000000000000e+00
0.000000000000000000e+00
0.000000000000000000e+00
0.000000000000000000e+00
7.345500000000000362e-01
0.000000000000000000e+00
0.000000000000000000e+00
0.000000000000000000e+00
5.856999999999999984e-01
0.000000000000000000e+00
0.000000000000000000e+00
6.314800000000000413e-01
0.000000000000000000e+00
6.130499999999999838e-01
0.000000000000000000e+00
0.000000000000000000e+00
0.000000000000000000e+00
0.000000000000000000e+00
5.865000000000000213e-01
0.000000000000000000e+00
0.000000000000000000e+00
0.000000000000000000e+00
7.303899999999999837e-01
0.000000000000000000e+00
5.707200000000000051e-01
0.000000000000000000e+00
0.000000000000000000e+00
1.011889999999999956e+00
0.000000000000000000e+00
0.000000000000000000e+00
6.240700000000000136e-01
0.000000000000000000e+00
8.568099999999999605e-01
0.000000000000000000e+00
0.000000000000000000e+00
0.000000000000000000e+00
0.000000000000000000e+00
8.475099999999999856e-01
0.000000000000000000e+00
0.000000000000000000e+00
0.000000000000000000e+00
0.000000000000000000e+00
7.300600000000000422e-01
0.000000000000000000e+00
8.298799999999999510e-01
0.000000000000000000e+00
0.000000000000000000e+00
0.000000000000000000e+00
0.000000000000000000e+00
6.596699999999999786e-01
0.000000000000000000e+00
0.000000000000000000e+00
5.886299999999999866e-01
0.000000000000000000e+00
0.000000000000000000e+00
0.000000000000000000e+00
7.631200000000000205e-01
0.000000000000000000e+00
0.000000000000000000e+00
6.750199999999999534e-01
0.000000000000000000e+00
0.000000000000000000e+00
5.637400000000000189e-01
0.000000000000000000e+00
0.000000000000000000e+00
1.043169999999999931e+00
0.000000000000000000e+00
0.000000000000000000e+00
0.000000000000000000e+00
8.652699999999999836e-01
0.000000000000000000e+00
0.000000000000000000e+00
0.000000000000000000e+00
0.000000000000000000e+00
5.796299999999999786e-01
0.000000000000000000e+00
0.000000000000000000e+00
0.000000000000000000e+00
0.000000000000000000e+00
0.000000000000000000e+00
0.000000000000000000e+00
0.000000000000000000e+00
0.000000000000000000e+00
0.000000000000000000e+00
0.000000000000000000e+00
0.000000000000000000e+00
0.000000000000000000e+00
0.000000000000000000e+00
0.000000000000000000e+00
0.000000000000000000e+00
0.000000000000000000e+00
0.000000000000000000e+00
0.000000000000000000e+00
0.000000000000000000e+00
0.000000000000000000e+00
0.000000000000000000e+00
0.000000000000000000e+00
0.000000000000000000e+00
0.000000000000000000e+00
5.744299999999999962e-01
0.000000000000000000e+00
0.000000000000000000e+00
0.000000000000000000e+00
5.608800000000000452e-01
0.000000000000000000e+00
0.000000000000000000e+00
0.000000000000000000e+00
5.687600000000000433e-01
0.000000000000000000e+00
0.000000000000000000e+00
0.000000000000000000e+00
0.000000000000000000e+00
6.170799999999999619e-01
0.000000000000000000e+00
0.000000000000000000e+00
0.000000000000000000e+00
0.000000000000000000e+00
5.387899999999999912e-01
0.000000000000000000e+00
0.000000000000000000e+00
7.235300000000000065e-01
0.000000000000000000e+00
0.000000000000000000e+00
4.928500000000000103e-01
0.000000000000000000e+00
0.000000000000000000e+00
0.000000000000000000e+00
0.000000000000000000e+00
0.000000000000000000e+00
0.000000000000000000e+00
6.768499999999999517e-01
0.000000000000000000e+00
5.394299999999999651e-01
0.000000000000000000e+00
0.000000000000000000e+00
5.451700000000000434e-01
0.000000000000000000e+00
0.000000000000000000e+00
5.548800000000000399e-01
0.000000000000000000e+00
0.000000000000000000e+00
6.134899999999999798e-01
0.000000000000000000e+00
0.000000000000000000e+00
0.000000000000000000e+00
8.280100000000000238e-01
0.000000000000000000e+00
0.000000000000000000e+00
0.000000000000000000e+00
0.000000000000000000e+00
8.346500000000000030e-01
0.000000000000000000e+00
0.000000000000000000e+00
5.409500000000000419e-01
0.000000000000000000e+00
5.934599999999999875e-01
0.000000000000000000e+00
0.000000000000000000e+00
0.000000000000000000e+00
5.936599999999999655e-01
0.000000000000000000e+00
0.000000000000000000e+00
6.882200000000000539e-01
0.000000000000000000e+00
5.701300000000000257e-01
0.000000000000000000e+00
6.596800000000000441e-01
0.000000000000000000e+00
0.000000000000000000e+00
5.429300000000000237e-01
0.000000000000000000e+00
0.000000000000000000e+00
0.000000000000000000e+00
0.000000000000000000e+00
8.571499999999999675e-01
0.000000000000000000e+00
0.000000000000000000e+00
7.708000000000000407e-01
0.000000000000000000e+00
0.000000000000000000e+00
0.000000000000000000e+00
0.000000000000000000e+00
6.649300000000000210e-01
0.000000000000000000e+00
0.000000000000000000e+00
0.000000000000000000e+00
1.176600000000000090e+00
0.000000000000000000e+00
0.000000000000000000e+00
0.000000000000000000e+00
5.889499999999999735e-01
0.000000000000000000e+00
7.391199999999999992e-01
0.000000000000000000e+00
0.000000000000000000e+00
0.000000000000000000e+00
0.000000000000000000e+00
6.906799999999999606e-01
0.000000000000000000e+00
8.301500000000000545e-01
0.000000000000000000e+00
0.000000000000000000e+00
0.000000000000000000e+00
0.000000000000000000e+00
0.000000000000000000e+00
6.562099999999999600e-01
0.000000000000000000e+00
0.000000000000000000e+00
0.000000000000000000e+00
5.892500000000000515e-01
0.000000000000000000e+00
6.262100000000000444e-01
0.000000000000000000e+00
0.000000000000000000e+00
5.772399999999999753e-01
0.000000000000000000e+00
5.998099999999999543e-01
0.000000000000000000e+00
8.052500000000000213e-01
0.000000000000000000e+00
0.000000000000000000e+00
6.026200000000000445e-01
0.000000000000000000e+00
0.000000000000000000e+00
0.000000000000000000e+00
0.000000000000000000e+00
8.463300000000000267e-01
0.000000000000000000e+00
5.123199999999999976e-01
0.000000000000000000e+00
0.000000000000000000e+00
0.000000000000000000e+00
6.913700000000000401e-01
0.000000000000000000e+00
0.000000000000000000e+00
0.000000000000000000e+00
0.000000000000000000e+00
5.198599999999999888e-01
0.000000000000000000e+00
0.000000000000000000e+00
5.586400000000000254e-01
0.000000000000000000e+00
0.000000000000000000e+00
5.589699999999999669e-01
0.000000000000000000e+00
0.000000000000000000e+00
0.000000000000000000e+00
0.000000000000000000e+00
6.353199999999999958e-01
0.000000000000000000e+00
0.000000000000000000e+00
0.000000000000000000e+00
1.124400000000000066e+00
0.000000000000000000e+00
0.000000000000000000e+00
0.000000000000000000e+00
0.000000000000000000e+00
6.377300000000000191e-01
0.000000000000000000e+00
0.000000000000000000e+00
0.000000000000000000e+00
0.000000000000000000e+00
7.266500000000000181e-01
0.000000000000000000e+00
5.536600000000000410e-01
0.000000000000000000e+00
0.000000000000000000e+00
0.000000000000000000e+00
5.542899999999999494e-01
0.000000000000000000e+00
0.000000000000000000e+00
0.000000000000000000e+00
5.963600000000000012e-01
0.000000000000000000e+00
0.000000000000000000e+00
0.000000000000000000e+00
0.000000000000000000e+00
6.031999999999999584e-01
0.000000000000000000e+00
6.878800000000000470e-01
0.000000000000000000e+00
0.000000000000000000e+00
5.184499999999999664e-01
0.000000000000000000e+00
0.000000000000000000e+00
0.000000000000000000e+00
7.317200000000000371e-01
0.000000000000000000e+00
0.000000000000000000e+00
0.000000000000000000e+00
0.000000000000000000e+00
0.000000000000000000e+00
7.448700000000000321e-01
0.000000000000000000e+00
0.000000000000000000e+00
0.000000000000000000e+00
0.000000000000000000e+00
6.071699999999999875e-01
0.000000000000000000e+00
0.000000000000000000e+00
6.733999999999999986e-01
0.000000000000000000e+00
0.000000000000000000e+00
0.000000000000000000e+00
6.096099999999999852e-01
0.000000000000000000e+00
5.732000000000000428e-01
0.000000000000000000e+00
5.781899999999999817e-01
0.000000000000000000e+00
0.000000000000000000e+00
0.000000000000000000e+00
1.085760000000000058e+00
0.000000000000000000e+00
0.000000000000000000e+00
6.224899999999999878e-01
0.000000000000000000e+00
0.000000000000000000e+00
0.000000000000000000e+00
8.201500000000000457e-01
0.000000000000000000e+00
0.000000000000000000e+00
0.000000000000000000e+00
7.216399999999999482e-01
0.000000000000000000e+00
6.389000000000000234e-01
0.000000000000000000e+00
5.583099999999999730e-01
0.000000000000000000e+00
5.418800000000000283e-01
0.000000000000000000e+00
0.000000000000000000e+00
8.145999999999999908e-01
0.000000000000000000e+00
0.000000000000000000e+00
6.079400000000000359e-01
0.000000000000000000e+00
0.000000000000000000e+00
0.000000000000000000e+00
0.000000000000000000e+00
1.050780000000000047e+00
0.000000000000000000e+00
0.000000000000000000e+00
0.000000000000000000e+00
6.708699999999999664e-01
0.000000000000000000e+00
0.000000000000000000e+00
7.242199999999999749e-01
0.000000000000000000e+00
6.492900000000000338e-01
0.000000000000000000e+00
0.000000000000000000e+00
0.000000000000000000e+00
0.000000000000000000e+00
6.271900000000000253e-01
0.000000000000000000e+00
0.000000000000000000e+00
1.193570000000000020e+00
0.000000000000000000e+00
0.000000000000000000e+00
0.000000000000000000e+00
5.830800000000000427e-01
0.000000000000000000e+00
0.000000000000000000e+00
6.068000000000000060e-01
0.000000000000000000e+00
0.000000000000000000e+00
9.775700000000000500e-01
0.000000000000000000e+00
0.000000000000000000e+00
0.000000000000000000e+00
5.912399999999999878e-01
0.000000000000000000e+00
0.000000000000000000e+00
7.193599999999999994e-01
0.000000000000000000e+00
0.000000000000000000e+00
0.000000000000000000e+00
5.762100000000000000e-01
0.000000000000000000e+00
0.000000000000000000e+00
0.000000000000000000e+00
0.000000000000000000e+00
0.000000000000000000e+00
0.000000000000000000e+00
0.000000000000000000e+00
0.000000000000000000e+00
0.000000000000000000e+00
0.000000000000000000e+00
0.000000000000000000e+00
0.000000000000000000e+00
0.000000000000000000e+00
0.000000000000000000e+00
0.000000000000000000e+00
0.000000000000000000e+00
0.000000000000000000e+00
0.000000000000000000e+00
0.000000000000000000e+00
0.000000000000000000e+00
0.000000000000000000e+00
8.463899999999999757e-01
0.000000000000000000e+00
0.000000000000000000e+00
0.000000000000000000e+00
6.079499999999999904e-01
0.000000000000000000e+00
6.885400000000000409e-01
0.000000000000000000e+00
0.000000000000000000e+00
5.349399999999999711e-01
0.000000000000000000e+00
0.000000000000000000e+00
0.000000000000000000e+00
5.908099999999999463e-01
0.000000000000000000e+00
0.000000000000000000e+00
5.247800000000000242e-01
0.000000000000000000e+00
0.000000000000000000e+00
5.861600000000000144e-01
0.000000000000000000e+00
0.000000000000000000e+00
5.619800000000000351e-01
0.000000000000000000e+00
0.000000000000000000e+00
0.000000000000000000e+00
6.075399999999999689e-01
0.000000000000000000e+00
0.000000000000000000e+00
6.996099999999999541e-01
0.000000000000000000e+00
8.163300000000000001e-01
0.000000000000000000e+00
0.000000000000000000e+00
0.000000000000000000e+00
5.865200000000000413e-01
0.000000000000000000e+00
0.000000000000000000e+00
6.422700000000000076e-01
0.000000000000000000e+00
0.000000000000000000e+00
0.000000000000000000e+00
6.193400000000000016e-01
0.000000000000000000e+00
6.989800000000000457e-01
0.000000000000000000e+00
0.000000000000000000e+00
0.000000000000000000e+00
6.718800000000000328e-01
0.000000000000000000e+00
0.000000000000000000e+00
0.000000000000000000e+00
0.000000000000000000e+00
8.979300000000000059e-01
0.000000000000000000e+00
0.000000000000000000e+00
5.316499999999999559e-01
0.000000000000000000e+00
0.000000000000000000e+00
0.000000000000000000e+00
6.537199999999999678e-01
0.000000000000000000e+00
0.000000000000000000e+00
0.000000000000000000e+00
5.868400000000000283e-01
0.000000000000000000e+00
1.243249999999999966e+00
0.000000000000000000e+00
9.178399999999999892e-01
0.000000000000000000e+00
6.864299999999999846e-01
0.000000000000000000e+00
0.000000000000000000e+00
0.000000000000000000e+00
7.010999999999999455e-01
0.000000000000000000e+00
0.000000000000000000e+00
0.000000000000000000e+00
5.902100000000000124e-01
0.000000000000000000e+00
0.000000000000000000e+00
0.000000000000000000e+00
1.125210000000000043e+00
0.000000000000000000e+00
6.406699999999999617e-01
0.000000000000000000e+00
0.000000000000000000e+00
0.000000000000000000e+00
5.721399999999999819e-01
0.000000000000000000e+00
0.000000000000000000e+00
0.000000000000000000e+00
0.000000000000000000e+00
0.000000000000000000e+00
0.000000000000000000e+00
6.128200000000000314e-01
0.000000000000000000e+00
6.582200000000000273e-01
0.000000000000000000e+00
7.328900000000000414e-01
0.000000000000000000e+00
6.986299999999999732e-01
0.000000000000000000e+00
0.000000000000000000e+00
0.000000000000000000e+00
0.000000000000000000e+00
6.481799999999999784e-01
0.000000000000000000e+00
0.000000000000000000e+00
1.258170000000000011e+00
0.000000000000000000e+00
5.141499999999999959e-01
0.000000000000000000e+00
7.694999999999999618e-01
0.000000000000000000e+00
0.000000000000000000e+00
0.000000000000000000e+00
6.961699999999999555e-01
0.000000000000000000e+00
0.000000000000000000e+00
1.280489999999999906e+00
0.000000000000000000e+00
0.000000000000000000e+00
1.384640000000000093e+00
0.000000000000000000e+00
0.000000000000000000e+00
6.672200000000000353e-01
0.000000000000000000e+00
1.280299999999999994e+00
0.000000000000000000e+00
0.000000000000000000e+00
6.515600000000000280e-01
0.000000000000000000e+00
0.000000000000000000e+00
0.000000000000000000e+00
6.554699999999999971e-01
0.000000000000000000e+00
6.401599999999999513e-01
0.000000000000000000e+00
0.000000000000000000e+00
5.849900000000000100e-01
0.000000000000000000e+00
0.000000000000000000e+00
6.087900000000000533e-01
0.000000000000000000e+00
0.000000000000000000e+00
6.465899999999999981e-01
0.000000000000000000e+00
5.181999999999999940e-01
0.000000000000000000e+00
0.000000000000000000e+00
0.000000000000000000e+00
0.000000000000000000e+00
5.819999999999999618e-01
0.000000000000000000e+00
0.000000000000000000e+00
0.000000000000000000e+00
0.000000000000000000e+00
0.000000000000000000e+00
5.936200000000000365e-01
0.000000000000000000e+00
0.000000000000000000e+00
0.000000000000000000e+00
1.079949999999999966e+00
0.000000000000000000e+00
0.000000000000000000e+00
0.000000000000000000e+00
0.000000000000000000e+00
0.000000000000000000e+00
5.297399999999999887e-01
0.000000000000000000e+00
0.000000000000000000e+00
5.781500000000000528e-01
0.000000000000000000e+00
6.847199999999999953e-01
0.000000000000000000e+00
0.000000000000000000e+00
0.000000000000000000e+00
0.000000000000000000e+00
5.776000000000000023e-01
0.000000000000000000e+00
0.000000000000000000e+00
8.968000000000000416e-01
0.000000000000000000e+00
7.049100000000000366e-01
0.000000000000000000e+00
6.661599999999999744e-01
0.000000000000000000e+00
0.000000000000000000e+00
5.766900000000000359e-01
0.000000000000000000e+00
0.000000000000000000e+00
6.929300000000000459e-01
0.000000000000000000e+00
0.000000000000000000e+00
0.000000000000000000e+00
7.651799999999999713e-01
0.000000000000000000e+00
5.733099999999999863e-01
0.000000000000000000e+00
0.000000000000000000e+00
5.215100000000000291e-01
0.000000000000000000e+00
0.000000000000000000e+00
0.000000000000000000e+00
6.035199999999999454e-01
0.000000000000000000e+00
0.000000000000000000e+00
0.000000000000000000e+00
0.000000000000000000e+00
6.803799999999999848e-01
0.000000000000000000e+00
1.068850000000000078e+00
0.000000000000000000e+00
0.000000000000000000e+00
0.000000000000000000e+00
7.005099999999999660e-01
0.000000000000000000e+00
0.000000000000000000e+00
8.890000000000000124e-01
0.000000000000000000e+00
0.000000000000000000e+00
0.000000000000000000e+00
1.032960000000000100e+00
0.000000000000000000e+00
0.000000000000000000e+00
0.000000000000000000e+00
6.805200000000000138e-01
0.000000000000000000e+00
5.396400000000000086e-01
0.000000000000000000e+00
0.000000000000000000e+00
7.728399999999999714e-01
0.000000000000000000e+00
0.000000000000000000e+00
0.000000000000000000e+00
5.655400000000000427e-01
0.000000000000000000e+00
0.000000000000000000e+00
0.000000000000000000e+00
0.000000000000000000e+00
5.954500000000000348e-01
0.000000000000000000e+00
6.749000000000000554e-01
0.000000000000000000e+00
7.544600000000000195e-01
0.000000000000000000e+00
6.999300000000000521e-01
0.000000000000000000e+00
0.000000000000000000e+00
8.932499999999999885e-01
0.000000000000000000e+00
0.000000000000000000e+00
0.000000000000000000e+00
7.642700000000000049e-01
0.000000000000000000e+00
0.000000000000000000e+00
6.202499999999999680e-01
0.000000000000000000e+00
0.000000000000000000e+00
0.000000000000000000e+00
0.000000000000000000e+00
0.000000000000000000e+00
0.000000000000000000e+00
0.000000000000000000e+00
0.000000000000000000e+00
0.000000000000000000e+00
0.000000000000000000e+00
0.000000000000000000e+00
0.000000000000000000e+00
0.000000000000000000e+00
0.000000000000000000e+00
0.000000000000000000e+00
0.000000000000000000e+00
0.000000000000000000e+00
0.000000000000000000e+00
0.000000000000000000e+00
0.000000000000000000e+00
0.000000000000000000e+00
8.743400000000000061e-01
0.000000000000000000e+00
0.000000000000000000e+00
0.000000000000000000e+00
0.000000000000000000e+00
6.572700000000000209e-01
0.000000000000000000e+00
6.782299999999999995e-01
0.000000000000000000e+00
0.000000000000000000e+00
0.000000000000000000e+00
0.000000000000000000e+00
5.639300000000000423e-01
0.000000000000000000e+00
1.159170000000000034e+00
0.000000000000000000e+00
0.000000000000000000e+00
0.000000000000000000e+00
6.111999999999999655e-01
0.000000000000000000e+00
0.000000000000000000e+00
0.000000000000000000e+00
6.536999999999999478e-01
0.000000000000000000e+00
0.000000000000000000e+00
0.000000000000000000e+00
0.000000000000000000e+00
0.000000000000000000e+00
6.555800000000000516e-01
0.000000000000000000e+00
0.000000000000000000e+00
8.457700000000000218e-01
0.000000000000000000e+00
0.000000000000000000e+00
0.000000000000000000e+00
0.000000000000000000e+00
1.136579999999999924e+00
0.000000000000000000e+00
0.000000000000000000e+00
0.000000000000000000e+00
1.010769999999999946e+00
0.000000000000000000e+00
0.000000000000000000e+00
1.135399999999999965e+00
0.000000000000000000e+00
8.414500000000000313e-01
0.000000000000000000e+00
0.000000000000000000e+00
0.000000000000000000e+00
0.000000000000000000e+00
1.129369999999999985e+00
0.000000000000000000e+00
0.000000000000000000e+00
0.000000000000000000e+00
0.000000000000000000e+00
0.000000000000000000e+00
0.000000000000000000e+00
6.646900000000000031e-01
0.000000000000000000e+00
0.000000000000000000e+00
0.000000000000000000e+00
6.083899999999999864e-01
0.000000000000000000e+00
0.000000000000000000e+00
6.151799999999999491e-01
0.000000000000000000e+00
0.000000000000000000e+00
1.069430000000000103e+00
0.000000000000000000e+00
0.000000000000000000e+00
0.000000000000000000e+00
0.000000000000000000e+00
0.000000000000000000e+00
8.651400000000000201e-01
0.000000000000000000e+00
0.000000000000000000e+00
1.096829999999999972e+00
0.000000000000000000e+00
0.000000000000000000e+00
6.712900000000000533e-01
0.000000000000000000e+00
0.000000000000000000e+00
0.000000000000000000e+00
6.690199999999999481e-01
0.000000000000000000e+00
6.529700000000000504e-01
0.000000000000000000e+00
6.006799999999999917e-01
0.000000000000000000e+00
6.549800000000000066e-01
0.000000000000000000e+00
0.000000000000000000e+00
0.000000000000000000e+00
0.000000000000000000e+00
7.162800000000000278e-01
0.000000000000000000e+00
6.663099999999999579e-01
0.000000000000000000e+00
0.000000000000000000e+00
0.000000000000000000e+00
1.026019999999999932e+00
0.000000000000000000e+00
0.000000000000000000e+00
6.063800000000000301e-01
0.000000000000000000e+00
0.000000000000000000e+00
8.750499999999999945e-01
0.000000000000000000e+00
0.000000000000000000e+00
0.000000000000000000e+00
9.837099999999999733e-01
0.000000000000000000e+00
0.000000000000000000e+00
0.000000000000000000e+00
0.000000000000000000e+00
0.000000000000000000e+00
6.797100000000000364e-01
0.000000000000000000e+00
0.000000000000000000e+00
0.000000000000000000e+00
8.994100000000000428e-01
0.000000000000000000e+00
1.740690000000000071e+00
0.000000000000000000e+00
0.000000000000000000e+00
6.282200000000000006e-01
0.000000000000000000e+00
0.000000000000000000e+00
0.000000000000000000e+00
0.000000000000000000e+00
0.000000000000000000e+00
5.944899999999999629e-01
0.000000000000000000e+00
0.000000000000000000e+00
6.147200000000000442e-01
0.000000000000000000e+00
0.000000000000000000e+00
0.000000000000000000e+00
6.262299999999999534e-01
0.000000000000000000e+00
0.000000000000000000e+00
0.000000000000000000e+00
0.000000000000000000e+00
6.106300000000000061e-01
0.000000000000000000e+00
7.425399999999999778e-01
0.000000000000000000e+00
0.000000000000000000e+00
7.085099999999999731e-01
0.000000000000000000e+00
0.000000000000000000e+00
0.000000000000000000e+00
0.000000000000000000e+00
7.096999999999999975e-01
0.000000000000000000e+00
0.000000000000000000e+00
0.000000000000000000e+00
0.000000000000000000e+00
0.000000000000000000e+00
0.000000000000000000e+00
0.000000000000000000e+00
4.810200000000000031e-01
0.000000000000000000e+00
7.451799999999999535e-01
0.000000000000000000e+00
5.714700000000000335e-01
0.000000000000000000e+00
6.880199999999999649e-01
0.000000000000000000e+00
5.265900000000000025e-01
0.000000000000000000e+00
0.000000000000000000e+00
1.047039999999999971e+00
0.000000000000000000e+00
0.000000000000000000e+00
0.000000000000000000e+00
0.000000000000000000e+00
0.000000000000000000e+00
6.035899999999999599e-01
0.000000000000000000e+00
7.983400000000000496e-01
0.000000000000000000e+00
7.662799999999999612e-01
0.000000000000000000e+00
0.000000000000000000e+00
0.000000000000000000e+00
6.207099999999999840e-01
0.000000000000000000e+00
5.807600000000000540e-01
0.000000000000000000e+00
0.000000000000000000e+00
0.000000000000000000e+00
6.795200000000000129e-01
0.000000000000000000e+00
5.620300000000000296e-01
0.000000000000000000e+00
0.000000000000000000e+00
0.000000000000000000e+00
0.000000000000000000e+00
7.403600000000000181e-01
0.000000000000000000e+00
0.000000000000000000e+00
0.000000000000000000e+00
0.000000000000000000e+00
0.000000000000000000e+00
0.000000000000000000e+00
5.626999999999999780e-01
0.000000000000000000e+00
0.000000000000000000e+00
0.000000000000000000e+00
6.651799999999999935e-01
0.000000000000000000e+00
0.000000000000000000e+00
5.271900000000000475e-01
0.000000000000000000e+00
0.000000000000000000e+00
0.000000000000000000e+00
5.952300000000000368e-01
0.000000000000000000e+00
0.000000000000000000e+00
5.880100000000000326e-01
0.000000000000000000e+00
0.000000000000000000e+00
0.000000000000000000e+00
0.000000000000000000e+00
0.000000000000000000e+00
6.156399999999999650e-01
0.000000000000000000e+00
6.382100000000000550e-01
0.000000000000000000e+00
0.000000000000000000e+00
6.485499999999999599e-01
0.000000000000000000e+00
0.000000000000000000e+00
0.000000000000000000e+00
0.000000000000000000e+00
8.077999999999999625e-01
0.000000000000000000e+00
0.000000000000000000e+00
0.000000000000000000e+00
0.000000000000000000e+00
7.542900000000000160e-01
0.000000000000000000e+00
0.000000000000000000e+00
7.900399999999999645e-01
0.000000000000000000e+00
6.166899999999999604e-01
0.000000000000000000e+00
6.131900000000000128e-01
0.000000000000000000e+00
5.197599999999999998e-01
0.000000000000000000e+00
5.752099999999999991e-01
0.000000000000000000e+00
0.000000000000000000e+00
7.794400000000000217e-01
0.000000000000000000e+00
0.000000000000000000e+00
7.673299999999999566e-01
0.000000000000000000e+00
0.000000000000000000e+00
7.974599999999999467e-01
0.000000000000000000e+00
0.000000000000000000e+00
5.610300000000000287e-01
0.000000000000000000e+00
0.000000000000000000e+00
0.000000000000000000e+00
6.027200000000000335e-01
0.000000000000000000e+00
6.131400000000000183e-01
0.000000000000000000e+00
0.000000000000000000e+00
6.938100000000000378e-01
0.000000000000000000e+00
0.000000000000000000e+00
9.202200000000000379e-01
0.000000000000000000e+00
0.000000000000000000e+00
0.000000000000000000e+00
0.000000000000000000e+00
5.712300000000000155e-01
0.000000000000000000e+00
0.000000000000000000e+00
0.000000000000000000e+00
0.000000000000000000e+00
0.000000000000000000e+00
0.000000000000000000e+00
0.000000000000000000e+00
0.000000000000000000e+00
0.000000000000000000e+00
0.000000000000000000e+00
0.000000000000000000e+00
0.000000000000000000e+00
0.000000000000000000e+00
0.000000000000000000e+00
0.000000000000000000e+00
0.000000000000000000e+00
0.000000000000000000e+00
0.000000000000000000e+00
0.000000000000000000e+00
0.000000000000000000e+00
0.000000000000000000e+00
0.000000000000000000e+00
0.000000000000000000e+00
9.976500000000000368e-01
0.000000000000000000e+00
0.000000000000000000e+00
5.482900000000000551e-01
0.000000000000000000e+00
0.000000000000000000e+00
6.244499999999999496e-01
0.000000000000000000e+00
0.000000000000000000e+00
0.000000000000000000e+00
6.342700000000000005e-01
0.000000000000000000e+00
0.000000000000000000e+00
0.000000000000000000e+00
0.000000000000000000e+00
1.233959999999999946e+00
0.000000000000000000e+00
0.000000000000000000e+00
7.343600000000000128e-01
0.000000000000000000e+00
0.000000000000000000e+00
0.000000000000000000e+00
6.734799999999999676e-01
0.000000000000000000e+00
0.000000000000000000e+00
0.000000000000000000e+00
5.691100000000000048e-01
0.000000000000000000e+00
0.000000000000000000e+00
7.082800000000000207e-01
0.000000000000000000e+00
5.869100000000000428e-01
0.000000000000000000e+00
6.343600000000000350e-01
0.000000000000000000e+00
0.000000000000000000e+00
0.000000000000000000e+00
5.243499999999999828e-01
0.000000000000000000e+00
7.279799999999999605e-01
0.000000000000000000e+00
0.000000000000000000e+00
0.000000000000000000e+00
0.000000000000000000e+00
5.764500000000000179e-01
0.000000000000000000e+00
0.000000000000000000e+00
0.000000000000000000e+00
0.000000000000000000e+00
6.503400000000000292e-01
0.000000000000000000e+00
0.000000000000000000e+00
6.166099999999999914e-01
0.000000000000000000e+00
9.571699999999999653e-01
0.000000000000000000e+00
5.876200000000000312e-01
0.000000000000000000e+00
0.000000000000000000e+00
0.000000000000000000e+00
0.000000000000000000e+00
6.740300000000000180e-01
0.000000000000000000e+00
0.000000000000000000e+00
8.864699999999999802e-01
0.000000000000000000e+00
0.000000000000000000e+00
5.247500000000000497e-01
0.000000000000000000e+00
0.000000000000000000e+00
9.380600000000000049e-01
0.000000000000000000e+00
0.000000000000000000e+00
7.232800000000000340e-01
0.000000000000000000e+00
0.000000000000000000e+00
7.954200000000000159e-01
0.000000000000000000e+00
0.000000000000000000e+00
0.000000000000000000e+00
0.000000000000000000e+00
0.000000000000000000e+00
0.000000000000000000e+00
7.256099999999999772e-01
0.000000000000000000e+00
0.000000000000000000e+00
0.000000000000000000e+00
0.000000000000000000e+00
4.942500000000000226e-01
0.000000000000000000e+00
0.000000000000000000e+00
0.000000000000000000e+00
6.233800000000000452e-01
0.000000000000000000e+00
0.000000000000000000e+00
5.801399999999999890e-01
0.000000000000000000e+00
8.682499999999999662e-01
0.000000000000000000e+00
0.000000000000000000e+00
5.511700000000000488e-01
0.000000000000000000e+00
0.000000000000000000e+00
1.048480000000000079e+00
0.000000000000000000e+00
0.000000000000000000e+00
0.000000000000000000e+00
0.000000000000000000e+00
0.000000000000000000e+00
5.470399999999999707e-01
0.000000000000000000e+00
5.836400000000000476e-01
0.000000000000000000e+00
5.611099999999999977e-01
0.000000000000000000e+00
8.256599999999999495e-01
0.000000000000000000e+00
0.000000000000000000e+00
7.147400000000000420e-01
0.000000000000000000e+00
0.000000000000000000e+00
6.078500000000000014e-01
0.000000000000000000e+00
0.000000000000000000e+00
5.801500000000000545e-01
0.000000000000000000e+00
0.000000000000000000e+00
0.000000000000000000e+00
0.000000000000000000e+00
1.099310000000000009e+00
0.000000000000000000e+00
0.000000000000000000e+00
0.000000000000000000e+00
6.517399999999999860e-01
0.000000000000000000e+00
6.673999999999999932e-01
0.000000000000000000e+00
0.000000000000000000e+00
0.000000000000000000e+00
7.292399999999999993e-01
0.000000000000000000e+00
8.690400000000000347e-01
0.000000000000000000e+00
0.000000000000000000e+00
0.000000000000000000e+00
5.497100000000000319e-01
0.000000000000000000e+00
7.503100000000000325e-01
0.000000000000000000e+00
0.000000000000000000e+00
0.000000000000000000e+00
0.000000000000000000e+00
0.000000000000000000e+00
8.575599999999999890e-01
0.000000000000000000e+00
4.961099999999999954e-01
0.000000000000000000e+00
0.000000000000000000e+00
0.000000000000000000e+00
6.351400000000000379e-01
0.000000000000000000e+00
8.975999999999999535e-01
0.000000000000000000e+00
0.000000000000000000e+00
0.000000000000000000e+00
0.000000000000000000e+00
0.000000000000000000e+00
0.000000000000000000e+00
6.635299999999999532e-01
0.000000000000000000e+00
0.000000000000000000e+00
0.000000000000000000e+00
6.107900000000000551e-01
0.000000000000000000e+00
0.000000000000000000e+00
0.000000000000000000e+00
6.348500000000000254e-01
0.000000000000000000e+00
0.000000000000000000e+00
1.245049999999999990e+00
0.000000000000000000e+00
0.000000000000000000e+00
5.602000000000000313e-01
0.000000000000000000e+00
7.896499999999999631e-01
0.000000000000000000e+00
0.000000000000000000e+00
5.516499999999999737e-01
0.000000000000000000e+00
0.000000000000000000e+00
0.000000000000000000e+00
0.000000000000000000e+00
7.426500000000000323e-01
0.000000000000000000e+00
1.221039999999999903e+00
0.000000000000000000e+00
0.000000000000000000e+00
0.000000000000000000e+00
0.000000000000000000e+00
6.109200000000000186e-01
0.000000000000000000e+00
0.000000000000000000e+00
0.000000000000000000e+00
5.878999999999999782e-01
0.000000000000000000e+00
8.145200000000000218e-01
0.000000000000000000e+00
0.000000000000000000e+00
0.000000000000000000e+00
0.000000000000000000e+00
9.789400000000000324e-01
0.000000000000000000e+00
0.000000000000000000e+00
0.000000000000000000e+00
0.000000000000000000e+00
0.000000000000000000e+00
5.290700000000000403e-01
0.000000000000000000e+00
0.000000000000000000e+00
0.000000000000000000e+00
0.000000000000000000e+00
5.809100000000000374e-01
0.000000000000000000e+00
0.000000000000000000e+00
6.057700000000000307e-01
0.000000000000000000e+00
6.126599999999999824e-01
0.000000000000000000e+00
0.000000000000000000e+00
6.792000000000000259e-01
0.000000000000000000e+00
0.000000000000000000e+00
5.443299999999999805e-01
0.000000000000000000e+00
0.000000000000000000e+00
0.000000000000000000e+00
0.000000000000000000e+00
5.932100000000000151e-01
0.000000000000000000e+00
5.326699999999999768e-01
0.000000000000000000e+00
0.000000000000000000e+00
4.850099999999999967e-01
0.000000000000000000e+00
0.000000000000000000e+00
6.860500000000000487e-01
0.000000000000000000e+00
0.000000000000000000e+00
0.000000000000000000e+00
4.860099999999999976e-01
0.000000000000000000e+00
5.346100000000000296e-01
0.000000000000000000e+00
0.000000000000000000e+00
5.864099999999999868e-01
0.000000000000000000e+00
5.993800000000000239e-01
0.000000000000000000e+00
4.929999999999999938e-01
0.000000000000000000e+00
6.606499999999999595e-01
0.000000000000000000e+00
0.000000000000000000e+00
0.000000000000000000e+00
0.000000000000000000e+00
5.399000000000000465e-01
0.000000000000000000e+00
0.000000000000000000e+00
5.989799999999999569e-01
0.000000000000000000e+00
0.000000000000000000e+00
0.000000000000000000e+00
0.000000000000000000e+00
0.000000000000000000e+00
0.000000000000000000e+00
0.000000000000000000e+00
0.000000000000000000e+00
0.000000000000000000e+00
0.000000000000000000e+00
0.000000000000000000e+00
0.000000000000000000e+00
0.000000000000000000e+00
