0.000000000000000000e+00
0.000000000000000000e+00
0.000000000000000000e+00
0.000000000000000000e+00
0.000000000000000000e+00
0.000000000000000000e+00
0.000000000000000000e+00
0.000000000000000000e+00
0.000000000000000000e+00
0.000000000000000000e+00
1.051879999999999926e+00
0.000000000000000000e+00
4.742000000000000104e-01
0.000000000000000000e+00
0.000000000000000000e+00
7.545899999999999830e-01
0.000000000000000000e+00
0.000000000000000000e+00
5.118399999999999617e-01
0.000000000000000000e+00
5.563500000000000112e-01
0.000000000000000000e+00
0.000000000000000000e+00
0.000000000000000000e+00
5.382799999999999807e-01
0.000000000000000000e+00
0.000000000000000000e+00
0.000000000000000000e+00
6.646100000000000341e-01
0.000000000000000000e+00
0.000000000000000000e+00
5.334600000000000453e-01
0.000000000000000000e+00
0.000000000000000000e+00
0.000000000000000000e+00
1.233910000000000062e+00
0.000000000000000000e+00
5.378800000000000248e-01
0.000000000000000000e+00
0.000000000000000000e+00
4.282099999999999795e-01
0.000000000000000000e+00
4.857199999999999851e-01
0.000000000000000000e+00
5.273400000000000309e-01
0.000000000000000000e+00
0.000000000000000000e+00
0.000000000000000000e+00
0.000000000000000000e+00
4.028399999999999759e-01
0.000000000000000000e+00
0.000000000000000000e+00
0.000000000000000000e+00
8.712999999999999634e-01
0.000000000000000000e+00
4.734400000000000275e-01
0.000000000000000000e+00
0.000000000000000000e+00
4.805099999999999927e-01
0.000000000000000000e+00
0.000000000000000000e+00
0.000000000000000000e+00
1.123150000000000093e+00
0.000000000000000000e+00
0.000000000000000000e+00
0.000000000000000000e+00
7.573100000000000387e-01
0.000000000000000000e+00
0.000000000000000000e+00
0.000000000000000000e+00
0.000000000000000000e+00
0.000000000000000000e+00
0.000000000000000000e+00
5.102499999999999813e-01
0.000000000000000000e+00
0.000000000000000000e+00
0.000000000000000000e+00
4.093100000000000072e-01
0.000000000000000000e+00
0.000000000000000000e+00
0.000000000000000000e+00
7.754600000000000382e-01
0.000000000000000000e+00
0.000000000000000000e+00
5.172900000000000276e-01
0.000000000000000000e+00
5.172400000000000331e-01
0.000000000000000000e+00
0.000000000000000000e+00
0.000000000000000000e+00
5.302700000000000191e-01
0.000000000000000000e+00
0.000000000000000000e+00
0.000000000000000000e+00
0.000000000000000000e+00
6.222600000000000353e-01
0.000000000000000000e+00
0.000000000000000000e+00
0.000000000000000000e+00
0.000000000000000000e+00
0.000000000000000000e+00
5.103299999999999503e-01
0.000000000000000000e+00
0.000000000000000000e+00
0.000000000000000000e+00
0.000000000000000000e+00
4.976999999999999758e-01
0.000000000000000000e+00
0.000000000000000000e+00
0.000000000000000000e+00
0.000000000000000000e+00
4.435899999999999843e-01
0.000000000000000000e+00
6.574499999999999789e-01
0.000000000000000000e+00
7.347700000000000342e-01
0.000000000000000000e+00
0.000000000000000000e+00
0.000000000000000000e+00
4.862099999999999755e-01
0.000000000000000000e+00
0.000000000000000000e+00
5.170000000000000151e-01
0.000000000000000000e+00
0.000000000000000000e+00
0.000000000000000000e+00
6.112100000000000311e-01
0.000000000000000000e+00
0.000000000000000000e+00
6.544900000000000162e-01
0.000000000000000000e+00
0.000000000000000000e+00
0.000000000000000000e+00
5.126600000000000046e-01
0.000000000000000000e+00
0.000000000000000000e+00
6.647800000000000376e-01
0.000000000000000000e+00
0.000000000000000000e+00
0.000000000000000000e+00
4.974399999999999933e-01
0.000000000000000000e+00
0.000000000000000000e+00
0.000000000000000000e+00
0.000000000000000000e+00
5.083999999999999631e-01
0.000000000000000000e+00
0.000000000000000000e+00
0.000000000000000000e+00
5.442700000000000315e-01
0.000000000000000000e+00
0.000000000000000000e+00
0.000000000000000000e+00
6.010299999999999532e-01
0.000000000000000000e+00
0.000000000000000000e+00
0.000000000000000000e+00
0.000000000000000000e+00
5.083199999999999941e-01
0.000000000000000000e+00
0.000000000000000000e+00
6.807299999999999462e-01
0.000000000000000000e+00
0.000000000000000000e+00
0.000000000000000000e+00
0.000000000000000000e+00
7.639099999999999779e-01
0.000000000000000000e+00
0.000000000000000000e+00
0.000000000000000000e+00
5.507100000000000328e-01
0.000000000000000000e+00
8.192899999999999627e-01
0.000000000000000000e+00
0.000000000000000000e+00
0.000000000000000000e+00
5.523000000000000131e-01
0.000000000000000000e+00
0.000000000000000000e+00
5.135399999999999965e-01
0.000000000000000000e+00
0.000000000000000000e+00
6.882700000000000484e-01
0.000000000000000000e+00
0.000000000000000000e+00
4.791400000000000103e-01
0.000000000000000000e+00
0.000000000000000000e+00
0.000000000000000000e+00
6.039299999999999669e-01
0.000000000000000000e+00
0.000000000000000000e+00
0.000000000000000000e+00
7.674800000000000511e-01
0.000000000000000000e+00
0.000000000000000000e+00
0.000000000000000000e+00
0.000000000000000000e+00
5.976099999999999746e-01
0.000000000000000000e+00
5.247000000000000552e-01
0.000000000000000000e+00
0.000000000000000000e+00
4.464199999999999835e-01
0.000000000000000000e+00
6.157000000000000250e-01
0.000000000000000000e+00
0.000000000000000000e+00
0.000000000000000000e+00
0.000000000000000000e+00
0.000000000000000000e+00
0.000000000000000000e+00
5.954599999999999893e-01
0.000000000000000000e+00
0.000000000000000000e+00
0.000000000000000000e+00
0.000000000000000000e+00
7.032699999999999507e-01
0.000000000000000000e+00
0.000000000000000000e+00
0.000000000000000000e+00
0.000000000000000000e+00
1.301539999999999919e+00
0.000000000000000000e+00
0.000000000000000000e+00
0.000000000000000000e+00
5.829100000000000392e-01
0.000000000000000000e+00
0.000000000000000000e+00
6.126399999999999624e-01
0.000000000000000000e+00
5.833000000000000407e-01
0.000000000000000000e+00
0.000000000000000000e+00
0.000000000000000000e+00
0.000000000000000000e+00
0.000000000000000000e+00
0.000000000000000000e+00
0.000000000000000000e+00
4.257900000000000018e-01
0.000000000000000000e+00
0.000000000000000000e+00
6.342700000000000005e-01
0.000000000000000000e+00
0.000000000000000000e+00
5.744399999999999507e-01
0.000000000000000000e+00
0.000000000000000000e+00
5.808799999999999519e-01
0.000000000000000000e+00
5.199099999999999833e-01
0.000000000000000000e+00
0.000000000000000000e+00
0.000000000000000000e+00
5.573299999999999921e-01
0.000000000000000000e+00
0.000000000000000000e+00
0.000000000000000000e+00
0.000000000000000000e+00
6.147200000000000442e-01
0.000000000000000000e+00
0.000000000000000000e+00
0.000000000000000000e+00
5.052499999999999769e-01
0.000000000000000000e+00
0.000000000000000000e+00
6.351799999999999669e-01
0.000000000000000000e+00
0.000000000000000000e+00
5.234199999999999964e-01
0.000000000000000000e+00
0.000000000000000000e+00
5.223200000000000065e-01
0.000000000000000000e+00
0.000000000000000000e+00
0.000000000000000000e+00
0.000000000000000000e+00
5.052299999999999569e-01
0.000000000000000000e+00
0.000000000000000000e+00
4.690500000000000225e-01
0.000000000000000000e+00
0.000000000000000000e+00
0.000000000000000000e+00
5.855599999999999694e-01
0.000000000000000000e+00
0.000000000000000000e+00
9.687700000000000200e-01
0.000000000000000000e+00
0.000000000000000000e+00
0.000000000000000000e+00
0.000000000000000000e+00
5.166500000000000536e-01
0.000000000000000000e+00
0.000000000000000000e+00
0.000000000000000000e+00
0.000000000000000000e+00
0.000000000000000000e+00
5.748600000000000376e-01
0.000000000000000000e+00
6.075000000000000400e-01
0.000000000000000000e+00
0.000000000000000000e+00
0.000000000000000000e+00
0.000000000000000000e+00
0.000000000000000000e+00
0.000000000000000000e+00
0.000000000000000000e+00
0.000000000000000000e+00
0.000000000000000000e+00
0.000000000000000000e+00
0.000000000000000000e+00
0.000000000000000000e+00
0.000000000000000000e+00
0.000000000000000000e+00
0.000000000000000000e+00
0.000000000000000000e+00
0.000000000000000000e+00
0.000000000000000000e+00
0.000000000000000000e+00
0.000000000000000000e+00
0.000000000000000000e+00
0.000000000000000000e+00
0.000000000000000000e+00
0.000000000000000000e+00
0.000000000000000000e+00
0.000000000000000000e+00
5.352500000000000036e-01
0.000000000000000000e+00
0.000000000000000000e+00
5.418100000000000138e-01
0.000000000000000000e+00
4.943699999999999761e-01
0.000000000000000000e+00
0.000000000000000000e+00
0.000000000000000000e+00
0.000000000000000000e+00
4.972500000000000253e-01
0.000000000000000000e+00
4.255599999999999938e-01
0.000000000000000000e+00
0.000000000000000000e+00
5.517100000000000337e-01
0.000000000000000000e+00
0.000000000000000000e+00
0.000000000000000000e+00
4.537499999999999867e-01
0.000000000000000000e+00
0.000000000000000000e+00
1.020059999999999967e+00
0.000000000000000000e+00
0.000000000000000000e+00
0.000000000000000000e+00
6.528199999999999559e-01
0.000000000000000000e+00
6.127599999999999714e-01
0.000000000000000000e+00
0.000000000000000000e+00
0.000000000000000000e+00
5.264799999999999480e-01
0.000000000000000000e+00
5.588999999999999524e-01
0.000000000000000000e+00
5.053499999999999659e-01
0.000000000000000000e+00
0.000000000000000000e+00
0.000000000000000000e+00
0.000000000000000000e+00
6.942899999999999627e-01
0.000000000000000000e+00
0.000000000000000000e+00
0.000000000000000000e+00
0.000000000000000000e+00
1.201079999999999925e+00
0.000000000000000000e+00
7.295500000000000318e-01
0.000000000000000000e+00
6.002999999999999448e-01
0.000000000000000000e+00
7.102100000000000080e-01
0.000000000000000000e+00
0.000000000000000000e+00
0.000000000000000000e+00
5.304100000000000481e-01
0.000000000000000000e+00
1.072770000000000001e+00
0.000000000000000000e+00
0.000000000000000000e+00
0.000000000000000000e+00
5.544400000000000439e-01
0.000000000000000000e+00
0.000000000000000000e+00
4.977400000000000158e-01
0.000000000000000000e+00
5.883399999999999741e-01
0.000000000000000000e+00
0.000000000000000000e+00
7.897100000000000231e-01
0.000000000000000000e+00
0.000000000000000000e+00
5.460000000000000409e-01
0.000000000000000000e+00
0.000000000000000000e+00
4.842799999999999883e-01
0.000000000000000000e+00
0.000000000000000000e+00
0.000000000000000000e+00
0.000000000000000000e+00
0.000000000000000000e+00
0.000000000000000000e+00
6.945999999999999952e-01
0.000000000000000000e+00
0.000000000000000000e+00
7.205799999999999983e-01
0.000000000000000000e+00
6.068000000000000060e-01
0.000000000000000000e+00
5.215899999999999981e-01
0.000000000000000000e+00
4.752100000000000213e-01
0.000000000000000000e+00
0.000000000000000000e+00
0.000000000000000000e+00
0.000000000000000000e+00
5.468100000000000183e-01
0.000000000000000000e+00
0.000000000000000000e+00
5.241999999999999993e-01
0.000000000000000000e+00
0.000000000000000000e+00
5.532799999999999940e-01
0.000000000000000000e+00
0.000000000000000000e+00
0.000000000000000000e+00
0.000000000000000000e+00
0.000000000000000000e+00
5.802000000000000490e-01
0.000000000000000000e+00
9.832100000000000284e-01
0.000000000000000000e+00
5.747799999999999576e-01
0.000000000000000000e+00
6.802099999999999813e-01
0.000000000000000000e+00
5.938499999999999890e-01
0.000000000000000000e+00
0.000000000000000000e+00
1.002189999999999914e+00
0.000000000000000000e+00
0.000000000000000000e+00
0.000000000000000000e+00
1.725430000000000019e+00
0.000000000000000000e+00
0.000000000000000000e+00
0.000000000000000000e+00
0.000000000000000000e+00
5.501599999999999824e-01
0.000000000000000000e+00
0.000000000000000000e+00
6.234800000000000342e-01
0.000000000000000000e+00
0.000000000000000000e+00
0.000000000000000000e+00
4.319399999999999906e-01
0.000000000000000000e+00
0.000000000000000000e+00
0.000000000000000000e+00
0.000000000000000000e+00
0.000000000000000000e+00
5.202499999999999902e-01
0.000000000000000000e+00
4.747100000000000208e-01
0.000000000000000000e+00
0.000000000000000000e+00
0.000000000000000000e+00
5.077300000000000146e-01
0.000000000000000000e+00
0.000000000000000000e+00
4.971900000000000208e-01
0.000000000000000000e+00
5.945200000000000484e-01
0.000000000000000000e+00
0.000000000000000000e+00
4.548200000000000021e-01
0.000000000000000000e+00
0.000000000000000000e+00
5.213600000000000456e-01
0.000000000000000000e+00
4.989000000000000101e-01
0.000000000000000000e+00
0.000000000000000000e+00
0.000000000000000000e+00
6.153999999999999471e-01
0.000000000000000000e+00
0.000000000000000000e+00
0.000000000000000000e+00
6.140499999999999847e-01
0.000000000000000000e+00
0.000000000000000000e+00
0.000000000000000000e+00
4.864600000000000035e-01
0.000000000000000000e+00
0.000000000000000000e+00
0.000000000000000000e+00
0.000000000000000000e+00
0.000000000000000000e+00
5.363999999999999879e-01
0.000000000000000000e+00
5.483099999999999641e-01
0.000000000000000000e+00
6.608699999999999575e-01
0.000000000000000000e+00
5.308399999999999785e-01
0.000000000000000000e+00
0.000000000000000000e+00
0.000000000000000000e+00
0.000000000000000000e+00
0.000000000000000000e+00
0.000000000000000000e+00
5.316800000000000415e-01
0.000000000000000000e+00
0.000000000000000000e+00
0.000000000000000000e+00
5.213200000000000056e-01
0.000000000000000000e+00
0.000000000000000000e+00
9.460199999999999720e-01
0.000000000000000000e+00
8.592100000000000293e-01
0.000000000000000000e+00
0.000000000000000000e+00
0.000000000000000000e+00
0.000000000000000000e+00
4.334500000000000020e-01
0.000000000000000000e+00
0.000000000000000000e+00
0.000000000000000000e+00
5.455999999999999739e-01
0.000000000000000000e+00
8.672100000000000364e-01
0.000000000000000000e+00
0.000000000000000000e+00
8.265000000000000124e-01
0.000000000000000000e+00
0.000000000000000000e+00
5.333200000000000163e-01
0.000000000000000000e+00
9.712199999999999722e-01
0.000000000000000000e+00
0.000000000000000000e+00
0.000000000000000000e+00
0.000000000000000000e+00
5.076500000000000457e-01
0.000000000000000000e+00
0.000000000000000000e+00
0.000000000000000000e+00
0.000000000000000000e+00
4.815400000000000236e-01
0.000000000000000000e+00
8.647599999999999731e-01
0.000000000000000000e+00
0.000000000000000000e+00
0.000000000000000000e+00
0.000000000000000000e+00
4.539000000000000257e-01
0.000000000000000000e+00
0.000000000000000000e+00
6.276800000000000157e-01
0.000000000000000000e+00
0.000000000000000000e+00
0.000000000000000000e+00
4.973299999999999943e-01
0.000000000000000000e+00
0.000000000000000000e+00
5.235899999999999999e-01
0.000000000000000000e+00
0.000000000000000000e+00
4.879000000000000004e-01
0.000000000000000000e+00
0.000000000000000000e+00
4.903100000000000236e-01
0.000000000000000000e+00
0.000000000000000000e+00
0.000000000000000000e+00
5.400000000000000355e-01
0.000000000000000000e+00
0.000000000000000000e+00
0.000000000000000000e+00
0.000000000000000000e+00
6.256699999999999484e-01
0.000000000000000000e+00
0.000000000000000000e+00
0.000000000000000000e+00
0.000000000000000000e+00
0.000000000000000000e+00
0.000000000000000000e+00
0.000000000000000000e+00
0.000000000000000000e+00
0.000000000000000000e+00
0.000000000000000000e+00
0.000000000000000000e+00
0.000000000000000000e+00
0.000000000000000000e+00
0.000000000000000000e+00
0.000000000000000000e+00
0.000000000000000000e+00
0.000000000000000000e+00
0.000000000000000000e+00
0.000000000000000000e+00
0.000000000000000000e+00
0.000000000000000000e+00
0.000000000000000000e+00
0.000000000000000000e+00
0.000000000000000000e+00
5.762699999999999489e-01
0.000000000000000000e+00
0.000000000000000000e+00
0.000000000000000000e+00
5.451899999999999524e-01
0.000000000000000000e+00
0.000000000000000000e+00
0.000000000000000000e+00
5.248599999999999932e-01
0.000000000000000000e+00
0.000000000000000000e+00
0.000000000000000000e+00
0.000000000000000000e+00
8.114900000000000446e-01
0.000000000000000000e+00
0.000000000000000000e+00
0.000000000000000000e+00
0.000000000000000000e+00
5.558899999999999952e-01
0.000000000000000000e+00
0.000000000000000000e+00
5.153100000000000458e-01
0.000000000000000000e+00
0.000000000000000000e+00
5.286199999999999788e-01
0.000000000000000000e+00
0.000000000000000000e+00
0.000000000000000000e+00
0.000000000000000000e+00
0.000000000000000000e+00
0.000000000000000000e+00
7.155299999999999994e-01
0.000000000000000000e+00
7.271800000000000486e-01
0.000000000000000000e+00
0.000000000000000000e+00
5.000700000000000145e-01
0.000000000000000000e+00
0.000000000000000000e+00
5.640800000000000258e-01
0.000000000000000000e+00
0.000000000000000000e+00
4.050400000000000111e-01
0.000000000000000000e+00
0.000000000000000000e+00
0.000000000000000000e+00
4.946200000000000041e-01
0.000000000000000000e+00
0.000000000000000000e+00
0.000000000000000000e+00
0.000000000000000000e+00
6.323900000000000077e-01
0.000000000000000000e+00
0.000000000000000000e+00
4.657299999999999773e-01
0.000000000000000000e+00
5.089399999999999480e-01
0.000000000000000000e+00
0.000000000000000000e+00
0.000000000000000000e+00
1.122840000000000060e+00
0.000000000000000000e+00
0.000000000000000000e+00
5.288199999999999568e-01
0.000000000000000000e+00
5.177899999999999725e-01
0.000000000000000000e+00
6.527899999999999814e-01
0.000000000000000000e+00
0.000000000000000000e+00
5.253100000000000547e-01
0.000000000000000000e+00
0.000000000000000000e+00
0.000000000000000000e+00
0.000000000000000000e+00
5.939299999999999580e-01
0.000000000000000000e+00
0.000000000000000000e+00
7.479299999999999837e-01
0.000000000000000000e+00
0.000000000000000000e+00
0.000000000000000000e+00
0.000000000000000000e+00
4.391599999999999948e-01
0.000000000000000000e+00
0.000000000000000000e+00
0.000000000000000000e+00
5.006099999999999994e-01
0.000000000000000000e+00
0.000000000000000000e+00
0.000000000000000000e+00
4.819200000000000150e-01
0.000000000000000000e+00
4.967900000000000094e-01
0.000000000000000000e+00
0.000000000000000000e+00
0.000000000000000000e+00
0.000000000000000000e+00
5.433099999999999596e-01
0.000000000000000000e+00
5.657900000000000151e-01
0.000000000000000000e+00
0.000000000000000000e+00
0.000000000000000000e+00
0.000000000000000000e+00
0.000000000000000000e+00
5.459800000000000209e-01
0.000000000000000000e+00
0.000000000000000000e+00
0.000000000000000000e+00
6.459799999999999986e-01
0.000000000000000000e+00
7.281400000000000095e-01
0.000000000000000000e+00
0.000000000000000000e+00
6.533099999999999463e-01
0.000000000000000000e+00
6.308599999999999763e-01
0.000000000000000000e+00
5.695200000000000262e-01
0.000000000000000000e+00
0.000000000000000000e+00
6.157299999999999995e-01
0.000000000000000000e+00
0.000000000000000000e+00
0.000000000000000000e+00
0.000000000000000000e+00
7.456700000000000550e-01
0.000000000000000000e+00
8.366299999999999848e-01
0.000000000000000000e+00
0.000000000000000000e+00
0.000000000000000000e+00
6.117799999999999905e-01
0.000000000000000000e+00
0.000000000000000000e+00
0.000000000000000000e+00
0.000000000000000000e+00
7.244399999999999729e-01
0.000000000000000000e+00
0.000000000000000000e+00
7.968899999999999872e-01
0.000000000000000000e+00
0.000000000000000000e+00
5.596900000000000208e-01
0.000000000000000000e+00
0.000000000000000000e+00
0.000000000000000000e+00
0.000000000000000000e+00
5.979600000000000470e-01
0.000000000000000000e+00
0.000000000000000000e+00
0.000000000000000000e+00
5.732000000000000428e-01
0.000000000000000000e+00
0.000000000000000000e+00
0.000000000000000000e+00
0.000000000000000000e+00
5.450300000000000145e-01
0.000000000000000000e+00
0.000000000000000000e+00
0.000000000000000000e+00
0.000000000000000000e+00
8.758599999999999719e-01
0.000000000000000000e+00
1.310619999999999896e+00
0.000000000000000000e+00
0.000000000000000000e+00
0.000000000000000000e+00
5.274699999999999944e-01
0.000000000000000000e+00
0.000000000000000000e+00
0.000000000000000000e+00
5.559699999999999642e-01
0.000000000000000000e+00
0.000000000000000000e+00
0.000000000000000000e+00
0.000000000000000000e+00
4.775499999999999745e-01
0.000000000000000000e+00
5.495100000000000540e-01
0.000000000000000000e+00
0.000000000000000000e+00
9.967899999999999539e-01
0.000000000000000000e+00
0.000000000000000000e+00
0.000000000000000000e+00
6.253100000000000325e-01
0.000000000000000000e+00
0.000000000000000000e+00
0.000000000000000000e+00
0.000000000000000000e+00
0.000000000000000000e+00
7.248299999999999743e-01
0.000000000000000000e+00
0.000000000000000000e+00
0.000000000000000000e+00
0.000000000000000000e+00
4.674400000000000222e-01
0.000000000000000000e+00
0.000000000000000000e+00
5.647199999999999998e-01
0.000000000000000000e+00
0.000000000000000000e+00
0.000000000000000000e+00
8.552400000000000002e-01
0.000000000000000000e+00
4.758700000000000152e-01
0.000000000000000000e+00
5.563000000000000167e-01
0.000000000000000000e+00
0.000000000000000000e+00
0.000000000000000000e+00
7.267599999999999616e-01
0.000000000000000000e+00
0.000000000000000000e+00
8.604300000000000281e-01
0.000000000000000000e+00
0.000000000000000000e+00
0.000000000000000000e+00
6.282600000000000406e-01
0.000000000000000000e+00
0.000000000000000000e+00
0.000000000000000000e+00
1.562329999999999997e+00
0.000000000000000000e+00
6.179700000000000193e-01
0.000000000000000000e+00
5.673899999999999499e-01
0.000000000000000000e+00
5.639899999999999913e-01
0.000000000000000000e+00
0.000000000000000000e+00
6.289000000000000146e-01
0.000000000000000000e+00
0.000000000000000000e+00
5.047500000000000320e-01
0.000000000000000000e+00
0.000000000000000000e+00
0.000000000000000000e+00
0.000000000000000000e+00
5.769300000000000539e-01
0.000000000000000000e+00
0.000000000000000000e+00
0.000000000000000000e+00
6.800300000000000233e-01
0.000000000000000000e+00
0.000000000000000000e+00
8.768899999999999473e-01
0.000000000000000000e+00
9.849799999999999667e-01
0.000000000000000000e+00
0.000000000000000000e+00
0.000000000000000000e+00
0.000000000000000000e+00
7.917600000000000193e-01
0.000000000000000000e+00
0.000000000000000000e+00
5.407800000000000384e-01
0.000000000000000000e+00
0.000000000000000000e+00
0.000000000000000000e+00
5.946399999999999464e-01
0.000000000000000000e+00
0.000000000000000000e+00
1.308980000000000032e+00
0.000000000000000000e+00
0.000000000000000000e+00
5.984199999999999520e-01
0.000000000000000000e+00
0.000000000000000000e+00
0.000000000000000000e+00
6.000199999999999978e-01
0.000000000000000000e+00
0.000000000000000000e+00
5.322299999999999809e-01
0.000000000000000000e+00
0.000000000000000000e+00
0.000000000000000000e+00
5.539199999999999680e-01
0.000000000000000000e+00
0.000000000000000000e+00
0.000000000000000000e+00
0.000000000000000000e+00
0.000000000000000000e+00
0.000000000000000000e+00
0.000000000000000000e+00
0.000000000000000000e+00
0.000000000000000000e+00
0.000000000000000000e+00
0.000000000000000000e+00
0.000000000000000000e+00
0.000000000000000000e+00
0.000000000000000000e+00
0.000000000000000000e+00
0.000000000000000000e+00
0.000000000000000000e+00
0.000000000000000000e+00
0.000000000000000000e+00
0.000000000000000000e+00
0.000000000000000000e+00
7.848800000000000221e-01
0.000000000000000000e+00
0.000000000000000000e+00
0.000000000000000000e+00
5.088000000000000300e-01
0.000000000000000000e+00
5.692899999999999627e-01
0.000000000000000000e+00
0.000000000000000000e+00
9.066300000000000470e-01
0.000000000000000000e+00
0.000000000000000000e+00
0.000000000000000000e+00
6.696100000000000385e-01
0.000000000000000000e+00
0.000000000000000000e+00
6.126399999999999624e-01
0.000000000000000000e+00
0.000000000000000000e+00
7.028699999999999948e-01
0.000000000000000000e+00
0.000000000000000000e+00
5.528899999999999926e-01
0.000000000000000000e+00
0.000000000000000000e+00
0.000000000000000000e+00
5.102900000000000214e-01
0.000000000000000000e+00
0.000000000000000000e+00
6.808600000000000207e-01
0.000000000000000000e+00
5.872000000000000552e-01
0.000000000000000000e+00
0.000000000000000000e+00
0.000000000000000000e+00
4.904000000000000026e-01
0.000000000000000000e+00
0.000000000000000000e+00
7.002300000000000191e-01
0.000000000000000000e+00
0.000000000000000000e+00
0.000000000000000000e+00
5.655599999999999516e-01
0.000000000000000000e+00
7.156299999999999883e-01
0.000000000000000000e+00
0.000000000000000000e+00
0.000000000000000000e+00
5.486799999999999455e-01
0.000000000000000000e+00
0.000000000000000000e+00
0.000000000000000000e+00
0.000000000000000000e+00
6.166300000000000114e-01
0.000000000000000000e+00
0.000000000000000000e+00
4.994899999999999896e-01
0.000000000000000000e+00
0.000000000000000000e+00
0.000000000000000000e+00
5.355799999999999450e-01
0.000000000000000000e+00
0.000000000000000000e+00
0.000000000000000000e+00
5.612200000000000522e-01
0.000000000000000000e+00
6.602099999999999635e-01
0.000000000000000000e+00
8.556099999999999817e-01
0.000000000000000000e+00
5.617999999999999661e-01
0.000000000000000000e+00
0.000000000000000000e+00
0.000000000000000000e+00
5.738299999999999512e-01
0.000000000000000000e+00
0.000000000000000000e+00
0.000000000000000000e+00
5.694099999999999717e-01
0.000000000000000000e+00
0.000000000000000000e+00
0.000000000000000000e+00
7.740000000000000213e-01
0.000000000000000000e+00
9.294599999999999529e-01
0.000000000000000000e+00
0.000000000000000000e+00
0.000000000000000000e+00
1.211200000000000054e+00
0.000000000000000000e+00
0.000000000000000000e+00
0.000000000000000000e+00
0.000000000000000000e+00
0.000000000000000000e+00
0.000000000000000000e+00
5.564900000000000402e-01
0.000000000000000000e+00
5.691599999999999993e-01
0.000000000000000000e+00
4.856599999999999806e-01
0.000000000000000000e+00
5.552200000000000468e-01
0.000000000000000000e+00
0.000000000000000000e+00
0.000000000000000000e+00
0.000000000000000000e+00
5.822800000000000198e-01
0.000000000000000000e+00
0.000000000000000000e+00
5.013699999999999823e-01
0.000000000000000000e+00
4.723499999999999921e-01
0.000000000000000000e+00
7.530999999999999917e-01
0.000000000000000000e+00
0.000000000000000000e+00
0.000000000000000000e+00
6.655600000000000405e-01
0.000000000000000000e+00
0.000000000000000000e+00
9.731999999999999540e-01
0.000000000000000000e+00
0.000000000000000000e+00
7.291699999999999848e-01
0.000000000000000000e+00
0.000000000000000000e+00
6.214399999999999924e-01
0.000000000000000000e+00
4.799900000000000277e-01
0.000000000000000000e+00
0.000000000000000000e+00
6.518800000000000150e-01
0.000000000000000000e+00
0.000000000000000000e+00
0.000000000000000000e+00
9.198399999999999910e-01
0.000000000000000000e+00
6.168099999999999694e-01
0.000000000000000000e+00
0.000000000000000000e+00
5.375499999999999723e-01
0.000000000000000000e+00
0.000000000000000000e+00
8.581900000000000084e-01
0.000000000000000000e+00
0.000000000000000000e+00
5.546200000000000019e-01
0.000000000000000000e+00
7.465699999999999559e-01
0.000000000000000000e+00
0.000000000000000000e+00
0.000000000000000000e+00
0.000000000000000000e+00
5.504000000000000004e-01
0.000000000000000000e+00
0.000000000000000000e+00
0.000000000000000000e+00
0.000000000000000000e+00
0.000000000000000000e+00
9.405200000000000227e-01
0.000000000000000000e+00
0.000000000000000000e+00
0.000000000000000000e+00
6.051800000000000512e-01
0.000000000000000000e+00
0.000000000000000000e+00
0.000000000000000000e+00
0.000000000000000000e+00
0.000000000000000000e+00
7.202399999999999913e-01
0.000000000000000000e+00
0.000000000000000000e+00
5.348699999999999566e-01
0.000000000000000000e+00
5.113600000000000367e-01
0.000000000000000000e+00
0.000000000000000000e+00
0.000000000000000000e+00
0.000000000000000000e+00
5.399000000000000465e-01
0.000000000000000000e+00
0.000000000000000000e+00
6.206599999999999895e-01
0.000000000000000000e+00
5.048300000000000010e-01
0.000000000000000000e+00
5.212200000000000166e-01
0.000000000000000000e+00
0.000000000000000000e+00
5.572099999999999831e-01
0.000000000000000000e+00
0.000000000000000000e+00
6.071900000000000075e-01
0.000000000000000000e+00
0.000000000000000000e+00
0.000000000000000000e+00
5.574900000000000411e-01
0.000000000000000000e+00
7.026299999999999768e-01
0.000000000000000000e+00
0.000000000000000000e+00
4.972900000000000098e-01
0.000000000000000000e+00
0.000000000000000000e+00
0.000000000000000000e+00
4.874100000000000099e-01
0.000000000000000000e+00
0.000000000000000000e+00
0.000000000000000000e+00
0.000000000000000000e+00
5.297399999999999887e-01
0.000000000000000000e+00
1.351490000000000080e+00
0.000000000000000000e+00
0.000000000000000000e+00
0.000000000000000000e+00
5.065300000000000358e-01
0.000000000000000000e+00
0.000000000000000000e+00
5.948499999999999899e-01
0.000000000000000000e+00
0.000000000000000000e+00
0.000000000000000000e+00
5.977700000000000236e-01
0.000000000000000000e+00
0.000000000000000000e+00
0.000000000000000000e+00
4.618599999999999928e-01
0.000000000000000000e+00
7.427799999999999958e-01
0.000000000000000000e+00
0.000000000000000000e+00
4.527999999999999803e-01
0.000000000000000000e+00
0.000000000000000000e+00
0.000000000000000000e+00
4.884100000000000108e-01
0.000000000000000000e+00
0.000000000000000000e+00
0.000000000000000000e+00
0.000000000000000000e+00
5.383299999999999752e-01
0.000000000000000000e+00
6.885900000000000354e-01
0.000000000000000000e+00
5.433599999999999541e-01
0.000000000000000000e+00
6.366399999999999837e-01
0.000000000000000000e+00
0.000000000000000000e+00
6.067799999999999860e-01
0.000000000000000000e+00
0.000000000000000000e+00
0.000000000000000000e+00
5.552300000000000013e-01
0.000000000000000000e+00
0.000000000000000000e+00
5.811399999999999899e-01
0.000000000000000000e+00
0.000000000000000000e+00
0.000000000000000000e+00
0.000000000000000000e+00
0.000000000000000000e+00
0.000000000000000000e+00
0.000000000000000000e+00
0.000000000000000000e+00
0.000000000000000000e+00
0.000000000000000000e+00
0.000000000000000000e+00
0.000000000000000000e+00
0.000000000000000000e+00
0.000000000000000000e+00
0.000000000000000000e+00
0.000000000000000000e+00
0.000000000000000000e+00
0.000000000000000000e+00
0.000000000000000000e+00
0.000000000000000000e+00
0.000000000000000000e+00
5.459500000000000464e-01
0.000000000000000000e+00
0.000000000000000000e+00
0.000000000000000000e+00
0.000000000000000000e+00
5.734700000000000353e-01
0.000000000000000000e+00
5.482799999999999896e-01
0.000000000000000000e+00
0.000000000000000000e+00
0.000000000000000000e+00
0.000000000000000000e+00
5.128000000000000336e-01
0.000000000000000000e+00
5.773300000000000098e-01
0.000000000000000000e+00
0.000000000000000000e+00
0.000000000000000000e+00
4.883600000000000163e-01
0.000000000000000000e+00
0.000000000000000000e+00
0.000000000000000000e+00
5.244199999999999973e-01
0.000000000000000000e+00
0.000000000000000000e+00
0.000000000000000000e+00
0.000000000000000000e+00
0.000000000000000000e+00
5.411700000000000399e-01
0.000000000000000000e+00
0.000000000000000000e+00
4.885300000000000198e-01
0.000000000000000000e+00
0.000000000000000000e+00
0.000000000000000000e+00
0.000000000000000000e+00
6.322100000000000497e-01
0.000000000000000000e+00
0.000000000000000000e+00
0.000000000000000000e+00
4.903699999999999726e-01
0.000000000000000000e+00
0.000000000000000000e+00
4.997900000000000120e-01
0.000000000000000000e+00
5.608800000000000452e-01
0.000000000000000000e+00
0.000000000000000000e+00
0.000000000000000000e+00
0.000000000000000000e+00
1.270170000000000021e+00
0.000000000000000000e+00
0.000000000000000000e+00
0.000000000000000000e+00
0.000000000000000000e+00
0.000000000000000000e+00
0.000000000000000000e+00
8.670600000000000529e-01
0.000000000000000000e+00
0.000000000000000000e+00
0.000000000000000000e+00
5.086100000000000065e-01
0.000000000000000000e+00
0.000000000000000000e+00
4.974299999999999833e-01
0.000000000000000000e+00
0.000000000000000000e+00
6.753700000000000259e-01
0.000000000000000000e+00
0.000000000000000000e+00
0.000000000000000000e+00
0.000000000000000000e+00
0.000000000000000000e+00
4.892699999999999827e-01
0.000000000000000000e+00
0.000000000000000000e+00
5.100799999999999779e-01
0.000000000000000000e+00
0.000000000000000000e+00
4.659800000000000053e-01
0.000000000000000000e+00
0.000000000000000000e+00
0.000000000000000000e+00
7.925999999999999712e-01
0.000000000000000000e+00
6.045700000000000518e-01
0.000000000000000000e+00
5.715799999999999770e-01
0.000000000000000000e+00
5.502200000000000424e-01
0.000000000000000000e+00
0.000000000000000000e+00
0.000000000000000000e+00
0.000000000000000000e+00
7.634900000000000020e-01
0.000000000000000000e+00
7.662099999999999467e-01
0.000000000000000000e+00
0.000000000000000000e+00
0.000000000000000000e+00
5.422700000000000298e-01
0.000000000000000000e+00
0.000000000000000000e+00
5.155499999999999527e-01
0.000000000000000000e+00
0.000000000000000000e+00
7.584300000000000486e-01
0.000000000000000000e+00
0.000000000000000000e+00
0.000000000000000000e+00
5.568899999999999961e-01
0.000000000000000000e+00
0.000000000000000000e+00
0.000000000000000000e+00
0.000000000000000000e+00
0.000000000000000000e+00
9.009700000000000486e-01
0.000000000000000000e+00
0.000000000000000000e+00
0.000000000000000000e+00
5.422400000000000553e-01
0.000000000000000000e+00
6.086899999999999533e-01
0.000000000000000000e+00
0.000000000000000000e+00
6.754700000000000149e-01
0.000000000000000000e+00
0.000000000000000000e+00
0.000000000000000000e+00
0.000000000000000000e+00
0.000000000000000000e+00
5.460300000000000153e-01
0.000000000000000000e+00
0.000000000000000000e+00
5.638100000000000334e-01
0.000000000000000000e+00
0.000000000000000000e+00
0.000000000000000000e+00
5.061200000000000143e-01
0.000000000000000000e+00
0.000000000000000000e+00
0.000000000000000000e+00
0.000000000000000000e+00
9.912499999999999645e-01
0.000000000000000000e+00
6.285399999999999876e-01
0.000000000000000000e+00
0.000000000000000000e+00
6.502700000000000147e-01
0.000000000000000000e+00
0.000000000000000000e+00
0.000000000000000000e+00
0.000000000000000000e+00
5.876099999999999657e-01
0.000000000000000000e+00
0.000000000000000000e+00
0.000000000000000000e+00
0.000000000000000000e+00
0.000000000000000000e+00
0.000000000000000000e+00
0.000000000000000000e+00
5.336600000000000232e-01
0.000000000000000000e+00
1.114379999999999926e+00
0.000000000000000000e+00
4.958400000000000030e-01
0.000000000000000000e+00
4.583900000000000197e-01
0.000000000000000000e+00
6.275899999999999812e-01
0.000000000000000000e+00
0.000000000000000000e+00
4.577800000000000202e-01
0.000000000000000000e+00
0.000000000000000000e+00
0.000000000000000000e+00
0.000000000000000000e+00
0.000000000000000000e+00
5.148000000000000353e-01
0.000000000000000000e+00
4.798899999999999832e-01
0.000000000000000000e+00
4.333299999999999930e-01
0.000000000000000000e+00
0.000000000000000000e+00
0.000000000000000000e+00
4.673700000000000077e-01
0.000000000000000000e+00
3.946500000000000008e-01
0.000000000000000000e+00
0.000000000000000000e+00
0.000000000000000000e+00
4.551600000000000090e-01
0.000000000000000000e+00
7.799300000000000122e-01
0.000000000000000000e+00
0.000000000000000000e+00
0.000000000000000000e+00
0.000000000000000000e+00
4.855800000000000116e-01
0.000000000000000000e+00
0.000000000000000000e+00
0.000000000000000000e+00
0.000000000000000000e+00
0.000000000000000000e+00
0.000000000000000000e+00
6.751599999999999824e-01
0.000000000000000000e+00
0.000000000000000000e+00
0.000000000000000000e+00
5.704900000000000526e-01
0.000000000000000000e+00
0.000000000000000000e+00
5.069500000000000117e-01
0.000000000000000000e+00
0.000000000000000000e+00
0.000000000000000000e+00
4.694200000000000039e-01
0.000000000000000000e+00
0.000000000000000000e+00
4.806300000000000017e-01
0.000000000000000000e+00
0.000000000000000000e+00
0.000000000000000000e+00
0.000000000000000000e+00
0.000000000000000000e+00
5.323299999999999699e-01
0.000000000000000000e+00
5.109500000000000153e-01
0.000000000000000000e+00
0.000000000000000000e+00
4.297500000000000209e-01
0.000000000000000000e+00
0.000000000000000000e+00
0.000000000000000000e+00
0.000000000000000000e+00
5.985300000000000065e-01
0.000000000000000000e+00
0.000000000000000000e+00
0.000000000000000000e+00
0.000000000000000000e+00
1.067269999999999941e+00
0.000000000000000000e+00
0.000000000000000000e+00
5.482599999999999696e-01
0.000000000000000000e+00
7.308200000000000252e-01
0.000000000000000000e+00
4.823299999999999810e-01
0.000000000000000000e+00
5.168399999999999661e-01
0.000000000000000000e+00
7.524499999999999522e-01
0.000000000000000000e+00
0.000000000000000000e+00
4.936900000000000177e-01
0.000000000000000000e+00
0.000000000000000000e+00
3.765700000000000158e-01
0.000000000000000000e+00
0.000000000000000000e+00
4.043900000000000272e-01
0.000000000000000000e+00
0.000000000000000000e+00
4.351900000000000213e-01
0.000000000000000000e+00
0.000000000000000000e+00
0.000000000000000000e+00
4.653100000000000014e-01
0.000000000000000000e+00
7.993700000000000250e-01
0.000000000000000000e+00
0.000000000000000000e+00
1.517200000000000104e+00
0.000000000000000000e+00
0.000000000000000000e+00
6.343600000000000350e-01
0.000000000000000000e+00
0.000000000000000000e+00
0.000000000000000000e+00
0.000000000000000000e+00
8.128999999999999559e-01
0.000000000000000000e+00
0.000000000000000000e+00
0.000000000000000000e+00
0.000000000000000000e+00
0.000000000000000000e+00
0.000000000000000000e+00
0.000000000000000000e+00
0.000000000000000000e+00
0.000000000000000000e+00
0.000000000000000000e+00
0.000000000000000000e+00
0.000000000000000000e+00
0.000000000000000000e+00
0.000000000000000000e+00
0.000000000000000000e+00
0.000000000000000000e+00
0.000000000000000000e+00
0.000000000000000000e+00
0.000000000000000000e+00
0.000000000000000000e+00
0.000000000000000000e+00
0.000000000000000000e+00
0.000000000000000000e+00
6.727999999999999536e-01
0.000000000000000000e+00
0.000000000000000000e+00
5.211000000000000076e-01
0.000000000000000000e+00
0.000000000000000000e+00
5.373599999999999488e-01
0.000000000000000000e+00
0.000000000000000000e+00
0.000000000000000000e+00
7.183699999999999530e-01
0.000000000000000000e+00
0.000000000000000000e+00
0.000000000000000000e+00
0.000000000000000000e+00
5.381799999999999917e-01
0.000000000000000000e+00
0.000000000000000000e+00
5.014699999999999713e-01
0.000000000000000000e+00
0.000000000000000000e+00
0.000000000000000000e+00
5.042499999999999760e-01
0.000000000000000000e+00
0.000000000000000000e+00
0.000000000000000000e+00
5.448600000000000110e-01
0.000000000000000000e+00
0.000000000000000000e+00
5.800300000000000455e-01
0.000000000000000000e+00
5.910499999999999643e-01
0.000000000000000000e+00
1.254979999999999984e+00
0.000000000000000000e+00
0.000000000000000000e+00
0.000000000000000000e+00
9.833600000000000119e-01
0.000000000000000000e+00
5.203200000000000047e-01
0.000000000000000000e+00
0.000000000000000000e+00
0.000000000000000000e+00
0.000000000000000000e+00
5.121999999999999886e-01
0.000000000000000000e+00
0.000000000000000000e+00
0.000000000000000000e+00
0.000000000000000000e+00
5.533900000000000485e-01
0.000000000000000000e+00
0.000000000000000000e+00
4.370399999999999840e-01
0.000000000000000000e+00
4.143700000000000161e-01
0.000000000000000000e+00
5.079599999999999671e-01
0.000000000000000000e+00
0.000000000000000000e+00
0.000000000000000000e+00
0.000000000000000000e+00
4.656799999999999828e-01
0.000000000000000000e+00
0.000000000000000000e+00
1.041449999999999987e+00
0.000000000000000000e+00
0.000000000000000000e+00
5.072600000000000442e-01
0.000000000000000000e+00
0.000000000000000000e+00
8.512899999999999912e-01
0.000000000000000000e+00
0.000000000000000000e+00
5.002299999999999525e-01
0.000000000000000000e+00
0.000000000000000000e+00
4.518800000000000039e-01
0.000000000000000000e+00
0.000000000000000000e+00
0.000000000000000000e+00
0.000000000000000000e+00
0.000000000000000000e+00
0.000000000000000000e+00
8.048199999999999799e-01
0.000000000000000000e+00
0.000000000000000000e+00
0.000000000000000000e+00
0.000000000000000000e+00
7.867399999999999949e-01
0.000000000000000000e+00
0.000000000000000000e+00
0.000000000000000000e+00
8.013099999999999667e-01
0.000000000000000000e+00
0.000000000000000000e+00
1.935060000000000002e+00
0.000000000000000000e+00
8.484199999999999520e-01
0.000000000000000000e+00
0.000000000000000000e+00
5.394799999999999596e-01
0.000000000000000000e+00
0.000000000000000000e+00
7.675199999999999800e-01
0.000000000000000000e+00
0.000000000000000000e+00
0.000000000000000000e+00
0.000000000000000000e+00
0.000000000000000000e+00
5.253200000000000092e-01
0.000000000000000000e+00
6.414699999999999847e-01
0.000000000000000000e+00
6.022999999999999465e-01
0.000000000000000000e+00
9.383899999999999464e-01
0.000000000000000000e+00
0.000000000000000000e+00
5.983300000000000285e-01
0.000000000000000000e+00
0.000000000000000000e+00
8.619599999999999485e-01
0.000000000000000000e+00
0.000000000000000000e+00
7.954099999999999504e-01
0.000000000000000000e+00
0.000000000000000000e+00
0.000000000000000000e+00
0.000000000000000000e+00
5.868200000000000083e-01
0.000000000000000000e+00
0.000000000000000000e+00
0.000000000000000000e+00
5.613799999999999901e-01
0.000000000000000000e+00
8.269900000000000029e-01
0.000000000000000000e+00
0.000000000000000000e+00
0.000000000000000000e+00
4.909600000000000075e-01
0.000000000000000000e+00
5.213600000000000456e-01
0.000000000000000000e+00
0.000000000000000000e+00
0.000000000000000000e+00
5.615999999999999881e-01
0.000000000000000000e+00
7.455699999999999550e-01
0.000000000000000000e+00
0.000000000000000000e+00
0.000000000000000000e+00
0.000000000000000000e+00
0.000000000000000000e+00
5.786799999999999722e-01
0.000000000000000000e+00
5.426299999999999457e-01
0.000000000000000000e+00
0.000000000000000000e+00
0.000000000000000000e+00
7.073800000000000088e-01
0.000000000000000000e+00
5.348600000000000021e-01
0.000000000000000000e+00
0.000000000000000000e+00
0.000000000000000000e+00
0.000000000000000000e+00
0.000000000000000000e+00
0.000000000000000000e+00
5.328199999999999603e-01
0.000000000000000000e+00
0.000000000000000000e+00
0.000000000000000000e+00
7.344800000000000217e-01
0.000000000000000000e+00
0.000000000000000000e+00
0.000000000000000000e+00
5.513700000000000268e-01
0.000000000000000000e+00
0.000000000000000000e+00
5.941199999999999815e-01
0.000000000000000000e+00
0.000000000000000000e+00
6.011499999999999622e-01
0.000000000000000000e+00
9.180099999999999927e-01
0.000000000000000000e+00
0.000000000000000000e+00
4.723600000000000021e-01
0.000000000000000000e+00
0.000000000000000000e+00
0.000000000000000000e+00
0.000000000000000000e+00
6.922800000000000065e-01
0.000000000000000000e+00
7.512799999999999478e-01
0.000000000000000000e+00
0.000000000000000000e+00
0.000000000000000000e+00
0.000000000000000000e+00
5.872500000000000497e-01
0.000000000000000000e+00
0.000000000000000000e+00
0.000000000000000000e+00
5.592899999999999539e-01
0.000000000000000000e+00
5.783700000000000507e-01
0.000000000000000000e+00
0.000000000000000000e+00
0.000000000000000000e+00
0.000000000000000000e+00
5.951899999999999968e-01
0.000000000000000000e+00
0.000000000000000000e+00
0.000000000000000000e+00
0.000000000000000000e+00
0.000000000000000000e+00
5.499600000000000044e-01
0.000000000000000000e+00
0.000000000000000000e+00
0.000000000000000000e+00
0.000000000000000000e+00
7.172100000000000142e-01
0.000000000000000000e+00
0.000000000000000000e+00
5.730800000000000338e-01
0.000000000000000000e+00
5.194299999999999473e-01
0.000000000000000000e+00
0.000000000000000000e+00
1.137780000000000014e+00
0.000000000000000000e+00
0.000000000000000000e+00
5.446299999999999475e-01
0.000000000000000000e+00
0.000000000000000000e+00
0.000000000000000000e+00
0.000000000000000000e+00
1.181470000000000020e+00
0.000000000000000000e+00
6.871599999999999930e-01
0.000000000000000000e+00
0.000000000000000000e+00
7.063199999999999479e-01
0.000000000000000000e+00
0.000000000000000000e+00
6.596300000000000496e-01
0.000000000000000000e+00
0.000000000000000000e+00
0.000000000000000000e+00
5.242400000000000393e-01
0.000000000000000000e+00
5.417499999999999538e-01
0.000000000000000000e+00
0.000000000000000000e+00
6.777300000000000546e-01
0.000000000000000000e+00
7.466500000000000359e-01
0.000000000000000000e+00
5.127000000000000446e-01
0.000000000000000000e+00
9.047800000000000287e-01
0.000000000000000000e+00
0.000000000000000000e+00
0.000000000000000000e+00
0.000000000000000000e+00
6.584799999999999542e-01
0.000000000000000000e+00
0.000000000000000000e+00
6.895499999999999963e-01
0.000000000000000000e+00
0.000000000000000000e+00
0.000000000000000000e+00
0.000000000000000000e+00
0.000000000000000000e+00
0.000000000000000000e+00
0.000000000000000000e+00
0.000000000000000000e+00
0.000000000000000000e+00
0.000000000000000000e+00
0.000000000000000000e+00
0.000000000000000000e+00
0.000000000000000000e+00
