0.000000000000000000e+00
0.000000000000000000e+00
0.000000000000000000e+00
0.000000000000000000e+00
0.000000000000000000e+00
0.000000000000000000e+00
0.000000000000000000e+00
0.000000000000000000e+00
0.000000000000000000e+00
0.000000000000000000e+00
5.814099999999999824e-01
0.000000000000000000e+00
5.062200000000000033e-01
0.000000000000000000e+00
0.000000000000000000e+00
5.500300000000000189e-01
0.000000000000000000e+00
0.000000000000000000e+00
4.976800000000000113e-01
0.000000000000000000e+00
8.414599999999999858e-01
0.000000000000000000e+00
0.000000000000000000e+00
0.000000000000000000e+00
6.468899999999999650e-01
0.000000000000000000e+00
0.000000000000000000e+00
0.000000000000000000e+00
6.646100000000000341e-01
0.000000000000000000e+00
0.000000000000000000e+00
6.053500000000000547e-01
0.000000000000000000e+00
0.000000000000000000e+00
0.000000000000000000e+00
9.030500000000000194e-01
0.000000000000000000e+00
8.012099999999999778e-01
0.000000000000000000e+00
0.000000000000000000e+00
1.052480000000000082e+00
0.000000000000000000e+00
5.844599999999999795e-01
0.000000000000000000e+00
6.708699999999999664e-01
0.000000000000000000e+00
0.000000000000000000e+00
0.000000000000000000e+00
0.000000000000000000e+00
5.179200000000000470e-01
0.000000000000000000e+00
0.000000000000000000e+00
0.000000000000000000e+00
5.543900000000000494e-01
0.000000000000000000e+00
6.446800000000000308e-01
0.000000000000000000e+00
0.000000000000000000e+00
5.020000000000000018e-01
0.000000000000000000e+00
0.000000000000000000e+00
0.000000000000000000e+00
5.971100000000000296e-01
0.000000000000000000e+00
0.000000000000000000e+00
0.000000000000000000e+00
4.896199999999999997e-01
0.000000000000000000e+00
0.000000000000000000e+00
0.000000000000000000e+00
0.000000000000000000e+00
0.000000000000000000e+00
0.000000000000000000e+00
5.061700000000000088e-01
0.000000000000000000e+00
0.000000000000000000e+00
0.000000000000000000e+00
5.220500000000000140e-01
0.000000000000000000e+00
0.000000000000000000e+00
0.000000000000000000e+00
4.844999999999999862e-01
0.000000000000000000e+00
0.000000000000000000e+00
5.413700000000000179e-01
0.000000000000000000e+00
5.564900000000000402e-01
0.000000000000000000e+00
0.000000000000000000e+00
0.000000000000000000e+00
5.932899999999999840e-01
0.000000000000000000e+00
0.000000000000000000e+00
0.000000000000000000e+00
0.000000000000000000e+00
5.132600000000000495e-01
0.000000000000000000e+00
0.000000000000000000e+00
0.000000000000000000e+00
0.000000000000000000e+00
0.000000000000000000e+00
5.120200000000000307e-01
0.000000000000000000e+00
0.000000000000000000e+00
0.000000000000000000e+00
0.000000000000000000e+00
5.609100000000000197e-01
0.000000000000000000e+00
0.000000000000000000e+00
0.000000000000000000e+00
0.000000000000000000e+00
6.046000000000000263e-01
0.000000000000000000e+00
5.796200000000000241e-01
0.000000000000000000e+00
7.911500000000000199e-01
0.000000000000000000e+00
0.000000000000000000e+00
0.000000000000000000e+00
4.441399999999999793e-01
0.000000000000000000e+00
0.000000000000000000e+00
4.740500000000000269e-01
0.000000000000000000e+00
0.000000000000000000e+00
0.000000000000000000e+00
5.859900000000000109e-01
0.000000000000000000e+00
0.000000000000000000e+00
7.397700000000000387e-01
0.000000000000000000e+00
0.000000000000000000e+00
0.000000000000000000e+00
5.217300000000000271e-01
0.000000000000000000e+00
0.000000000000000000e+00
4.803399999999999892e-01
0.000000000000000000e+00
0.000000000000000000e+00
0.000000000000000000e+00
5.569399999999999906e-01
0.000000000000000000e+00
0.000000000000000000e+00
0.000000000000000000e+00
0.000000000000000000e+00
7.476199999999999513e-01
0.000000000000000000e+00
0.000000000000000000e+00
0.000000000000000000e+00
5.765900000000000469e-01
0.000000000000000000e+00
0.000000000000000000e+00
0.000000000000000000e+00
9.006600000000000161e-01
0.000000000000000000e+00
0.000000000000000000e+00
0.000000000000000000e+00
0.000000000000000000e+00
5.531599999999999850e-01
0.000000000000000000e+00
0.000000000000000000e+00
8.293899999999999606e-01
0.000000000000000000e+00
0.000000000000000000e+00
0.000000000000000000e+00
0.000000000000000000e+00
4.659200000000000008e-01
0.000000000000000000e+00
0.000000000000000000e+00
0.000000000000000000e+00
7.143800000000000150e-01
0.000000000000000000e+00
1.765700000000000047e+00
0.000000000000000000e+00
0.000000000000000000e+00
0.000000000000000000e+00
6.533700000000000063e-01
0.000000000000000000e+00
0.000000000000000000e+00
5.125399999999999956e-01
0.000000000000000000e+00
0.000000000000000000e+00
4.564500000000000224e-01
0.000000000000000000e+00
0.000000000000000000e+00
5.668900000000000050e-01
0.000000000000000000e+00
0.000000000000000000e+00
0.000000000000000000e+00
6.082499999999999574e-01
0.000000000000000000e+00
0.000000000000000000e+00
0.000000000000000000e+00
7.613600000000000367e-01
0.000000000000000000e+00
0.000000000000000000e+00
0.000000000000000000e+00
0.000000000000000000e+00
4.784100000000000019e-01
0.000000000000000000e+00
6.390099999999999669e-01
0.000000000000000000e+00
0.000000000000000000e+00
5.644799999999999818e-01
0.000000000000000000e+00
6.809800000000000297e-01
0.000000000000000000e+00
0.000000000000000000e+00
0.000000000000000000e+00
0.000000000000000000e+00
0.000000000000000000e+00
0.000000000000000000e+00
5.296499999999999542e-01
0.000000000000000000e+00
0.000000000000000000e+00
0.000000000000000000e+00
0.000000000000000000e+00
7.358299999999999841e-01
0.000000000000000000e+00
0.000000000000000000e+00
0.000000000000000000e+00
0.000000000000000000e+00
6.417199999999999571e-01
0.000000000000000000e+00
0.000000000000000000e+00
0.000000000000000000e+00
9.502800000000000136e-01
0.000000000000000000e+00
0.000000000000000000e+00
9.402599999999999847e-01
0.000000000000000000e+00
5.225199999999999845e-01
0.000000000000000000e+00
0.000000000000000000e+00
0.000000000000000000e+00
0.000000000000000000e+00
0.000000000000000000e+00
0.000000000000000000e+00
0.000000000000000000e+00
6.537399999999999878e-01
0.000000000000000000e+00
0.000000000000000000e+00
5.057599999999999874e-01
0.000000000000000000e+00
0.000000000000000000e+00
4.724499999999999811e-01
0.000000000000000000e+00
0.000000000000000000e+00
5.523799999999999821e-01
0.000000000000000000e+00
7.026799999999999713e-01
0.000000000000000000e+00
0.000000000000000000e+00
0.000000000000000000e+00
8.739299999999999846e-01
0.000000000000000000e+00
0.000000000000000000e+00
0.000000000000000000e+00
0.000000000000000000e+00
6.169099999999999584e-01
0.000000000000000000e+00
0.000000000000000000e+00
0.000000000000000000e+00
6.482599999999999474e-01
0.000000000000000000e+00
0.000000000000000000e+00
6.311400000000000343e-01
0.000000000000000000e+00
0.000000000000000000e+00
5.007599999999999829e-01
0.000000000000000000e+00
0.000000000000000000e+00
6.989999999999999547e-01
0.000000000000000000e+00
0.000000000000000000e+00
0.000000000000000000e+00
0.000000000000000000e+00
5.524000000000000021e-01
0.000000000000000000e+00
0.000000000000000000e+00
6.841399999999999704e-01
0.000000000000000000e+00
0.000000000000000000e+00
0.000000000000000000e+00
8.373899999999999677e-01
0.000000000000000000e+00
0.000000000000000000e+00
6.027400000000000535e-01
0.000000000000000000e+00
0.000000000000000000e+00
0.000000000000000000e+00
0.000000000000000000e+00
8.187200000000000033e-01
0.000000000000000000e+00
0.000000000000000000e+00
0.000000000000000000e+00
0.000000000000000000e+00
0.000000000000000000e+00
5.722599999999999909e-01
0.000000000000000000e+00
6.866200000000000081e-01
0.000000000000000000e+00
0.000000000000000000e+00
0.000000000000000000e+00
0.000000000000000000e+00
0.000000000000000000e+00
0.000000000000000000e+00
0.000000000000000000e+00
0.000000000000000000e+00
0.000000000000000000e+00
0.000000000000000000e+00
0.000000000000000000e+00
0.000000000000000000e+00
0.000000000000000000e+00
0.000000000000000000e+00
0.000000000000000000e+00
0.000000000000000000e+00
0.000000000000000000e+00
0.000000000000000000e+00
0.000000000000000000e+00
0.000000000000000000e+00
0.000000000000000000e+00
0.000000000000000000e+00
0.000000000000000000e+00
0.000000000000000000e+00
0.000000000000000000e+00
0.000000000000000000e+00
1.033940000000000081e+00
0.000000000000000000e+00
0.000000000000000000e+00
6.354199999999999848e-01
0.000000000000000000e+00
6.952700000000000546e-01
0.000000000000000000e+00
0.000000000000000000e+00
0.000000000000000000e+00
0.000000000000000000e+00
7.332699999999999774e-01
0.000000000000000000e+00
7.034299999999999997e-01
0.000000000000000000e+00
0.000000000000000000e+00
7.065700000000000314e-01
0.000000000000000000e+00
0.000000000000000000e+00
0.000000000000000000e+00
5.760399999999999965e-01
0.000000000000000000e+00
0.000000000000000000e+00
6.289700000000000291e-01
0.000000000000000000e+00
0.000000000000000000e+00
0.000000000000000000e+00
8.078699999999999770e-01
0.000000000000000000e+00
9.035999999999999588e-01
0.000000000000000000e+00
0.000000000000000000e+00
0.000000000000000000e+00
1.818330000000000002e+00
0.000000000000000000e+00
6.515400000000000080e-01
0.000000000000000000e+00
5.509600000000000053e-01
0.000000000000000000e+00
0.000000000000000000e+00
0.000000000000000000e+00
0.000000000000000000e+00
6.944399999999999462e-01
0.000000000000000000e+00
0.000000000000000000e+00
0.000000000000000000e+00
0.000000000000000000e+00
6.037200000000000344e-01
0.000000000000000000e+00
8.751999999999999780e-01
0.000000000000000000e+00
7.649700000000000388e-01
0.000000000000000000e+00
5.311200000000000365e-01
0.000000000000000000e+00
0.000000000000000000e+00
0.000000000000000000e+00
6.896799999999999597e-01
0.000000000000000000e+00
8.110899999999999777e-01
0.000000000000000000e+00
0.000000000000000000e+00
0.000000000000000000e+00
5.878499999999999837e-01
0.000000000000000000e+00
0.000000000000000000e+00
1.013830000000000009e+00
0.000000000000000000e+00
6.704099999999999504e-01
0.000000000000000000e+00
0.000000000000000000e+00
7.857800000000000340e-01
0.000000000000000000e+00
0.000000000000000000e+00
4.606799999999999784e-01
0.000000000000000000e+00
0.000000000000000000e+00
7.385300000000000198e-01
0.000000000000000000e+00
0.000000000000000000e+00
0.000000000000000000e+00
0.000000000000000000e+00
0.000000000000000000e+00
0.000000000000000000e+00
6.853399999999999492e-01
0.000000000000000000e+00
0.000000000000000000e+00
7.368299999999999850e-01
0.000000000000000000e+00
9.570600000000000218e-01
0.000000000000000000e+00
6.654799999999999605e-01
0.000000000000000000e+00
5.448899999999999855e-01
0.000000000000000000e+00
0.000000000000000000e+00
0.000000000000000000e+00
0.000000000000000000e+00
6.221499999999999808e-01
0.000000000000000000e+00
0.000000000000000000e+00
7.095000000000000195e-01
0.000000000000000000e+00
0.000000000000000000e+00
4.830599999999999894e-01
0.000000000000000000e+00
0.000000000000000000e+00
0.000000000000000000e+00
0.000000000000000000e+00
0.000000000000000000e+00
1.918409999999999949e+00
0.000000000000000000e+00
1.919920000000000071e+00
0.000000000000000000e+00
1.921419999999999906e+00
0.000000000000000000e+00
6.364999999999999547e-01
0.000000000000000000e+00
5.076899999999999746e-01
0.000000000000000000e+00
0.000000000000000000e+00
5.357600000000000140e-01
0.000000000000000000e+00
0.000000000000000000e+00
0.000000000000000000e+00
5.817299999999999693e-01
0.000000000000000000e+00
0.000000000000000000e+00
0.000000000000000000e+00
0.000000000000000000e+00
5.803599999999999870e-01
0.000000000000000000e+00
0.000000000000000000e+00
6.117000000000000215e-01
0.000000000000000000e+00
0.000000000000000000e+00
0.000000000000000000e+00
6.146200000000000552e-01
0.000000000000000000e+00
0.000000000000000000e+00
0.000000000000000000e+00
0.000000000000000000e+00
0.000000000000000000e+00
1.926949999999999941e+00
0.000000000000000000e+00
6.853700000000000347e-01
0.000000000000000000e+00
0.000000000000000000e+00
0.000000000000000000e+00
6.625900000000000123e-01
0.000000000000000000e+00
0.000000000000000000e+00
1.307530000000000081e+00
0.000000000000000000e+00
8.318499999999999783e-01
0.000000000000000000e+00
0.000000000000000000e+00
5.417499999999999538e-01
0.000000000000000000e+00
0.000000000000000000e+00
7.670700000000000296e-01
0.000000000000000000e+00
1.088330000000000020e+00
0.000000000000000000e+00
0.000000000000000000e+00
0.000000000000000000e+00
6.767900000000000027e-01
0.000000000000000000e+00
0.000000000000000000e+00
0.000000000000000000e+00
1.100970000000000004e+00
0.000000000000000000e+00
0.000000000000000000e+00
0.000000000000000000e+00
1.024659999999999904e+00
0.000000000000000000e+00
0.000000000000000000e+00
0.000000000000000000e+00
0.000000000000000000e+00
0.000000000000000000e+00
1.002669999999999950e+00
0.000000000000000000e+00
7.679799999999999960e-01
0.000000000000000000e+00
6.444499999999999673e-01
0.000000000000000000e+00
5.907799999999999718e-01
0.000000000000000000e+00
0.000000000000000000e+00
0.000000000000000000e+00
0.000000000000000000e+00
0.000000000000000000e+00
0.000000000000000000e+00
8.510699999999999932e-01
0.000000000000000000e+00
0.000000000000000000e+00
0.000000000000000000e+00
1.308750000000000080e+00
0.000000000000000000e+00
0.000000000000000000e+00
7.162800000000000278e-01
0.000000000000000000e+00
7.303600000000000092e-01
0.000000000000000000e+00
0.000000000000000000e+00
0.000000000000000000e+00
0.000000000000000000e+00
9.589900000000000091e-01
0.000000000000000000e+00
0.000000000000000000e+00
0.000000000000000000e+00
1.918730000000000047e+00
0.000000000000000000e+00
1.918639999999999901e+00
0.000000000000000000e+00
0.000000000000000000e+00
5.646200000000000108e-01
0.000000000000000000e+00
0.000000000000000000e+00
5.527499999999999636e-01
0.000000000000000000e+00
5.419100000000000028e-01
0.000000000000000000e+00
0.000000000000000000e+00
0.000000000000000000e+00
0.000000000000000000e+00
4.589900000000000091e-01
0.000000000000000000e+00
0.000000000000000000e+00
0.000000000000000000e+00
0.000000000000000000e+00
6.660599999999999854e-01
0.000000000000000000e+00
7.255000000000000338e-01
0.000000000000000000e+00
0.000000000000000000e+00
0.000000000000000000e+00
0.000000000000000000e+00
4.868700000000000250e-01
0.000000000000000000e+00
0.000000000000000000e+00
7.576600000000000001e-01
0.000000000000000000e+00
0.000000000000000000e+00
0.000000000000000000e+00
8.224000000000000199e-01
0.000000000000000000e+00
0.000000000000000000e+00
9.516200000000000214e-01
0.000000000000000000e+00
0.000000000000000000e+00
5.023800000000000487e-01
0.000000000000000000e+00
0.000000000000000000e+00
5.530899999999999705e-01
0.000000000000000000e+00
0.000000000000000000e+00
0.000000000000000000e+00
8.587399999999999478e-01
0.000000000000000000e+00
0.000000000000000000e+00
0.000000000000000000e+00
0.000000000000000000e+00
8.508099999999999552e-01
0.000000000000000000e+00
0.000000000000000000e+00
0.000000000000000000e+00
0.000000000000000000e+00
0.000000000000000000e+00
0.000000000000000000e+00
0.000000000000000000e+00
0.000000000000000000e+00
0.000000000000000000e+00
0.000000000000000000e+00
0.000000000000000000e+00
0.000000000000000000e+00
0.000000000000000000e+00
0.000000000000000000e+00
0.000000000000000000e+00
0.000000000000000000e+00
0.000000000000000000e+00
0.000000000000000000e+00
0.000000000000000000e+00
0.000000000000000000e+00
0.000000000000000000e+00
0.000000000000000000e+00
0.000000000000000000e+00
0.000000000000000000e+00
5.222900000000000320e-01
0.000000000000000000e+00
0.000000000000000000e+00
0.000000000000000000e+00
4.959399999999999920e-01
0.000000000000000000e+00
0.000000000000000000e+00
0.000000000000000000e+00
8.534500000000000419e-01
0.000000000000000000e+00
0.000000000000000000e+00
0.000000000000000000e+00
0.000000000000000000e+00
5.577299999999999480e-01
0.000000000000000000e+00
0.000000000000000000e+00
0.000000000000000000e+00
0.000000000000000000e+00
6.962000000000000410e-01
0.000000000000000000e+00
0.000000000000000000e+00
5.644299999999999873e-01
0.000000000000000000e+00
0.000000000000000000e+00
6.346800000000000219e-01
0.000000000000000000e+00
0.000000000000000000e+00
0.000000000000000000e+00
0.000000000000000000e+00
0.000000000000000000e+00
0.000000000000000000e+00
8.533800000000000274e-01
0.000000000000000000e+00
6.217300000000000049e-01
0.000000000000000000e+00
0.000000000000000000e+00
5.371099999999999763e-01
0.000000000000000000e+00
0.000000000000000000e+00
5.273200000000000109e-01
0.000000000000000000e+00
0.000000000000000000e+00
6.061499999999999666e-01
0.000000000000000000e+00
0.000000000000000000e+00
0.000000000000000000e+00
8.289199999999999902e-01
0.000000000000000000e+00
0.000000000000000000e+00
0.000000000000000000e+00
0.000000000000000000e+00
1.926919999999999966e+00
0.000000000000000000e+00
0.000000000000000000e+00
5.667400000000000215e-01
0.000000000000000000e+00
6.101299999999999502e-01
0.000000000000000000e+00
0.000000000000000000e+00
0.000000000000000000e+00
6.211900000000000199e-01
0.000000000000000000e+00
0.000000000000000000e+00
1.921410000000000062e+00
0.000000000000000000e+00
4.580299999999999927e-01
0.000000000000000000e+00
7.533900000000000041e-01
0.000000000000000000e+00
0.000000000000000000e+00
4.332699999999999885e-01
0.000000000000000000e+00
0.000000000000000000e+00
0.000000000000000000e+00
0.000000000000000000e+00
5.403900000000000370e-01
0.000000000000000000e+00
0.000000000000000000e+00
5.936299999999999910e-01
0.000000000000000000e+00
0.000000000000000000e+00
0.000000000000000000e+00
0.000000000000000000e+00
7.353399999999999936e-01
0.000000000000000000e+00
0.000000000000000000e+00
0.000000000000000000e+00
6.139700000000000157e-01
0.000000000000000000e+00
0.000000000000000000e+00
0.000000000000000000e+00
8.467700000000000227e-01
0.000000000000000000e+00
6.349200000000000399e-01
0.000000000000000000e+00
0.000000000000000000e+00
0.000000000000000000e+00
0.000000000000000000e+00
1.319469999999999921e+00
0.000000000000000000e+00
6.787400000000000100e-01
0.000000000000000000e+00
0.000000000000000000e+00
0.000000000000000000e+00
0.000000000000000000e+00
0.000000000000000000e+00
6.953099999999999836e-01
0.000000000000000000e+00
0.000000000000000000e+00
0.000000000000000000e+00
6.898600000000000287e-01
0.000000000000000000e+00
5.800400000000000000e-01
0.000000000000000000e+00
0.000000000000000000e+00
5.359500000000000375e-01
0.000000000000000000e+00
6.610899999999999554e-01
0.000000000000000000e+00
6.012499999999999512e-01
0.000000000000000000e+00
0.000000000000000000e+00
5.804500000000000215e-01
0.000000000000000000e+00
0.000000000000000000e+00
0.000000000000000000e+00
0.000000000000000000e+00
8.575599999999999890e-01
0.000000000000000000e+00
1.923910000000000009e+00
0.000000000000000000e+00
0.000000000000000000e+00
0.000000000000000000e+00
5.357800000000000340e-01
0.000000000000000000e+00
0.000000000000000000e+00
0.000000000000000000e+00
0.000000000000000000e+00
6.919999999999999485e-01
0.000000000000000000e+00
0.000000000000000000e+00
1.247500000000000053e+00
0.000000000000000000e+00
0.000000000000000000e+00
1.068729999999999958e+00
0.000000000000000000e+00
0.000000000000000000e+00
0.000000000000000000e+00
0.000000000000000000e+00
5.397800000000000376e-01
0.000000000000000000e+00
0.000000000000000000e+00
0.000000000000000000e+00
5.933699999999999530e-01
0.000000000000000000e+00
0.000000000000000000e+00
0.000000000000000000e+00
0.000000000000000000e+00
6.283199999999999896e-01
0.000000000000000000e+00
0.000000000000000000e+00
0.000000000000000000e+00
0.000000000000000000e+00
6.074500000000000455e-01
0.000000000000000000e+00
1.728129999999999944e+00
0.000000000000000000e+00
0.000000000000000000e+00
0.000000000000000000e+00
7.778000000000000469e-01
0.000000000000000000e+00
0.000000000000000000e+00
0.000000000000000000e+00
9.113599999999999479e-01
0.000000000000000000e+00
0.000000000000000000e+00
0.000000000000000000e+00
0.000000000000000000e+00
1.165839999999999987e+00
0.000000000000000000e+00
9.544000000000000261e-01
0.000000000000000000e+00
0.000000000000000000e+00
9.041200000000000347e-01
0.000000000000000000e+00
0.000000000000000000e+00
0.000000000000000000e+00
1.027430000000000065e+00
0.000000000000000000e+00
0.000000000000000000e+00
0.000000000000000000e+00
0.000000000000000000e+00
0.000000000000000000e+00
1.067120000000000068e+00
0.000000000000000000e+00
0.000000000000000000e+00
0.000000000000000000e+00
0.000000000000000000e+00
9.560600000000000209e-01
0.000000000000000000e+00
0.000000000000000000e+00
5.426100000000000367e-01
0.000000000000000000e+00
0.000000000000000000e+00
0.000000000000000000e+00
8.928300000000000125e-01
0.000000000000000000e+00
1.589029999999999943e+00
0.000000000000000000e+00
1.923380000000000090e+00
0.000000000000000000e+00
0.000000000000000000e+00
0.000000000000000000e+00
6.677899999999999947e-01
0.000000000000000000e+00
0.000000000000000000e+00
6.554200000000000026e-01
0.000000000000000000e+00
0.000000000000000000e+00
0.000000000000000000e+00
5.700800000000000312e-01
0.000000000000000000e+00
0.000000000000000000e+00
0.000000000000000000e+00
1.388430000000000053e+00
0.000000000000000000e+00
7.280100000000000460e-01
0.000000000000000000e+00
5.765500000000000069e-01
0.000000000000000000e+00
5.779199999999999893e-01
0.000000000000000000e+00
0.000000000000000000e+00
1.323639999999999928e+00
0.000000000000000000e+00
0.000000000000000000e+00
6.009100000000000552e-01
0.000000000000000000e+00
0.000000000000000000e+00
0.000000000000000000e+00
0.000000000000000000e+00
6.214199999999999724e-01
0.000000000000000000e+00
0.000000000000000000e+00
0.000000000000000000e+00
7.861500000000000155e-01
0.000000000000000000e+00
0.000000000000000000e+00
7.492799999999999461e-01
0.000000000000000000e+00
1.923659999999999926e+00
0.000000000000000000e+00
0.000000000000000000e+00
0.000000000000000000e+00
0.000000000000000000e+00
5.437300000000000466e-01
0.000000000000000000e+00
0.000000000000000000e+00
5.617600000000000371e-01
0.000000000000000000e+00
0.000000000000000000e+00
0.000000000000000000e+00
7.870399999999999618e-01
0.000000000000000000e+00
0.000000000000000000e+00
5.529699999999999616e-01
0.000000000000000000e+00
0.000000000000000000e+00
5.319000000000000394e-01
0.000000000000000000e+00
0.000000000000000000e+00
0.000000000000000000e+00
8.189699999999999758e-01
0.000000000000000000e+00
0.000000000000000000e+00
7.807500000000000551e-01
0.000000000000000000e+00
0.000000000000000000e+00
0.000000000000000000e+00
5.688600000000000323e-01
0.000000000000000000e+00
0.000000000000000000e+00
0.000000000000000000e+00
0.000000000000000000e+00
0.000000000000000000e+00
0.000000000000000000e+00
0.000000000000000000e+00
0.000000000000000000e+00
0.000000000000000000e+00
0.000000000000000000e+00
0.000000000000000000e+00
0.000000000000000000e+00
0.000000000000000000e+00
0.000000000000000000e+00
0.000000000000000000e+00
0.000000000000000000e+00
0.000000000000000000e+00
0.000000000000000000e+00
0.000000000000000000e+00
0.000000000000000000e+00
0.000000000000000000e+00
5.569399999999999906e-01
0.000000000000000000e+00
0.000000000000000000e+00
0.000000000000000000e+00
4.809399999999999786e-01
0.000000000000000000e+00
6.595400000000000151e-01
0.000000000000000000e+00
0.000000000000000000e+00
5.418300000000000338e-01
0.000000000000000000e+00
0.000000000000000000e+00
0.000000000000000000e+00
6.439300000000000024e-01
0.000000000000000000e+00
0.000000000000000000e+00
6.792000000000000259e-01
0.000000000000000000e+00
0.000000000000000000e+00
7.515100000000000113e-01
0.000000000000000000e+00
0.000000000000000000e+00
9.453099999999999836e-01
0.000000000000000000e+00
0.000000000000000000e+00
0.000000000000000000e+00
5.718699999999999894e-01
0.000000000000000000e+00
0.000000000000000000e+00
6.732599999999999696e-01
0.000000000000000000e+00
6.656800000000000495e-01
0.000000000000000000e+00
0.000000000000000000e+00
0.000000000000000000e+00
6.093199999999999728e-01
0.000000000000000000e+00
0.000000000000000000e+00
1.924749999999999961e+00
0.000000000000000000e+00
0.000000000000000000e+00
0.000000000000000000e+00
5.493700000000000250e-01
0.000000000000000000e+00
1.079460000000000086e+00
0.000000000000000000e+00
0.000000000000000000e+00
0.000000000000000000e+00
7.549900000000000500e-01
0.000000000000000000e+00
0.000000000000000000e+00
0.000000000000000000e+00
0.000000000000000000e+00
7.117200000000000193e-01
0.000000000000000000e+00
0.000000000000000000e+00
1.093529999999999891e+00
0.000000000000000000e+00
0.000000000000000000e+00
0.000000000000000000e+00
6.514100000000000446e-01
0.000000000000000000e+00
0.000000000000000000e+00
0.000000000000000000e+00
7.801500000000000101e-01
0.000000000000000000e+00
1.916520000000000001e+00
0.000000000000000000e+00
1.224990000000000023e+00
0.000000000000000000e+00
6.582599999999999563e-01
0.000000000000000000e+00
0.000000000000000000e+00
0.000000000000000000e+00
5.785299999999999887e-01
0.000000000000000000e+00
0.000000000000000000e+00
0.000000000000000000e+00
5.343799999999999661e-01
0.000000000000000000e+00
0.000000000000000000e+00
0.000000000000000000e+00
6.450799999999999867e-01
0.000000000000000000e+00
9.193299999999999805e-01
0.000000000000000000e+00
0.000000000000000000e+00
0.000000000000000000e+00
7.765900000000000025e-01
0.000000000000000000e+00
0.000000000000000000e+00
0.000000000000000000e+00
0.000000000000000000e+00
0.000000000000000000e+00
0.000000000000000000e+00
5.902300000000000324e-01
0.000000000000000000e+00
6.021400000000000086e-01
0.000000000000000000e+00
5.789800000000000502e-01
0.000000000000000000e+00
7.191300000000000470e-01
0.000000000000000000e+00
0.000000000000000000e+00
0.000000000000000000e+00
0.000000000000000000e+00
1.148320000000000007e+00
0.000000000000000000e+00
0.000000000000000000e+00
6.481200000000000294e-01
0.000000000000000000e+00
1.073550000000000004e+00
0.000000000000000000e+00
6.102800000000000447e-01
0.000000000000000000e+00
0.000000000000000000e+00
0.000000000000000000e+00
7.154000000000000359e-01
0.000000000000000000e+00
0.000000000000000000e+00
1.064179999999999904e+00
0.000000000000000000e+00
0.000000000000000000e+00
1.926860000000000017e+00
0.000000000000000000e+00
0.000000000000000000e+00
4.668300000000000227e-01
0.000000000000000000e+00
1.427249999999999908e+00
0.000000000000000000e+00
0.000000000000000000e+00
1.262140000000000040e+00
0.000000000000000000e+00
0.000000000000000000e+00
0.000000000000000000e+00
1.094749999999999890e+00
0.000000000000000000e+00
1.245689999999999964e+00
0.000000000000000000e+00
0.000000000000000000e+00
9.880200000000000093e-01
0.000000000000000000e+00
0.000000000000000000e+00
1.150989999999999958e+00
0.000000000000000000e+00
0.000000000000000000e+00
9.170099999999999918e-01
0.000000000000000000e+00
9.330399999999999805e-01
0.000000000000000000e+00
0.000000000000000000e+00
0.000000000000000000e+00
0.000000000000000000e+00
8.794499999999999540e-01
0.000000000000000000e+00
0.000000000000000000e+00
0.000000000000000000e+00
0.000000000000000000e+00
0.000000000000000000e+00
9.863399999999999945e-01
0.000000000000000000e+00
0.000000000000000000e+00
0.000000000000000000e+00
1.929859999999999909e+00
0.000000000000000000e+00
0.000000000000000000e+00
0.000000000000000000e+00
0.000000000000000000e+00
0.000000000000000000e+00
1.176460000000000061e+00
0.000000000000000000e+00
0.000000000000000000e+00
1.071229999999999905e+00
0.000000000000000000e+00
1.161990000000000078e+00
0.000000000000000000e+00
0.000000000000000000e+00
0.000000000000000000e+00
0.000000000000000000e+00
8.157299999999999551e-01
0.000000000000000000e+00
0.000000000000000000e+00
8.658599999999999630e-01
0.000000000000000000e+00
1.927340000000000053e+00
0.000000000000000000e+00
1.223230000000000040e+00
0.000000000000000000e+00
0.000000000000000000e+00
5.696099999999999497e-01
0.000000000000000000e+00
0.000000000000000000e+00
5.093400000000000150e-01
0.000000000000000000e+00
0.000000000000000000e+00
0.000000000000000000e+00
9.361099999999999977e-01
0.000000000000000000e+00
9.198300000000000365e-01
0.000000000000000000e+00
0.000000000000000000e+00
5.502599999999999714e-01
0.000000000000000000e+00
0.000000000000000000e+00
0.000000000000000000e+00
8.537900000000000489e-01
0.000000000000000000e+00
0.000000000000000000e+00
0.000000000000000000e+00
0.000000000000000000e+00
1.917950000000000044e+00
0.000000000000000000e+00
4.827799999999999869e-01
0.000000000000000000e+00
0.000000000000000000e+00
0.000000000000000000e+00
9.567900000000000293e-01
0.000000000000000000e+00
0.000000000000000000e+00
6.223199999999999843e-01
0.000000000000000000e+00
0.000000000000000000e+00
0.000000000000000000e+00
6.414199999999999902e-01
0.000000000000000000e+00
0.000000000000000000e+00
0.000000000000000000e+00
6.524100000000000454e-01
0.000000000000000000e+00
9.911299999999999555e-01
0.000000000000000000e+00
0.000000000000000000e+00
1.618710000000000093e+00
0.000000000000000000e+00
0.000000000000000000e+00
0.000000000000000000e+00
1.136279999999999957e+00
0.000000000000000000e+00
0.000000000000000000e+00
0.000000000000000000e+00
0.000000000000000000e+00
1.923950000000000049e+00
0.000000000000000000e+00
7.749000000000000332e-01
0.000000000000000000e+00
1.927249999999999908e+00
0.000000000000000000e+00
5.534599999999999520e-01
0.000000000000000000e+00
0.000000000000000000e+00
7.424500000000000544e-01
0.000000000000000000e+00
0.000000000000000000e+00
0.000000000000000000e+00
5.257399999999999851e-01
0.000000000000000000e+00
0.000000000000000000e+00
7.577700000000000546e-01
0.000000000000000000e+00
0.000000000000000000e+00
0.000000000000000000e+00
0.000000000000000000e+00
0.000000000000000000e+00
0.000000000000000000e+00
0.000000000000000000e+00
0.000000000000000000e+00
0.000000000000000000e+00
0.000000000000000000e+00
0.000000000000000000e+00
0.000000000000000000e+00
0.000000000000000000e+00
0.000000000000000000e+00
0.000000000000000000e+00
0.000000000000000000e+00
0.000000000000000000e+00
0.000000000000000000e+00
0.000000000000000000e+00
0.000000000000000000e+00
0.000000000000000000e+00
5.368899999999999784e-01
0.000000000000000000e+00
0.000000000000000000e+00
0.000000000000000000e+00
0.000000000000000000e+00
1.110700000000000021e+00
0.000000000000000000e+00
7.086299999999999821e-01
0.000000000000000000e+00
0.000000000000000000e+00
0.000000000000000000e+00
0.000000000000000000e+00
5.320300000000000029e-01
0.000000000000000000e+00
5.988400000000000389e-01
0.000000000000000000e+00
0.000000000000000000e+00
0.000000000000000000e+00
7.200499999999999678e-01
0.000000000000000000e+00
0.000000000000000000e+00
0.000000000000000000e+00
8.535000000000000364e-01
0.000000000000000000e+00
0.000000000000000000e+00
0.000000000000000000e+00
0.000000000000000000e+00
0.000000000000000000e+00
5.893199999999999550e-01
0.000000000000000000e+00
0.000000000000000000e+00
1.011179999999999968e+00
0.000000000000000000e+00
0.000000000000000000e+00
0.000000000000000000e+00
0.000000000000000000e+00
4.770199999999999996e-01
0.000000000000000000e+00
0.000000000000000000e+00
0.000000000000000000e+00
6.195699999999999541e-01
0.000000000000000000e+00
0.000000000000000000e+00
5.016399999999999748e-01
0.000000000000000000e+00
5.849299999999999500e-01
0.000000000000000000e+00
0.000000000000000000e+00
0.000000000000000000e+00
0.000000000000000000e+00
6.635900000000000132e-01
0.000000000000000000e+00
0.000000000000000000e+00
0.000000000000000000e+00
0.000000000000000000e+00
0.000000000000000000e+00
0.000000000000000000e+00
4.874800000000000244e-01
0.000000000000000000e+00
0.000000000000000000e+00
0.000000000000000000e+00
5.891300000000000425e-01
0.000000000000000000e+00
0.000000000000000000e+00
7.552100000000000479e-01
0.000000000000000000e+00
0.000000000000000000e+00
7.942700000000000315e-01
0.000000000000000000e+00
0.000000000000000000e+00
0.000000000000000000e+00
0.000000000000000000e+00
0.000000000000000000e+00
6.036299999999999999e-01
0.000000000000000000e+00
0.000000000000000000e+00
8.607299999999999951e-01
0.000000000000000000e+00
0.000000000000000000e+00
6.397899999999999698e-01
0.000000000000000000e+00
0.000000000000000000e+00
0.000000000000000000e+00
6.531200000000000339e-01
0.000000000000000000e+00
5.180599999999999650e-01
0.000000000000000000e+00
6.119999999999999885e-01
0.000000000000000000e+00
5.294799999999999507e-01
0.000000000000000000e+00
0.000000000000000000e+00
0.000000000000000000e+00
0.000000000000000000e+00
5.832399999999999807e-01
0.000000000000000000e+00
5.416199999999999903e-01
0.000000000000000000e+00
0.000000000000000000e+00
0.000000000000000000e+00
6.545499999999999652e-01
0.000000000000000000e+00
0.000000000000000000e+00
5.961100000000000287e-01
0.000000000000000000e+00
0.000000000000000000e+00
9.166299999999999448e-01
0.000000000000000000e+00
0.000000000000000000e+00
0.000000000000000000e+00
5.968400000000000372e-01
0.000000000000000000e+00
0.000000000000000000e+00
0.000000000000000000e+00
0.000000000000000000e+00
0.000000000000000000e+00
7.964999999999999858e-01
0.000000000000000000e+00
0.000000000000000000e+00
0.000000000000000000e+00
5.955200000000000493e-01
0.000000000000000000e+00
9.102200000000000291e-01
0.000000000000000000e+00
0.000000000000000000e+00
5.051900000000000279e-01
0.000000000000000000e+00
0.000000000000000000e+00
0.000000000000000000e+00
0.000000000000000000e+00
0.000000000000000000e+00
5.971999999999999531e-01
0.000000000000000000e+00
0.000000000000000000e+00
6.039799999999999613e-01
0.000000000000000000e+00
0.000000000000000000e+00
0.000000000000000000e+00
5.384299999999999642e-01
0.000000000000000000e+00
0.000000000000000000e+00
0.000000000000000000e+00
0.000000000000000000e+00
8.891299999999999759e-01
0.000000000000000000e+00
7.304300000000000237e-01
0.000000000000000000e+00
0.000000000000000000e+00
1.358700000000000019e+00
0.000000000000000000e+00
0.000000000000000000e+00
0.000000000000000000e+00
0.000000000000000000e+00
5.975200000000000511e-01
0.000000000000000000e+00
0.000000000000000000e+00
0.000000000000000000e+00
0.000000000000000000e+00
0.000000000000000000e+00
0.000000000000000000e+00
0.000000000000000000e+00
5.042900000000000160e-01
0.000000000000000000e+00
1.133569999999999967e+00
0.000000000000000000e+00
5.789499999999999647e-01
0.000000000000000000e+00
5.972800000000000331e-01
0.000000000000000000e+00
7.446800000000000086e-01
0.000000000000000000e+00
0.000000000000000000e+00
5.575499999999999901e-01
0.000000000000000000e+00
0.000000000000000000e+00
0.000000000000000000e+00
0.000000000000000000e+00
0.000000000000000000e+00
4.528300000000000103e-01
0.000000000000000000e+00
9.993999999999999551e-01
0.000000000000000000e+00
1.924819999999999975e+00
0.000000000000000000e+00
0.000000000000000000e+00
0.000000000000000000e+00
5.251299999999999857e-01
0.000000000000000000e+00
6.088599999999999568e-01
0.000000000000000000e+00
0.000000000000000000e+00
0.000000000000000000e+00
5.237100000000000088e-01
0.000000000000000000e+00
5.258599999999999941e-01
0.000000000000000000e+00
0.000000000000000000e+00
0.000000000000000000e+00
0.000000000000000000e+00
9.313599999999999657e-01
0.000000000000000000e+00
0.000000000000000000e+00
0.000000000000000000e+00
0.000000000000000000e+00
0.000000000000000000e+00
0.000000000000000000e+00
1.082300000000000040e+00
0.000000000000000000e+00
0.000000000000000000e+00
0.000000000000000000e+00
6.140799999999999592e-01
0.000000000000000000e+00
0.000000000000000000e+00
8.900700000000000278e-01
0.000000000000000000e+00
0.000000000000000000e+00
0.000000000000000000e+00
1.000629999999999908e+00
0.000000000000000000e+00
0.000000000000000000e+00
5.247500000000000497e-01
0.000000000000000000e+00
0.000000000000000000e+00
0.000000000000000000e+00
0.000000000000000000e+00
0.000000000000000000e+00
7.506199999999999539e-01
0.000000000000000000e+00
8.390199999999999880e-01
0.000000000000000000e+00
0.000000000000000000e+00
7.396800000000000042e-01
0.000000000000000000e+00
0.000000000000000000e+00
0.000000000000000000e+00
0.000000000000000000e+00
8.981400000000000494e-01
0.000000000000000000e+00
0.000000000000000000e+00
0.000000000000000000e+00
0.000000000000000000e+00
1.102209999999999912e+00
0.000000000000000000e+00
0.000000000000000000e+00
1.843339999999999979e+00
0.000000000000000000e+00
1.927550000000000097e+00
0.000000000000000000e+00
8.727099999999999858e-01
0.000000000000000000e+00
6.049200000000000133e-01
0.000000000000000000e+00
6.239900000000000446e-01
0.000000000000000000e+00
0.000000000000000000e+00
6.744499999999999940e-01
0.000000000000000000e+00
0.000000000000000000e+00
1.021439999999999904e+00
0.000000000000000000e+00
0.000000000000000000e+00
5.014899999999999913e-01
0.000000000000000000e+00
0.000000000000000000e+00
5.356800000000000450e-01
0.000000000000000000e+00
0.000000000000000000e+00
0.000000000000000000e+00
8.596099999999999852e-01
0.000000000000000000e+00
1.056810000000000027e+00
0.000000000000000000e+00
0.000000000000000000e+00
6.723400000000000487e-01
0.000000000000000000e+00
0.000000000000000000e+00
7.803799999999999626e-01
0.000000000000000000e+00
0.000000000000000000e+00
0.000000000000000000e+00
0.000000000000000000e+00
6.494900000000000118e-01
0.000000000000000000e+00
0.000000000000000000e+00
0.000000000000000000e+00
0.000000000000000000e+00
0.000000000000000000e+00
0.000000000000000000e+00
0.000000000000000000e+00
0.000000000000000000e+00
0.000000000000000000e+00
0.000000000000000000e+00
0.000000000000000000e+00
0.000000000000000000e+00
0.000000000000000000e+00
0.000000000000000000e+00
0.000000000000000000e+00
0.000000000000000000e+00
0.000000000000000000e+00
0.000000000000000000e+00
0.000000000000000000e+00
0.000000000000000000e+00
0.000000000000000000e+00
0.000000000000000000e+00
0.000000000000000000e+00
6.344100000000000295e-01
0.000000000000000000e+00
0.000000000000000000e+00
7.697199999999999598e-01
0.000000000000000000e+00
0.000000000000000000e+00
1.006420000000000092e+00
0.000000000000000000e+00
0.000000000000000000e+00
0.000000000000000000e+00
7.393499999999999517e-01
0.000000000000000000e+00
0.000000000000000000e+00
0.000000000000000000e+00
0.000000000000000000e+00
8.473300000000000276e-01
0.000000000000000000e+00
0.000000000000000000e+00
7.869500000000000384e-01
0.000000000000000000e+00
0.000000000000000000e+00
0.000000000000000000e+00
1.086670000000000025e+00
0.000000000000000000e+00
0.000000000000000000e+00
0.000000000000000000e+00
7.205500000000000238e-01
0.000000000000000000e+00
0.000000000000000000e+00
7.588799999999999990e-01
0.000000000000000000e+00
1.020310000000000050e+00
0.000000000000000000e+00
9.517700000000000049e-01
0.000000000000000000e+00
0.000000000000000000e+00
0.000000000000000000e+00
7.084700000000000442e-01
0.000000000000000000e+00
7.155299999999999994e-01
0.000000000000000000e+00
0.000000000000000000e+00
0.000000000000000000e+00
0.000000000000000000e+00
5.928799999999999626e-01
0.000000000000000000e+00
0.000000000000000000e+00
0.000000000000000000e+00
0.000000000000000000e+00
5.827200000000000157e-01
0.000000000000000000e+00
0.000000000000000000e+00
9.499900000000000011e-01
0.000000000000000000e+00
1.886330000000000062e+00
0.000000000000000000e+00
7.994999999999999885e-01
0.000000000000000000e+00
0.000000000000000000e+00
0.000000000000000000e+00
0.000000000000000000e+00
9.133099999999999552e-01
0.000000000000000000e+00
0.000000000000000000e+00
7.048299999999999566e-01
0.000000000000000000e+00
0.000000000000000000e+00
1.430460000000000065e+00
0.000000000000000000e+00
0.000000000000000000e+00
8.523100000000000120e-01
0.000000000000000000e+00
0.000000000000000000e+00
6.562299999999999800e-01
0.000000000000000000e+00
0.000000000000000000e+00
7.262800000000000367e-01
0.000000000000000000e+00
0.000000000000000000e+00
0.000000000000000000e+00
0.000000000000000000e+00
0.000000000000000000e+00
0.000000000000000000e+00
5.797299999999999676e-01
0.000000000000000000e+00
0.000000000000000000e+00
0.000000000000000000e+00
0.000000000000000000e+00
1.007919999999999927e+00
0.000000000000000000e+00
0.000000000000000000e+00
0.000000000000000000e+00
5.438300000000000356e-01
0.000000000000000000e+00
0.000000000000000000e+00
5.786299999999999777e-01
0.000000000000000000e+00
5.537199999999999900e-01
0.000000000000000000e+00
0.000000000000000000e+00
5.932800000000000296e-01
0.000000000000000000e+00
0.000000000000000000e+00
5.529199999999999671e-01
0.000000000000000000e+00
0.000000000000000000e+00
0.000000000000000000e+00
0.000000000000000000e+00
0.000000000000000000e+00
5.072299999999999587e-01
0.000000000000000000e+00
6.490299999999999958e-01
0.000000000000000000e+00
5.074400000000000022e-01
0.000000000000000000e+00
5.461899999999999533e-01
0.000000000000000000e+00
0.000000000000000000e+00
5.139799999999999924e-01
0.000000000000000000e+00
0.000000000000000000e+00
7.399999999999999911e-01
0.000000000000000000e+00
0.000000000000000000e+00
6.792000000000000259e-01
0.000000000000000000e+00
0.000000000000000000e+00
0.000000000000000000e+00
0.000000000000000000e+00
1.288899999999999935e+00
0.000000000000000000e+00
0.000000000000000000e+00
0.000000000000000000e+00
1.920900000000000052e+00
0.000000000000000000e+00
5.332900000000000418e-01
0.000000000000000000e+00
0.000000000000000000e+00
0.000000000000000000e+00
1.084610000000000074e+00
0.000000000000000000e+00
6.558000000000000496e-01
0.000000000000000000e+00
0.000000000000000000e+00
0.000000000000000000e+00
6.972699999999999454e-01
0.000000000000000000e+00
1.916779999999999928e+00
0.000000000000000000e+00
0.000000000000000000e+00
0.000000000000000000e+00
0.000000000000000000e+00
0.000000000000000000e+00
4.715099999999999847e-01
0.000000000000000000e+00
4.988900000000000001e-01
0.000000000000000000e+00
0.000000000000000000e+00
0.000000000000000000e+00
4.604900000000000104e-01
0.000000000000000000e+00
5.317199999999999704e-01
0.000000000000000000e+00
0.000000000000000000e+00
0.000000000000000000e+00
0.000000000000000000e+00
0.000000000000000000e+00
0.000000000000000000e+00
9.997099999999999875e-01
0.000000000000000000e+00
0.000000000000000000e+00
0.000000000000000000e+00
8.197600000000000442e-01
0.000000000000000000e+00
0.000000000000000000e+00
0.000000000000000000e+00
1.007530000000000037e+00
0.000000000000000000e+00
0.000000000000000000e+00
5.473500000000000032e-01
0.000000000000000000e+00
0.000000000000000000e+00
1.221440000000000081e+00
0.000000000000000000e+00
5.748799999999999466e-01
0.000000000000000000e+00
0.000000000000000000e+00
6.932500000000000329e-01
0.000000000000000000e+00
0.000000000000000000e+00
0.000000000000000000e+00
0.000000000000000000e+00
7.420700000000000074e-01
0.000000000000000000e+00
7.413800000000000390e-01
0.000000000000000000e+00
0.000000000000000000e+00
0.000000000000000000e+00
0.000000000000000000e+00
7.312600000000000211e-01
0.000000000000000000e+00
0.000000000000000000e+00
0.000000000000000000e+00
6.942500000000000338e-01
0.000000000000000000e+00
8.085499999999999909e-01
0.000000000000000000e+00
0.000000000000000000e+00
0.000000000000000000e+00
0.000000000000000000e+00
1.534280000000000088e+00
0.000000000000000000e+00
0.000000000000000000e+00
0.000000000000000000e+00
0.000000000000000000e+00
0.000000000000000000e+00
7.858699999999999575e-01
0.000000000000000000e+00
0.000000000000000000e+00
0.000000000000000000e+00
0.000000000000000000e+00
1.064410000000000078e+00
0.000000000000000000e+00
0.000000000000000000e+00
6.831300000000000150e-01
0.000000000000000000e+00
8.212800000000000100e-01
0.000000000000000000e+00
0.000000000000000000e+00
6.244499999999999496e-01
0.000000000000000000e+00
0.000000000000000000e+00
6.313600000000000323e-01
0.000000000000000000e+00
0.000000000000000000e+00
0.000000000000000000e+00
0.000000000000000000e+00
1.659359999999999946e+00
0.000000000000000000e+00
5.453799999999999759e-01
0.000000000000000000e+00
0.000000000000000000e+00
1.925929999999999920e+00
0.000000000000000000e+00
0.000000000000000000e+00
5.493200000000000305e-01
0.000000000000000000e+00
0.000000000000000000e+00
0.000000000000000000e+00
9.063099999999999490e-01
0.000000000000000000e+00
1.663510000000000044e+00
0.000000000000000000e+00
0.000000000000000000e+00
1.178339999999999943e+00
0.000000000000000000e+00
6.741800000000000015e-01
0.000000000000000000e+00
9.768400000000000416e-01
0.000000000000000000e+00
5.343499999999999917e-01
0.000000000000000000e+00
0.000000000000000000e+00
0.000000000000000000e+00
0.000000000000000000e+00
6.365300000000000402e-01
0.000000000000000000e+00
0.000000000000000000e+00
5.782800000000000162e-01
0.000000000000000000e+00
0.000000000000000000e+00
0.000000000000000000e+00
0.000000000000000000e+00
0.000000000000000000e+00
0.000000000000000000e+00
0.000000000000000000e+00
0.000000000000000000e+00
0.000000000000000000e+00
0.000000000000000000e+00
0.000000000000000000e+00
0.000000000000000000e+00
0.000000000000000000e+00
