0.000000000000000000e+00
0.000000000000000000e+00
0.000000000000000000e+00
0.000000000000000000e+00
0.000000000000000000e+00
0.000000000000000000e+00
0.000000000000000000e+00
0.000000000000000000e+00
0.000000000000000000e+00
0.000000000000000000e+00
1.144409999999999927e+00
0.000000000000000000e+00
1.201500000000000012e+00
0.000000000000000000e+00
0.000000000000000000e+00
0.000000000000000000e+00
1.402239999999999931e+00
0.000000000000000000e+00
0.000000000000000000e+00
1.087900000000000089e+00
0.000000000000000000e+00
0.000000000000000000e+00
0.000000000000000000e+00
1.925570000000000004e+00
0.000000000000000000e+00
0.000000000000000000e+00
0.000000000000000000e+00
0.000000000000000000e+00
0.000000000000000000e+00
1.069239999999999968e+00
0.000000000000000000e+00
1.214579999999999993e+00
0.000000000000000000e+00
0.000000000000000000e+00
0.000000000000000000e+00
8.892499999999999849e-01
0.000000000000000000e+00
0.000000000000000000e+00
0.000000000000000000e+00
0.000000000000000000e+00
0.000000000000000000e+00
0.000000000000000000e+00
1.007770000000000055e+00
0.000000000000000000e+00
1.364149999999999974e+00
0.000000000000000000e+00
1.625459999999999905e+00
0.000000000000000000e+00
0.000000000000000000e+00
0.000000000000000000e+00
0.000000000000000000e+00
0.000000000000000000e+00
0.000000000000000000e+00
1.533679999999999932e+00
0.000000000000000000e+00
0.000000000000000000e+00
0.000000000000000000e+00
1.085480000000000000e+00
0.000000000000000000e+00
0.000000000000000000e+00
1.095180000000000042e+00
0.000000000000000000e+00
1.042529999999999957e+00
0.000000000000000000e+00
0.000000000000000000e+00
1.115760000000000085e+00
0.000000000000000000e+00
1.206769999999999898e+00
0.000000000000000000e+00
0.000000000000000000e+00
1.034780000000000033e+00
0.000000000000000000e+00
0.000000000000000000e+00
1.216520000000000046e+00
0.000000000000000000e+00
7.926199999999999912e-01
0.000000000000000000e+00
0.000000000000000000e+00
1.230960000000000054e+00
0.000000000000000000e+00
0.000000000000000000e+00
0.000000000000000000e+00
0.000000000000000000e+00
0.000000000000000000e+00
9.889799999999999702e-01
0.000000000000000000e+00
0.000000000000000000e+00
0.000000000000000000e+00
7.987999999999999545e-01
0.000000000000000000e+00
0.000000000000000000e+00
0.000000000000000000e+00
1.490720000000000045e+00
0.000000000000000000e+00
0.000000000000000000e+00
9.988399999999999501e-01
0.000000000000000000e+00
0.000000000000000000e+00
0.000000000000000000e+00
1.108139999999999903e+00
0.000000000000000000e+00
0.000000000000000000e+00
0.000000000000000000e+00
0.000000000000000000e+00
0.000000000000000000e+00
1.250760000000000094e+00
0.000000000000000000e+00
8.064400000000000457e-01
0.000000000000000000e+00
0.000000000000000000e+00
0.000000000000000000e+00
0.000000000000000000e+00
9.573399999999999688e-01
0.000000000000000000e+00
0.000000000000000000e+00
0.000000000000000000e+00
0.000000000000000000e+00
8.719400000000000484e-01
0.000000000000000000e+00
1.007249999999999979e+00
0.000000000000000000e+00
0.000000000000000000e+00
0.000000000000000000e+00
0.000000000000000000e+00
0.000000000000000000e+00
7.265800000000000036e-01
0.000000000000000000e+00
0.000000000000000000e+00
0.000000000000000000e+00
8.305299999999999905e-01
0.000000000000000000e+00
0.000000000000000000e+00
0.000000000000000000e+00
0.000000000000000000e+00
0.000000000000000000e+00
1.019689999999999985e+00
0.000000000000000000e+00
0.000000000000000000e+00
7.180800000000000516e-01
0.000000000000000000e+00
0.000000000000000000e+00
0.000000000000000000e+00
0.000000000000000000e+00
0.000000000000000000e+00
0.000000000000000000e+00
9.220300000000000162e-01
0.000000000000000000e+00
8.578700000000000214e-01
0.000000000000000000e+00
1.187580000000000080e+00
0.000000000000000000e+00
0.000000000000000000e+00
0.000000000000000000e+00
0.000000000000000000e+00
0.000000000000000000e+00
9.802499999999999547e-01
0.000000000000000000e+00
1.103280000000000038e+00
0.000000000000000000e+00
0.000000000000000000e+00
7.836300000000000487e-01
0.000000000000000000e+00
1.617660000000000098e+00
0.000000000000000000e+00
0.000000000000000000e+00
0.000000000000000000e+00
0.000000000000000000e+00
0.000000000000000000e+00
0.000000000000000000e+00
7.165099999999999802e-01
0.000000000000000000e+00
0.000000000000000000e+00
0.000000000000000000e+00
6.351700000000000124e-01
0.000000000000000000e+00
1.378100000000000103e+00
0.000000000000000000e+00
0.000000000000000000e+00
0.000000000000000000e+00
0.000000000000000000e+00
9.664399999999999658e-01
0.000000000000000000e+00
0.000000000000000000e+00
8.060199999999999587e-01
0.000000000000000000e+00
0.000000000000000000e+00
0.000000000000000000e+00
0.000000000000000000e+00
8.818099999999999827e-01
0.000000000000000000e+00
7.750599999999999712e-01
0.000000000000000000e+00
0.000000000000000000e+00
0.000000000000000000e+00
0.000000000000000000e+00
8.417999999999999927e-01
0.000000000000000000e+00
0.000000000000000000e+00
8.168299999999999450e-01
0.000000000000000000e+00
0.000000000000000000e+00
1.141299999999999981e+00
0.000000000000000000e+00
8.851200000000000179e-01
0.000000000000000000e+00
8.194299999999999917e-01
0.000000000000000000e+00
0.000000000000000000e+00
7.913299999999999779e-01
0.000000000000000000e+00
0.000000000000000000e+00
0.000000000000000000e+00
0.000000000000000000e+00
1.016459999999999919e+00
0.000000000000000000e+00
0.000000000000000000e+00
0.000000000000000000e+00
8.161300000000000221e-01
0.000000000000000000e+00
9.651699999999999724e-01
0.000000000000000000e+00
0.000000000000000000e+00
0.000000000000000000e+00
7.188400000000000345e-01
0.000000000000000000e+00
8.503500000000000503e-01
0.000000000000000000e+00
0.000000000000000000e+00
8.758500000000000174e-01
0.000000000000000000e+00
1.169920000000000071e+00
0.000000000000000000e+00
7.143199999999999550e-01
0.000000000000000000e+00
8.308499999999999774e-01
0.000000000000000000e+00
0.000000000000000000e+00
0.000000000000000000e+00
7.116400000000000503e-01
0.000000000000000000e+00
0.000000000000000000e+00
9.442300000000000137e-01
0.000000000000000000e+00
0.000000000000000000e+00
0.000000000000000000e+00
0.000000000000000000e+00
9.432700000000000529e-01
0.000000000000000000e+00
0.000000000000000000e+00
0.000000000000000000e+00
5.964800000000000102e-01
0.000000000000000000e+00
8.753900000000000015e-01
0.000000000000000000e+00
6.853299999999999947e-01
0.000000000000000000e+00
1.312060000000000004e+00
0.000000000000000000e+00
8.792299999999999560e-01
0.000000000000000000e+00
6.935999999999999943e-01
0.000000000000000000e+00
8.389999999999999680e-01
0.000000000000000000e+00
0.000000000000000000e+00
0.000000000000000000e+00
9.093499999999999917e-01
0.000000000000000000e+00
0.000000000000000000e+00
0.000000000000000000e+00
7.259900000000000242e-01
0.000000000000000000e+00
0.000000000000000000e+00
6.780000000000000471e-01
0.000000000000000000e+00
8.271600000000000064e-01
0.000000000000000000e+00
0.000000000000000000e+00
0.000000000000000000e+00
1.024620000000000086e+00
0.000000000000000000e+00
0.000000000000000000e+00
0.000000000000000000e+00
0.000000000000000000e+00
1.054149999999999920e+00
0.000000000000000000e+00
0.000000000000000000e+00
0.000000000000000000e+00
0.000000000000000000e+00
0.000000000000000000e+00
0.000000000000000000e+00
0.000000000000000000e+00
0.000000000000000000e+00
0.000000000000000000e+00
0.000000000000000000e+00
0.000000000000000000e+00
0.000000000000000000e+00
0.000000000000000000e+00
0.000000000000000000e+00
0.000000000000000000e+00
0.000000000000000000e+00
0.000000000000000000e+00
0.000000000000000000e+00
0.000000000000000000e+00
0.000000000000000000e+00
0.000000000000000000e+00
0.000000000000000000e+00
8.512600000000000167e-01
0.000000000000000000e+00
8.723400000000000043e-01
0.000000000000000000e+00
0.000000000000000000e+00
0.000000000000000000e+00
1.089809999999999945e+00
0.000000000000000000e+00
0.000000000000000000e+00
7.848300000000000276e-01
0.000000000000000000e+00
9.905000000000000471e-01
0.000000000000000000e+00
7.923599999999999532e-01
0.000000000000000000e+00
0.000000000000000000e+00
0.000000000000000000e+00
7.880899999999999572e-01
0.000000000000000000e+00
0.000000000000000000e+00
0.000000000000000000e+00
0.000000000000000000e+00
7.252699999999999703e-01
0.000000000000000000e+00
0.000000000000000000e+00
0.000000000000000000e+00
0.000000000000000000e+00
9.401300000000000212e-01
0.000000000000000000e+00
0.000000000000000000e+00
8.208699999999999886e-01
0.000000000000000000e+00
1.600649999999999906e+00
0.000000000000000000e+00
0.000000000000000000e+00
0.000000000000000000e+00
0.000000000000000000e+00
7.297299999999999898e-01
0.000000000000000000e+00
0.000000000000000000e+00
6.462799999999999656e-01
0.000000000000000000e+00
0.000000000000000000e+00
0.000000000000000000e+00
7.221800000000000441e-01
0.000000000000000000e+00
8.794199999999999795e-01
0.000000000000000000e+00
0.000000000000000000e+00
9.972499999999999698e-01
0.000000000000000000e+00
0.000000000000000000e+00
7.781500000000000083e-01
0.000000000000000000e+00
6.996799999999999686e-01
0.000000000000000000e+00
6.395399999999999974e-01
0.000000000000000000e+00
0.000000000000000000e+00
0.000000000000000000e+00
0.000000000000000000e+00
8.448299999999999699e-01
0.000000000000000000e+00
0.000000000000000000e+00
1.023830000000000018e+00
0.000000000000000000e+00
0.000000000000000000e+00
0.000000000000000000e+00
0.000000000000000000e+00
9.383099999999999774e-01
0.000000000000000000e+00
0.000000000000000000e+00
0.000000000000000000e+00
0.000000000000000000e+00
0.000000000000000000e+00
7.143899999999999695e-01
0.000000000000000000e+00
1.108700000000000019e+00
0.000000000000000000e+00
0.000000000000000000e+00
1.133799999999999919e+00
0.000000000000000000e+00
0.000000000000000000e+00
0.000000000000000000e+00
0.000000000000000000e+00
0.000000000000000000e+00
0.000000000000000000e+00
0.000000000000000000e+00
7.972000000000000197e-01
0.000000000000000000e+00
1.217689999999999939e+00
0.000000000000000000e+00
0.000000000000000000e+00
8.636399999999999633e-01
0.000000000000000000e+00
0.000000000000000000e+00
9.016800000000000370e-01
0.000000000000000000e+00
9.479199999999999848e-01
0.000000000000000000e+00
7.280900000000000150e-01
0.000000000000000000e+00
6.844000000000000083e-01
0.000000000000000000e+00
0.000000000000000000e+00
8.991599999999999593e-01
0.000000000000000000e+00
0.000000000000000000e+00
5.942899999999999849e-01
0.000000000000000000e+00
7.602499999999999813e-01
0.000000000000000000e+00
6.543900000000000272e-01
0.000000000000000000e+00
0.000000000000000000e+00
1.054969999999999963e+00
0.000000000000000000e+00
0.000000000000000000e+00
0.000000000000000000e+00
0.000000000000000000e+00
0.000000000000000000e+00
0.000000000000000000e+00
9.014900000000000135e-01
0.000000000000000000e+00
0.000000000000000000e+00
0.000000000000000000e+00
0.000000000000000000e+00
9.164900000000000269e-01
0.000000000000000000e+00
9.676500000000000101e-01
0.000000000000000000e+00
0.000000000000000000e+00
8.757700000000000484e-01
0.000000000000000000e+00
0.000000000000000000e+00
6.435300000000000464e-01
0.000000000000000000e+00
0.000000000000000000e+00
7.184599999999999875e-01
0.000000000000000000e+00
7.840099999999999847e-01
0.000000000000000000e+00
0.000000000000000000e+00
0.000000000000000000e+00
6.774099999999999566e-01
0.000000000000000000e+00
0.000000000000000000e+00
0.000000000000000000e+00
7.737100000000000088e-01
0.000000000000000000e+00
0.000000000000000000e+00
7.865900000000000114e-01
0.000000000000000000e+00
0.000000000000000000e+00
0.000000000000000000e+00
6.896299999999999653e-01
0.000000000000000000e+00
1.462609999999999966e+00
0.000000000000000000e+00
0.000000000000000000e+00
0.000000000000000000e+00
0.000000000000000000e+00
0.000000000000000000e+00
0.000000000000000000e+00
1.009940000000000060e+00
0.000000000000000000e+00
7.933700000000000196e-01
0.000000000000000000e+00
0.000000000000000000e+00
1.141340000000000021e+00
0.000000000000000000e+00
0.000000000000000000e+00
0.000000000000000000e+00
0.000000000000000000e+00
9.741800000000000459e-01
0.000000000000000000e+00
0.000000000000000000e+00
7.089400000000000146e-01
0.000000000000000000e+00
0.000000000000000000e+00
7.013599999999999834e-01
0.000000000000000000e+00
1.006369999999999987e+00
0.000000000000000000e+00
0.000000000000000000e+00
9.496400000000000396e-01
0.000000000000000000e+00
0.000000000000000000e+00
0.000000000000000000e+00
9.600899999999999990e-01
0.000000000000000000e+00
0.000000000000000000e+00
1.040610000000000035e+00
0.000000000000000000e+00
0.000000000000000000e+00
0.000000000000000000e+00
0.000000000000000000e+00
9.975600000000000023e-01
0.000000000000000000e+00
0.000000000000000000e+00
6.762599999999999723e-01
0.000000000000000000e+00
0.000000000000000000e+00
0.000000000000000000e+00
0.000000000000000000e+00
6.954500000000000126e-01
0.000000000000000000e+00
6.777499999999999636e-01
0.000000000000000000e+00
0.000000000000000000e+00
8.925199999999999800e-01
0.000000000000000000e+00
0.000000000000000000e+00
7.587899999999999645e-01
0.000000000000000000e+00
6.823900000000000521e-01
0.000000000000000000e+00
0.000000000000000000e+00
0.000000000000000000e+00
0.000000000000000000e+00
7.258999999999999897e-01
0.000000000000000000e+00
0.000000000000000000e+00
6.346600000000000019e-01
0.000000000000000000e+00
0.000000000000000000e+00
0.000000000000000000e+00
0.000000000000000000e+00
8.151399999999999757e-01
0.000000000000000000e+00
8.519200000000000106e-01
0.000000000000000000e+00
7.017200000000000104e-01
0.000000000000000000e+00
0.000000000000000000e+00
0.000000000000000000e+00
1.080950000000000077e+00
0.000000000000000000e+00
1.048820000000000086e+00
0.000000000000000000e+00
0.000000000000000000e+00
0.000000000000000000e+00
0.000000000000000000e+00
8.941599999999999548e-01
0.000000000000000000e+00
0.000000000000000000e+00
0.000000000000000000e+00
7.423300000000000454e-01
0.000000000000000000e+00
0.000000000000000000e+00
6.521099999999999675e-01
0.000000000000000000e+00
0.000000000000000000e+00
0.000000000000000000e+00
8.318999999999999728e-01
0.000000000000000000e+00
0.000000000000000000e+00
1.122940000000000049e+00
0.000000000000000000e+00
0.000000000000000000e+00
1.204620000000000024e+00
0.000000000000000000e+00
8.615399999999999725e-01
0.000000000000000000e+00
0.000000000000000000e+00
0.000000000000000000e+00
0.000000000000000000e+00
0.000000000000000000e+00
0.000000000000000000e+00
0.000000000000000000e+00
0.000000000000000000e+00
0.000000000000000000e+00
0.000000000000000000e+00
0.000000000000000000e+00
0.000000000000000000e+00
0.000000000000000000e+00
0.000000000000000000e+00
0.000000000000000000e+00
0.000000000000000000e+00
0.000000000000000000e+00
0.000000000000000000e+00
0.000000000000000000e+00
0.000000000000000000e+00
0.000000000000000000e+00
0.000000000000000000e+00
9.583800000000000097e-01
0.000000000000000000e+00
0.000000000000000000e+00
7.574800000000000422e-01
0.000000000000000000e+00
0.000000000000000000e+00
9.713899999999999757e-01
0.000000000000000000e+00
0.000000000000000000e+00
1.214110000000000023e+00
0.000000000000000000e+00
0.000000000000000000e+00
6.882899999999999574e-01
0.000000000000000000e+00
1.066289999999999960e+00
0.000000000000000000e+00
0.000000000000000000e+00
0.000000000000000000e+00
0.000000000000000000e+00
7.489099999999999646e-01
0.000000000000000000e+00
1.590670000000000028e+00
0.000000000000000000e+00
0.000000000000000000e+00
0.000000000000000000e+00
8.714300000000000379e-01
0.000000000000000000e+00
0.000000000000000000e+00
8.501999999999999558e-01
0.000000000000000000e+00
7.957999999999999519e-01
0.000000000000000000e+00
0.000000000000000000e+00
0.000000000000000000e+00
1.201079999999999925e+00
0.000000000000000000e+00
0.000000000000000000e+00
0.000000000000000000e+00
1.596009999999999929e+00
0.000000000000000000e+00
0.000000000000000000e+00
0.000000000000000000e+00
0.000000000000000000e+00
1.167820000000000080e+00
0.000000000000000000e+00
8.960500000000000131e-01
0.000000000000000000e+00
0.000000000000000000e+00
0.000000000000000000e+00
0.000000000000000000e+00
0.000000000000000000e+00
1.045260000000000078e+00
0.000000000000000000e+00
0.000000000000000000e+00
8.022799999999999931e-01
0.000000000000000000e+00
0.000000000000000000e+00
0.000000000000000000e+00
6.567800000000000304e-01
0.000000000000000000e+00
0.000000000000000000e+00
0.000000000000000000e+00
0.000000000000000000e+00
0.000000000000000000e+00
1.001309999999999922e+00
0.000000000000000000e+00
9.236600000000000366e-01
0.000000000000000000e+00
0.000000000000000000e+00
0.000000000000000000e+00
0.000000000000000000e+00
9.949799999999999756e-01
0.000000000000000000e+00
8.223099999999999854e-01
0.000000000000000000e+00
0.000000000000000000e+00
0.000000000000000000e+00
7.838500000000000467e-01
0.000000000000000000e+00
7.637000000000000455e-01
0.000000000000000000e+00
7.677599999999999980e-01
0.000000000000000000e+00
0.000000000000000000e+00
0.000000000000000000e+00
1.341939999999999911e+00
0.000000000000000000e+00
0.000000000000000000e+00
0.000000000000000000e+00
6.969100000000000295e-01
0.000000000000000000e+00
0.000000000000000000e+00
6.448800000000000088e-01
0.000000000000000000e+00
6.655200000000000005e-01
0.000000000000000000e+00
0.000000000000000000e+00
0.000000000000000000e+00
0.000000000000000000e+00
0.000000000000000000e+00
7.496500000000000385e-01
0.000000000000000000e+00
1.020420000000000105e+00
0.000000000000000000e+00
0.000000000000000000e+00
8.286200000000000232e-01
0.000000000000000000e+00
0.000000000000000000e+00
1.190490000000000048e+00
0.000000000000000000e+00
0.000000000000000000e+00
7.654100000000000348e-01
0.000000000000000000e+00
0.000000000000000000e+00
0.000000000000000000e+00
1.052400000000000002e+00
0.000000000000000000e+00
1.020710000000000006e+00
0.000000000000000000e+00
0.000000000000000000e+00
0.000000000000000000e+00
7.058400000000000230e-01
0.000000000000000000e+00
0.000000000000000000e+00
0.000000000000000000e+00
8.165099999999999580e-01
0.000000000000000000e+00
0.000000000000000000e+00
0.000000000000000000e+00
9.176400000000000112e-01
0.000000000000000000e+00
6.843900000000000539e-01
0.000000000000000000e+00
0.000000000000000000e+00
0.000000000000000000e+00
8.102300000000000058e-01
0.000000000000000000e+00
0.000000000000000000e+00
8.629000000000000004e-01
0.000000000000000000e+00
0.000000000000000000e+00
7.600200000000000289e-01
0.000000000000000000e+00
0.000000000000000000e+00
0.000000000000000000e+00
9.102299999999999836e-01
0.000000000000000000e+00
0.000000000000000000e+00
0.000000000000000000e+00
0.000000000000000000e+00
1.040019999999999945e+00
0.000000000000000000e+00
0.000000000000000000e+00
8.145400000000000418e-01
0.000000000000000000e+00
9.610999999999999543e-01
0.000000000000000000e+00
0.000000000000000000e+00
0.000000000000000000e+00
0.000000000000000000e+00
0.000000000000000000e+00
0.000000000000000000e+00
9.150700000000000500e-01
0.000000000000000000e+00
9.645299999999999985e-01
0.000000000000000000e+00
0.000000000000000000e+00
0.000000000000000000e+00
8.420800000000000507e-01
0.000000000000000000e+00
0.000000000000000000e+00
0.000000000000000000e+00
8.428200000000000136e-01
0.000000000000000000e+00
0.000000000000000000e+00
7.137599999999999500e-01
0.000000000000000000e+00
0.000000000000000000e+00
0.000000000000000000e+00
0.000000000000000000e+00
0.000000000000000000e+00
0.000000000000000000e+00
7.284300000000000219e-01
0.000000000000000000e+00
0.000000000000000000e+00
6.948999999999999622e-01
0.000000000000000000e+00
7.072800000000000198e-01
0.000000000000000000e+00
9.111799999999999899e-01
0.000000000000000000e+00
0.000000000000000000e+00
0.000000000000000000e+00
0.000000000000000000e+00
9.103299999999999725e-01
0.000000000000000000e+00
0.000000000000000000e+00
9.598200000000000065e-01
0.000000000000000000e+00
0.000000000000000000e+00
1.025700000000000056e+00
0.000000000000000000e+00
0.000000000000000000e+00
0.000000000000000000e+00
0.000000000000000000e+00
0.000000000000000000e+00
8.214399999999999480e-01
0.000000000000000000e+00
0.000000000000000000e+00
1.181389999999999940e+00
0.000000000000000000e+00
0.000000000000000000e+00
0.000000000000000000e+00
8.499700000000000033e-01
0.000000000000000000e+00
0.000000000000000000e+00
0.000000000000000000e+00
0.000000000000000000e+00
8.642699999999999827e-01
0.000000000000000000e+00
0.000000000000000000e+00
7.446899999999999631e-01
0.000000000000000000e+00
0.000000000000000000e+00
0.000000000000000000e+00
0.000000000000000000e+00
8.502600000000000158e-01
0.000000000000000000e+00
0.000000000000000000e+00
0.000000000000000000e+00
9.040700000000000403e-01
0.000000000000000000e+00
0.000000000000000000e+00
0.000000000000000000e+00
8.043599999999999639e-01
0.000000000000000000e+00
6.387399999999999745e-01
0.000000000000000000e+00
0.000000000000000000e+00
7.758199999999999541e-01
0.000000000000000000e+00
6.685699999999999976e-01
0.000000000000000000e+00
0.000000000000000000e+00
8.938199999999999479e-01
0.000000000000000000e+00
1.538589999999999902e+00
0.000000000000000000e+00
0.000000000000000000e+00
0.000000000000000000e+00
0.000000000000000000e+00
8.993299999999999628e-01
0.000000000000000000e+00
0.000000000000000000e+00
0.000000000000000000e+00
1.310999999999999943e+00
0.000000000000000000e+00
0.000000000000000000e+00
0.000000000000000000e+00
0.000000000000000000e+00
9.872199999999999864e-01
0.000000000000000000e+00
0.000000000000000000e+00
0.000000000000000000e+00
0.000000000000000000e+00
8.261199999999999655e-01
0.000000000000000000e+00
0.000000000000000000e+00
0.000000000000000000e+00
0.000000000000000000e+00
8.384599999999999831e-01
0.000000000000000000e+00
8.368200000000000083e-01
0.000000000000000000e+00
0.000000000000000000e+00
0.000000000000000000e+00
0.000000000000000000e+00
6.670099999999999918e-01
0.000000000000000000e+00
0.000000000000000000e+00
0.000000000000000000e+00
1.045749999999999957e+00
0.000000000000000000e+00
0.000000000000000000e+00
0.000000000000000000e+00
0.000000000000000000e+00
0.000000000000000000e+00
0.000000000000000000e+00
0.000000000000000000e+00
0.000000000000000000e+00
0.000000000000000000e+00
0.000000000000000000e+00
0.000000000000000000e+00
0.000000000000000000e+00
0.000000000000000000e+00
0.000000000000000000e+00
0.000000000000000000e+00
0.000000000000000000e+00
0.000000000000000000e+00
0.000000000000000000e+00
0.000000000000000000e+00
0.000000000000000000e+00
0.000000000000000000e+00
0.000000000000000000e+00
1.052959999999999896e+00
0.000000000000000000e+00
0.000000000000000000e+00
0.000000000000000000e+00
0.000000000000000000e+00
7.881599999999999717e-01
0.000000000000000000e+00
5.927000000000000046e-01
0.000000000000000000e+00
0.000000000000000000e+00
0.000000000000000000e+00
0.000000000000000000e+00
0.000000000000000000e+00
0.000000000000000000e+00
7.501900000000000235e-01
0.000000000000000000e+00
0.000000000000000000e+00
1.007020000000000026e+00
0.000000000000000000e+00
0.000000000000000000e+00
0.000000000000000000e+00
9.176900000000000057e-01
0.000000000000000000e+00
0.000000000000000000e+00
0.000000000000000000e+00
0.000000000000000000e+00
1.197969999999999979e+00
0.000000000000000000e+00
0.000000000000000000e+00
1.379569999999999963e+00
0.000000000000000000e+00
0.000000000000000000e+00
0.000000000000000000e+00
7.648500000000000298e-01
0.000000000000000000e+00
0.000000000000000000e+00
0.000000000000000000e+00
0.000000000000000000e+00
9.898400000000000531e-01
0.000000000000000000e+00
0.000000000000000000e+00
0.000000000000000000e+00
6.411400000000000432e-01
0.000000000000000000e+00
1.002809999999999979e+00
0.000000000000000000e+00
0.000000000000000000e+00
0.000000000000000000e+00
1.178919999999999968e+00
0.000000000000000000e+00
1.043220000000000036e+00
0.000000000000000000e+00
0.000000000000000000e+00
0.000000000000000000e+00
7.628500000000000281e-01
0.000000000000000000e+00
1.358980000000000077e+00
0.000000000000000000e+00
0.000000000000000000e+00
0.000000000000000000e+00
9.035699999999999843e-01
0.000000000000000000e+00
0.000000000000000000e+00
0.000000000000000000e+00
0.000000000000000000e+00
1.037979999999999903e+00
0.000000000000000000e+00
0.000000000000000000e+00
0.000000000000000000e+00
0.000000000000000000e+00
9.830600000000000449e-01
0.000000000000000000e+00
0.000000000000000000e+00
0.000000000000000000e+00
9.912300000000000555e-01
0.000000000000000000e+00
0.000000000000000000e+00
0.000000000000000000e+00
0.000000000000000000e+00
0.000000000000000000e+00
1.202520000000000033e+00
0.000000000000000000e+00
9.086800000000000432e-01
0.000000000000000000e+00
0.000000000000000000e+00
8.785100000000000131e-01
0.000000000000000000e+00
0.000000000000000000e+00
0.000000000000000000e+00
6.522700000000000164e-01
0.000000000000000000e+00
1.325339999999999963e+00
0.000000000000000000e+00
6.300999999999999934e-01
0.000000000000000000e+00
1.036380000000000079e+00
0.000000000000000000e+00
0.000000000000000000e+00
0.000000000000000000e+00
0.000000000000000000e+00
0.000000000000000000e+00
0.000000000000000000e+00
7.563800000000000523e-01
0.000000000000000000e+00
0.000000000000000000e+00
7.724199999999999955e-01
0.000000000000000000e+00
0.000000000000000000e+00
0.000000000000000000e+00
0.000000000000000000e+00
0.000000000000000000e+00
1.121590000000000087e+00
0.000000000000000000e+00
0.000000000000000000e+00
9.613000000000000433e-01
0.000000000000000000e+00
0.000000000000000000e+00
7.032899999999999707e-01
0.000000000000000000e+00
0.000000000000000000e+00
0.000000000000000000e+00
8.175200000000000244e-01
0.000000000000000000e+00
0.000000000000000000e+00
0.000000000000000000e+00
0.000000000000000000e+00
0.000000000000000000e+00
1.074619999999999909e+00
0.000000000000000000e+00
1.230159999999999920e+00
0.000000000000000000e+00
0.000000000000000000e+00
6.050600000000000422e-01
0.000000000000000000e+00
0.000000000000000000e+00
1.193310000000000093e+00
0.000000000000000000e+00
0.000000000000000000e+00
0.000000000000000000e+00
7.336899999999999533e-01
0.000000000000000000e+00
0.000000000000000000e+00
7.193399999999999794e-01
0.000000000000000000e+00
0.000000000000000000e+00
6.163199999999999790e-01
0.000000000000000000e+00
0.000000000000000000e+00
0.000000000000000000e+00
0.000000000000000000e+00
0.000000000000000000e+00
6.379899999999999460e-01
0.000000000000000000e+00
0.000000000000000000e+00
0.000000000000000000e+00
0.000000000000000000e+00
6.435199999999999809e-01
0.000000000000000000e+00
8.183000000000000274e-01
0.000000000000000000e+00
0.000000000000000000e+00
0.000000000000000000e+00
0.000000000000000000e+00
1.231570000000000054e+00
0.000000000000000000e+00
8.119699999999999696e-01
0.000000000000000000e+00
0.000000000000000000e+00
7.379400000000000404e-01
0.000000000000000000e+00
0.000000000000000000e+00
0.000000000000000000e+00
7.947199999999999820e-01
0.000000000000000000e+00
7.183500000000000441e-01
0.000000000000000000e+00
8.227400000000000269e-01
0.000000000000000000e+00
0.000000000000000000e+00
0.000000000000000000e+00
0.000000000000000000e+00
0.000000000000000000e+00
7.398299999999999876e-01
0.000000000000000000e+00
7.687399999999999789e-01
0.000000000000000000e+00
0.000000000000000000e+00
1.211980000000000057e+00
0.000000000000000000e+00
0.000000000000000000e+00
8.270100000000000229e-01
0.000000000000000000e+00
0.000000000000000000e+00
0.000000000000000000e+00
0.000000000000000000e+00
8.932999999999999829e-01
0.000000000000000000e+00
0.000000000000000000e+00
0.000000000000000000e+00
0.000000000000000000e+00
1.452280000000000015e+00
0.000000000000000000e+00
0.000000000000000000e+00
0.000000000000000000e+00
0.000000000000000000e+00
0.000000000000000000e+00
0.000000000000000000e+00
0.000000000000000000e+00
9.098100000000000076e-01
0.000000000000000000e+00
0.000000000000000000e+00
0.000000000000000000e+00
0.000000000000000000e+00
9.468600000000000350e-01
0.000000000000000000e+00
8.366299999999999848e-01
0.000000000000000000e+00
9.142900000000000471e-01
0.000000000000000000e+00
0.000000000000000000e+00
0.000000000000000000e+00
9.160199999999999454e-01
0.000000000000000000e+00
0.000000000000000000e+00
1.223579999999999890e+00
0.000000000000000000e+00
1.108160000000000034e+00
0.000000000000000000e+00
0.000000000000000000e+00
0.000000000000000000e+00
1.036659999999999915e+00
0.000000000000000000e+00
9.138399999999999856e-01
0.000000000000000000e+00
0.000000000000000000e+00
8.594600000000000017e-01
0.000000000000000000e+00
7.880700000000000482e-01
0.000000000000000000e+00
0.000000000000000000e+00
0.000000000000000000e+00
9.435000000000000053e-01
0.000000000000000000e+00
0.000000000000000000e+00
0.000000000000000000e+00
1.037199999999999900e+00
0.000000000000000000e+00
0.000000000000000000e+00
0.000000000000000000e+00
8.297200000000000131e-01
0.000000000000000000e+00
1.156360000000000054e+00
0.000000000000000000e+00
0.000000000000000000e+00
0.000000000000000000e+00
7.850000000000000311e-01
0.000000000000000000e+00
0.000000000000000000e+00
1.000799999999999912e+00
0.000000000000000000e+00
1.453980000000000050e+00
0.000000000000000000e+00
0.000000000000000000e+00
0.000000000000000000e+00
0.000000000000000000e+00
0.000000000000000000e+00
1.306640000000000024e+00
0.000000000000000000e+00
9.510499999999999510e-01
0.000000000000000000e+00
0.000000000000000000e+00
8.095200000000000173e-01
0.000000000000000000e+00
0.000000000000000000e+00
0.000000000000000000e+00
1.195440000000000058e+00
0.000000000000000000e+00
0.000000000000000000e+00
0.000000000000000000e+00
7.261900000000000022e-01
0.000000000000000000e+00
0.000000000000000000e+00
0.000000000000000000e+00
0.000000000000000000e+00
9.721699999999999786e-01
0.000000000000000000e+00
8.337999999999999856e-01
0.000000000000000000e+00
0.000000000000000000e+00
0.000000000000000000e+00
0.000000000000000000e+00
0.000000000000000000e+00
0.000000000000000000e+00
0.000000000000000000e+00
0.000000000000000000e+00
0.000000000000000000e+00
0.000000000000000000e+00
0.000000000000000000e+00
0.000000000000000000e+00
0.000000000000000000e+00
0.000000000000000000e+00
0.000000000000000000e+00
0.000000000000000000e+00
0.000000000000000000e+00
0.000000000000000000e+00
0.000000000000000000e+00
0.000000000000000000e+00
0.000000000000000000e+00
0.000000000000000000e+00
9.882999999999999563e-01
0.000000000000000000e+00
0.000000000000000000e+00
1.075930000000000053e+00
0.000000000000000000e+00
0.000000000000000000e+00
9.587700000000000111e-01
0.000000000000000000e+00
0.000000000000000000e+00
7.376200000000000534e-01
0.000000000000000000e+00
0.000000000000000000e+00
0.000000000000000000e+00
9.055999999999999606e-01
0.000000000000000000e+00
0.000000000000000000e+00
0.000000000000000000e+00
0.000000000000000000e+00
1.099809999999999954e+00
0.000000000000000000e+00
0.000000000000000000e+00
7.136599999999999611e-01
0.000000000000000000e+00
0.000000000000000000e+00
1.643380000000000063e+00
0.000000000000000000e+00
0.000000000000000000e+00
0.000000000000000000e+00
7.110199999999999854e-01
0.000000000000000000e+00
0.000000000000000000e+00
0.000000000000000000e+00
0.000000000000000000e+00
8.072599999999999776e-01
0.000000000000000000e+00
0.000000000000000000e+00
0.000000000000000000e+00
0.000000000000000000e+00
0.000000000000000000e+00
7.454600000000000115e-01
0.000000000000000000e+00
0.000000000000000000e+00
0.000000000000000000e+00
0.000000000000000000e+00
0.000000000000000000e+00
7.987699999999999800e-01
0.000000000000000000e+00
0.000000000000000000e+00
0.000000000000000000e+00
0.000000000000000000e+00
7.286399999999999544e-01
0.000000000000000000e+00
6.483100000000000529e-01
0.000000000000000000e+00
0.000000000000000000e+00
1.007360000000000033e+00
0.000000000000000000e+00
0.000000000000000000e+00
9.702499999999999458e-01
0.000000000000000000e+00
0.000000000000000000e+00
0.000000000000000000e+00
1.212059999999999915e+00
0.000000000000000000e+00
1.054650000000000087e+00
0.000000000000000000e+00
0.000000000000000000e+00
0.000000000000000000e+00
0.000000000000000000e+00
7.803200000000000136e-01
0.000000000000000000e+00
0.000000000000000000e+00
0.000000000000000000e+00
9.740100000000000424e-01
0.000000000000000000e+00
0.000000000000000000e+00
0.000000000000000000e+00
1.155540000000000012e+00
0.000000000000000000e+00
1.184399999999999897e+00
0.000000000000000000e+00
0.000000000000000000e+00
0.000000000000000000e+00
1.088670000000000027e+00
0.000000000000000000e+00
1.569399999999999906e+00
0.000000000000000000e+00
0.000000000000000000e+00
7.184000000000000385e-01
0.000000000000000000e+00
0.000000000000000000e+00
9.495700000000000252e-01
0.000000000000000000e+00
0.000000000000000000e+00
0.000000000000000000e+00
0.000000000000000000e+00
0.000000000000000000e+00
7.463499999999999579e-01
0.000000000000000000e+00
0.000000000000000000e+00
9.983600000000000252e-01
0.000000000000000000e+00
0.000000000000000000e+00
8.552199999999999802e-01
0.000000000000000000e+00
0.000000000000000000e+00
0.000000000000000000e+00
1.093800000000000106e+00
0.000000000000000000e+00
0.000000000000000000e+00
0.000000000000000000e+00
0.000000000000000000e+00
0.000000000000000000e+00
1.486250000000000071e+00
0.000000000000000000e+00
0.000000000000000000e+00
1.342379999999999907e+00
0.000000000000000000e+00
9.719600000000000461e-01
0.000000000000000000e+00
7.720700000000000340e-01
0.000000000000000000e+00
0.000000000000000000e+00
1.022809999999999997e+00
0.000000000000000000e+00
0.000000000000000000e+00
0.000000000000000000e+00
9.545200000000000351e-01
0.000000000000000000e+00
1.087990000000000013e+00
0.000000000000000000e+00
8.957000000000000517e-01
0.000000000000000000e+00
0.000000000000000000e+00
0.000000000000000000e+00
0.000000000000000000e+00
0.000000000000000000e+00
0.000000000000000000e+00
1.102710000000000079e+00
0.000000000000000000e+00
0.000000000000000000e+00
1.403780000000000028e+00
0.000000000000000000e+00
0.000000000000000000e+00
0.000000000000000000e+00
8.938800000000000079e-01
0.000000000000000000e+00
7.393100000000000227e-01
0.000000000000000000e+00
1.918539999999999912e+00
0.000000000000000000e+00
0.000000000000000000e+00
1.118730000000000002e+00
0.000000000000000000e+00
0.000000000000000000e+00
9.946099999999999941e-01
0.000000000000000000e+00
0.000000000000000000e+00
0.000000000000000000e+00
0.000000000000000000e+00
8.598900000000000432e-01
0.000000000000000000e+00
0.000000000000000000e+00
8.190699999999999648e-01
0.000000000000000000e+00
0.000000000000000000e+00
8.224599999999999689e-01
0.000000000000000000e+00
0.000000000000000000e+00
0.000000000000000000e+00
0.000000000000000000e+00
7.542799999999999505e-01
0.000000000000000000e+00
0.000000000000000000e+00
6.422900000000000276e-01
0.000000000000000000e+00
6.588600000000000012e-01
0.000000000000000000e+00
6.099099999999999522e-01
0.000000000000000000e+00
8.142800000000000038e-01
0.000000000000000000e+00
0.000000000000000000e+00
0.000000000000000000e+00
0.000000000000000000e+00
9.556499999999999995e-01
0.000000000000000000e+00
0.000000000000000000e+00
0.000000000000000000e+00
7.769800000000000040e-01
0.000000000000000000e+00
0.000000000000000000e+00
9.362899999999999556e-01
0.000000000000000000e+00
0.000000000000000000e+00
0.000000000000000000e+00
0.000000000000000000e+00
9.958299999999999930e-01
0.000000000000000000e+00
8.848399999999999599e-01
0.000000000000000000e+00
0.000000000000000000e+00
8.476700000000000346e-01
0.000000000000000000e+00
0.000000000000000000e+00
0.000000000000000000e+00
1.065199999999999925e+00
0.000000000000000000e+00
1.310340000000000060e+00
0.000000000000000000e+00
0.000000000000000000e+00
1.285490000000000022e+00
0.000000000000000000e+00
1.093920000000000003e+00
0.000000000000000000e+00
0.000000000000000000e+00
0.000000000000000000e+00
6.952500000000000346e-01
0.000000000000000000e+00
8.925199999999999800e-01
0.000000000000000000e+00
0.000000000000000000e+00
1.332840000000000025e+00
0.000000000000000000e+00
0.000000000000000000e+00
6.162199999999999900e-01
0.000000000000000000e+00
0.000000000000000000e+00
0.000000000000000000e+00
1.171699999999999964e+00
0.000000000000000000e+00
0.000000000000000000e+00
0.000000000000000000e+00
0.000000000000000000e+00
1.068289999999999962e+00
0.000000000000000000e+00
0.000000000000000000e+00
1.031179999999999986e+00
0.000000000000000000e+00
1.015249999999999986e+00
0.000000000000000000e+00
0.000000000000000000e+00
1.015989999999999949e+00
0.000000000000000000e+00
0.000000000000000000e+00
9.284400000000000430e-01
0.000000000000000000e+00
0.000000000000000000e+00
7.342800000000000438e-01
0.000000000000000000e+00
7.114500000000000268e-01
0.000000000000000000e+00
0.000000000000000000e+00
0.000000000000000000e+00
0.000000000000000000e+00
0.000000000000000000e+00
8.702199999999999935e-01
0.000000000000000000e+00
0.000000000000000000e+00
0.000000000000000000e+00
7.760899999999999466e-01
0.000000000000000000e+00
0.000000000000000000e+00
0.000000000000000000e+00
8.572499999999999565e-01
0.000000000000000000e+00
0.000000000000000000e+00
0.000000000000000000e+00
0.000000000000000000e+00
7.511799999999999589e-01
0.000000000000000000e+00
0.000000000000000000e+00
0.000000000000000000e+00
1.249719999999999942e+00
0.000000000000000000e+00
0.000000000000000000e+00
0.000000000000000000e+00
0.000000000000000000e+00
0.000000000000000000e+00
0.000000000000000000e+00
0.000000000000000000e+00
0.000000000000000000e+00
0.000000000000000000e+00
0.000000000000000000e+00
0.000000000000000000e+00
0.000000000000000000e+00
0.000000000000000000e+00
0.000000000000000000e+00
0.000000000000000000e+00
0.000000000000000000e+00
0.000000000000000000e+00
0.000000000000000000e+00
0.000000000000000000e+00
0.000000000000000000e+00
0.000000000000000000e+00
1.003249999999999975e+00
0.000000000000000000e+00
0.000000000000000000e+00
0.000000000000000000e+00
7.939899999999999736e-01
0.000000000000000000e+00
1.060340000000000060e+00
0.000000000000000000e+00
9.199899999999999745e-01
0.000000000000000000e+00
0.000000000000000000e+00
0.000000000000000000e+00
8.047499999999999654e-01
0.000000000000000000e+00
0.000000000000000000e+00
8.097499999999999698e-01
0.000000000000000000e+00
7.849099999999999966e-01
0.000000000000000000e+00
0.000000000000000000e+00
0.000000000000000000e+00
0.000000000000000000e+00
0.000000000000000000e+00
9.750100000000000433e-01
0.000000000000000000e+00
0.000000000000000000e+00
1.125070000000000014e+00
0.000000000000000000e+00
0.000000000000000000e+00
8.096700000000000008e-01
0.000000000000000000e+00
0.000000000000000000e+00
0.000000000000000000e+00
8.510199999999999987e-01
0.000000000000000000e+00
0.000000000000000000e+00
1.052959999999999896e+00
0.000000000000000000e+00
1.043520000000000003e+00
0.000000000000000000e+00
0.000000000000000000e+00
0.000000000000000000e+00
0.000000000000000000e+00
0.000000000000000000e+00
0.000000000000000000e+00
0.000000000000000000e+00
9.343000000000000194e-01
0.000000000000000000e+00
7.530799999999999716e-01
0.000000000000000000e+00
0.000000000000000000e+00
0.000000000000000000e+00
1.196409999999999973e+00
0.000000000000000000e+00
0.000000000000000000e+00
0.000000000000000000e+00
0.000000000000000000e+00
1.328789999999999916e+00
0.000000000000000000e+00
0.000000000000000000e+00
9.611499999999999488e-01
0.000000000000000000e+00
1.070210000000000106e+00
0.000000000000000000e+00
0.000000000000000000e+00
0.000000000000000000e+00
1.151489999999999903e+00
0.000000000000000000e+00
0.000000000000000000e+00
8.516799999999999926e-01
0.000000000000000000e+00
0.000000000000000000e+00
0.000000000000000000e+00
9.100599999999999801e-01
0.000000000000000000e+00
1.187380000000000102e+00
0.000000000000000000e+00
0.000000000000000000e+00
0.000000000000000000e+00
1.370910000000000073e+00
0.000000000000000000e+00
0.000000000000000000e+00
8.887800000000000145e-01
0.000000000000000000e+00
0.000000000000000000e+00
0.000000000000000000e+00
0.000000000000000000e+00
1.359089999999999909e+00
0.000000000000000000e+00
0.000000000000000000e+00
7.008699999999999930e-01
0.000000000000000000e+00
0.000000000000000000e+00
0.000000000000000000e+00
9.343299999999999939e-01
0.000000000000000000e+00
9.866599999999999815e-01
0.000000000000000000e+00
0.000000000000000000e+00
0.000000000000000000e+00
9.411399999999999766e-01
0.000000000000000000e+00
0.000000000000000000e+00
0.000000000000000000e+00
0.000000000000000000e+00
0.000000000000000000e+00
9.251700000000000479e-01
0.000000000000000000e+00
0.000000000000000000e+00
0.000000000000000000e+00
1.180600000000000094e+00
0.000000000000000000e+00
8.416200000000000347e-01
0.000000000000000000e+00
0.000000000000000000e+00
0.000000000000000000e+00
1.049350000000000005e+00
0.000000000000000000e+00
0.000000000000000000e+00
9.499499999999999611e-01
0.000000000000000000e+00
0.000000000000000000e+00
0.000000000000000000e+00
9.231899999999999551e-01
0.000000000000000000e+00
0.000000000000000000e+00
0.000000000000000000e+00
1.850850000000000106e+00
0.000000000000000000e+00
0.000000000000000000e+00
0.000000000000000000e+00
0.000000000000000000e+00
8.068800000000000416e-01
0.000000000000000000e+00
0.000000000000000000e+00
0.000000000000000000e+00
0.000000000000000000e+00
0.000000000000000000e+00
0.000000000000000000e+00
8.212099999999999955e-01
0.000000000000000000e+00
0.000000000000000000e+00
0.000000000000000000e+00
6.099599999999999467e-01
0.000000000000000000e+00
0.000000000000000000e+00
0.000000000000000000e+00
0.000000000000000000e+00
7.783499999999999863e-01
0.000000000000000000e+00
1.030200000000000005e+00
0.000000000000000000e+00
0.000000000000000000e+00
0.000000000000000000e+00
1.093760000000000066e+00
0.000000000000000000e+00
0.000000000000000000e+00
1.122919999999999918e+00
0.000000000000000000e+00
0.000000000000000000e+00
6.829100000000000170e-01
0.000000000000000000e+00
1.257079999999999975e+00
0.000000000000000000e+00
0.000000000000000000e+00
0.000000000000000000e+00
9.983899999999999997e-01
0.000000000000000000e+00
0.000000000000000000e+00
1.003779999999999895e+00
0.000000000000000000e+00
0.000000000000000000e+00
0.000000000000000000e+00
8.338999999999999746e-01
0.000000000000000000e+00
0.000000000000000000e+00
1.468169999999999975e+00
0.000000000000000000e+00
0.000000000000000000e+00
0.000000000000000000e+00
0.000000000000000000e+00
7.072800000000000198e-01
0.000000000000000000e+00
0.000000000000000000e+00
7.884299999999999642e-01
0.000000000000000000e+00
0.000000000000000000e+00
8.551199999999999912e-01
0.000000000000000000e+00
0.000000000000000000e+00
1.137930000000000108e+00
0.000000000000000000e+00
0.000000000000000000e+00
1.135999999999999899e+00
0.000000000000000000e+00
1.625000000000000000e+00
0.000000000000000000e+00
0.000000000000000000e+00
5.950199999999999934e-01
0.000000000000000000e+00
0.000000000000000000e+00
0.000000000000000000e+00
0.000000000000000000e+00
0.000000000000000000e+00
8.670600000000000529e-01
0.000000000000000000e+00
0.000000000000000000e+00
0.000000000000000000e+00
1.063900000000000068e+00
0.000000000000000000e+00
9.995699999999999585e-01
0.000000000000000000e+00
0.000000000000000000e+00
8.618999999999999995e-01
0.000000000000000000e+00
0.000000000000000000e+00
0.000000000000000000e+00
0.000000000000000000e+00
0.000000000000000000e+00
7.556599999999999984e-01
0.000000000000000000e+00
0.000000000000000000e+00
0.000000000000000000e+00
0.000000000000000000e+00
1.104379999999999917e+00
0.000000000000000000e+00
0.000000000000000000e+00
0.000000000000000000e+00
7.177200000000000246e-01
0.000000000000000000e+00
6.344199999999999839e-01
0.000000000000000000e+00
0.000000000000000000e+00
0.000000000000000000e+00
0.000000000000000000e+00
9.359300000000000397e-01
0.000000000000000000e+00
0.000000000000000000e+00
0.000000000000000000e+00
7.524899999999999922e-01
0.000000000000000000e+00
0.000000000000000000e+00
0.000000000000000000e+00
0.000000000000000000e+00
0.000000000000000000e+00
0.000000000000000000e+00
7.699000000000000288e-01
0.000000000000000000e+00
0.000000000000000000e+00
0.000000000000000000e+00
0.000000000000000000e+00
0.000000000000000000e+00
8.777800000000000047e-01
0.000000000000000000e+00
7.089499999999999691e-01
0.000000000000000000e+00
0.000000000000000000e+00
0.000000000000000000e+00
8.446000000000000174e-01
0.000000000000000000e+00
0.000000000000000000e+00
7.545699999999999630e-01
0.000000000000000000e+00
0.000000000000000000e+00
7.135500000000000176e-01
0.000000000000000000e+00
7.379799999999999693e-01
0.000000000000000000e+00
0.000000000000000000e+00
0.000000000000000000e+00
0.000000000000000000e+00
0.000000000000000000e+00
1.105679999999999996e+00
0.000000000000000000e+00
1.211729999999999974e+00
0.000000000000000000e+00
0.000000000000000000e+00
0.000000000000000000e+00
8.923299999999999566e-01
0.000000000000000000e+00
1.053239999999999954e+00
0.000000000000000000e+00
0.000000000000000000e+00
0.000000000000000000e+00
0.000000000000000000e+00
8.659599999999999520e-01
0.000000000000000000e+00
0.000000000000000000e+00
0.000000000000000000e+00
0.000000000000000000e+00
9.190399999999999681e-01
0.000000000000000000e+00
0.000000000000000000e+00
0.000000000000000000e+00
0.000000000000000000e+00
0.000000000000000000e+00
0.000000000000000000e+00
0.000000000000000000e+00
0.000000000000000000e+00
0.000000000000000000e+00
0.000000000000000000e+00
0.000000000000000000e+00
0.000000000000000000e+00
