0.000000000000000000e+00
0.000000000000000000e+00
0.000000000000000000e+00
0.000000000000000000e+00
0.000000000000000000e+00
0.000000000000000000e+00
0.000000000000000000e+00
0.000000000000000000e+00
0.000000000000000000e+00
0.000000000000000000e+00
6.887299999999999534e-01
0.000000000000000000e+00
0.000000000000000000e+00
1.034030000000000005e+00
0.000000000000000000e+00
0.000000000000000000e+00
0.000000000000000000e+00
1.065320000000000045e+00
0.000000000000000000e+00
1.698409999999999975e+00
0.000000000000000000e+00
0.000000000000000000e+00
0.000000000000000000e+00
1.191729999999999956e+00
0.000000000000000000e+00
1.186339999999999950e+00
0.000000000000000000e+00
0.000000000000000000e+00
6.731599999999999806e-01
0.000000000000000000e+00
1.161259999999999959e+00
0.000000000000000000e+00
0.000000000000000000e+00
0.000000000000000000e+00
1.301930000000000032e+00
0.000000000000000000e+00
0.000000000000000000e+00
0.000000000000000000e+00
1.238359999999999905e+00
0.000000000000000000e+00
0.000000000000000000e+00
0.000000000000000000e+00
8.939000000000000279e-01
0.000000000000000000e+00
0.000000000000000000e+00
1.364840000000000053e+00
0.000000000000000000e+00
8.337900000000000311e-01
0.000000000000000000e+00
0.000000000000000000e+00
7.596899999999999764e-01
0.000000000000000000e+00
0.000000000000000000e+00
1.160090000000000066e+00
0.000000000000000000e+00
0.000000000000000000e+00
0.000000000000000000e+00
0.000000000000000000e+00
0.000000000000000000e+00
8.342100000000000071e-01
0.000000000000000000e+00
0.000000000000000000e+00
9.173900000000000388e-01
0.000000000000000000e+00
0.000000000000000000e+00
0.000000000000000000e+00
0.000000000000000000e+00
0.000000000000000000e+00
0.000000000000000000e+00
1.025009999999999977e+00
0.000000000000000000e+00
0.000000000000000000e+00
6.465999999999999526e-01
0.000000000000000000e+00
0.000000000000000000e+00
8.674100000000000144e-01
0.000000000000000000e+00
0.000000000000000000e+00
0.000000000000000000e+00
1.174509999999999943e+00
0.000000000000000000e+00
1.003589999999999982e+00
0.000000000000000000e+00
0.000000000000000000e+00
8.354300000000000059e-01
0.000000000000000000e+00
0.000000000000000000e+00
0.000000000000000000e+00
8.890400000000000524e-01
0.000000000000000000e+00
0.000000000000000000e+00
0.000000000000000000e+00
6.616699999999999804e-01
0.000000000000000000e+00
0.000000000000000000e+00
6.469099999999999850e-01
0.000000000000000000e+00
0.000000000000000000e+00
9.957000000000000295e-01
0.000000000000000000e+00
0.000000000000000000e+00
0.000000000000000000e+00
1.116360000000000019e+00
0.000000000000000000e+00
0.000000000000000000e+00
0.000000000000000000e+00
0.000000000000000000e+00
0.000000000000000000e+00
0.000000000000000000e+00
0.000000000000000000e+00
9.634300000000000086e-01
0.000000000000000000e+00
1.092019999999999991e+00
0.000000000000000000e+00
1.162590000000000012e+00
0.000000000000000000e+00
6.855299999999999727e-01
0.000000000000000000e+00
0.000000000000000000e+00
8.187400000000000233e-01
0.000000000000000000e+00
0.000000000000000000e+00
1.348619999999999930e+00
0.000000000000000000e+00
0.000000000000000000e+00
0.000000000000000000e+00
0.000000000000000000e+00
0.000000000000000000e+00
9.847500000000000142e-01
0.000000000000000000e+00
0.000000000000000000e+00
7.131399999999999961e-01
0.000000000000000000e+00
7.796999999999999487e-01
0.000000000000000000e+00
8.072399999999999576e-01
0.000000000000000000e+00
0.000000000000000000e+00
0.000000000000000000e+00
0.000000000000000000e+00
7.942599999999999660e-01
0.000000000000000000e+00
0.000000000000000000e+00
1.308910000000000018e+00
0.000000000000000000e+00
0.000000000000000000e+00
0.000000000000000000e+00
0.000000000000000000e+00
8.217799999999999550e-01
0.000000000000000000e+00
0.000000000000000000e+00
6.800699999999999523e-01
0.000000000000000000e+00
0.000000000000000000e+00
1.504359999999999919e+00
0.000000000000000000e+00
1.040850000000000053e+00
0.000000000000000000e+00
0.000000000000000000e+00
0.000000000000000000e+00
8.055200000000000138e-01
0.000000000000000000e+00
0.000000000000000000e+00
0.000000000000000000e+00
7.011399999999999855e-01
0.000000000000000000e+00
0.000000000000000000e+00
8.406400000000000539e-01
0.000000000000000000e+00
5.804099999999999815e-01
0.000000000000000000e+00
0.000000000000000000e+00
0.000000000000000000e+00
6.928999999999999604e-01
0.000000000000000000e+00
0.000000000000000000e+00
0.000000000000000000e+00
9.086100000000000287e-01
0.000000000000000000e+00
0.000000000000000000e+00
7.719200000000000506e-01
0.000000000000000000e+00
0.000000000000000000e+00
0.000000000000000000e+00
6.420799999999999841e-01
0.000000000000000000e+00
6.051199999999999912e-01
0.000000000000000000e+00
0.000000000000000000e+00
1.478369999999999962e+00
0.000000000000000000e+00
8.874300000000000521e-01
0.000000000000000000e+00
0.000000000000000000e+00
6.139299999999999757e-01
0.000000000000000000e+00
0.000000000000000000e+00
6.574999999999999734e-01
0.000000000000000000e+00
7.825900000000000079e-01
0.000000000000000000e+00
5.731399999999999828e-01
0.000000000000000000e+00
0.000000000000000000e+00
6.723999999999999977e-01
0.000000000000000000e+00
0.000000000000000000e+00
0.000000000000000000e+00
9.663599999999999968e-01
0.000000000000000000e+00
0.000000000000000000e+00
6.738399999999999945e-01
0.000000000000000000e+00
0.000000000000000000e+00
6.907799999999999496e-01
0.000000000000000000e+00
0.000000000000000000e+00
0.000000000000000000e+00
0.000000000000000000e+00
6.264399999999999968e-01
0.000000000000000000e+00
0.000000000000000000e+00
6.736600000000000366e-01
0.000000000000000000e+00
0.000000000000000000e+00
0.000000000000000000e+00
0.000000000000000000e+00
8.245400000000000507e-01
0.000000000000000000e+00
7.421600000000000419e-01
0.000000000000000000e+00
0.000000000000000000e+00
6.919300000000000450e-01
0.000000000000000000e+00
0.000000000000000000e+00
7.804200000000000026e-01
0.000000000000000000e+00
6.128700000000000259e-01
0.000000000000000000e+00
6.213999999999999524e-01
0.000000000000000000e+00
0.000000000000000000e+00
5.526999999999999691e-01
0.000000000000000000e+00
0.000000000000000000e+00
0.000000000000000000e+00
6.243199999999999861e-01
0.000000000000000000e+00
0.000000000000000000e+00
0.000000000000000000e+00
0.000000000000000000e+00
5.583399999999999475e-01
0.000000000000000000e+00
0.000000000000000000e+00
8.360899999999999999e-01
0.000000000000000000e+00
0.000000000000000000e+00
0.000000000000000000e+00
8.325700000000000323e-01
0.000000000000000000e+00
5.852399999999999824e-01
0.000000000000000000e+00
0.000000000000000000e+00
7.594300000000000495e-01
0.000000000000000000e+00
0.000000000000000000e+00
0.000000000000000000e+00
0.000000000000000000e+00
0.000000000000000000e+00
8.016699999999999937e-01
0.000000000000000000e+00
8.270600000000000174e-01
0.000000000000000000e+00
0.000000000000000000e+00
0.000000000000000000e+00
0.000000000000000000e+00
0.000000000000000000e+00
0.000000000000000000e+00
0.000000000000000000e+00
0.000000000000000000e+00
0.000000000000000000e+00
0.000000000000000000e+00
0.000000000000000000e+00
0.000000000000000000e+00
0.000000000000000000e+00
0.000000000000000000e+00
0.000000000000000000e+00
0.000000000000000000e+00
0.000000000000000000e+00
0.000000000000000000e+00
0.000000000000000000e+00
0.000000000000000000e+00
0.000000000000000000e+00
0.000000000000000000e+00
0.000000000000000000e+00
8.413399999999999768e-01
0.000000000000000000e+00
0.000000000000000000e+00
0.000000000000000000e+00
0.000000000000000000e+00
7.821599999999999664e-01
0.000000000000000000e+00
0.000000000000000000e+00
0.000000000000000000e+00
0.000000000000000000e+00
6.478599999999999914e-01
0.000000000000000000e+00
0.000000000000000000e+00
0.000000000000000000e+00
8.203200000000000491e-01
0.000000000000000000e+00
1.430630000000000068e+00
0.000000000000000000e+00
1.180649999999999977e+00
0.000000000000000000e+00
6.192999999999999616e-01
0.000000000000000000e+00
5.002299999999999525e-01
0.000000000000000000e+00
0.000000000000000000e+00
0.000000000000000000e+00
0.000000000000000000e+00
0.000000000000000000e+00
7.228299999999999725e-01
0.000000000000000000e+00
5.565400000000000347e-01
0.000000000000000000e+00
4.909999999999999920e-01
0.000000000000000000e+00
0.000000000000000000e+00
0.000000000000000000e+00
6.509800000000000031e-01
0.000000000000000000e+00
0.000000000000000000e+00
6.343499999999999694e-01
0.000000000000000000e+00
0.000000000000000000e+00
0.000000000000000000e+00
9.804199999999999582e-01
0.000000000000000000e+00
0.000000000000000000e+00
7.306099999999999817e-01
0.000000000000000000e+00
6.183800000000000407e-01
0.000000000000000000e+00
1.206390000000000073e+00
0.000000000000000000e+00
0.000000000000000000e+00
0.000000000000000000e+00
8.301199999999999690e-01
0.000000000000000000e+00
0.000000000000000000e+00
0.000000000000000000e+00
0.000000000000000000e+00
0.000000000000000000e+00
0.000000000000000000e+00
6.553700000000000081e-01
0.000000000000000000e+00
0.000000000000000000e+00
0.000000000000000000e+00
0.000000000000000000e+00
7.130199999999999871e-01
0.000000000000000000e+00
0.000000000000000000e+00
0.000000000000000000e+00
0.000000000000000000e+00
7.477000000000000313e-01
0.000000000000000000e+00
0.000000000000000000e+00
0.000000000000000000e+00
7.620900000000000452e-01
0.000000000000000000e+00
0.000000000000000000e+00
0.000000000000000000e+00
6.606199999999999850e-01
0.000000000000000000e+00
0.000000000000000000e+00
7.175200000000000466e-01
0.000000000000000000e+00
0.000000000000000000e+00
0.000000000000000000e+00
5.268000000000000460e-01
0.000000000000000000e+00
5.518199999999999772e-01
0.000000000000000000e+00
0.000000000000000000e+00
7.408900000000000485e-01
0.000000000000000000e+00
0.000000000000000000e+00
8.164200000000000346e-01
0.000000000000000000e+00
0.000000000000000000e+00
6.205300000000000260e-01
0.000000000000000000e+00
7.141899999999999915e-01
0.000000000000000000e+00
1.932579999999999965e+00
0.000000000000000000e+00
0.000000000000000000e+00
0.000000000000000000e+00
0.000000000000000000e+00
6.630599999999999827e-01
0.000000000000000000e+00
0.000000000000000000e+00
0.000000000000000000e+00
0.000000000000000000e+00
0.000000000000000000e+00
6.535600000000000298e-01
0.000000000000000000e+00
0.000000000000000000e+00
0.000000000000000000e+00
7.418200000000000349e-01
0.000000000000000000e+00
0.000000000000000000e+00
5.529800000000000271e-01
0.000000000000000000e+00
0.000000000000000000e+00
5.681000000000000494e-01
0.000000000000000000e+00
0.000000000000000000e+00
6.246899999999999675e-01
0.000000000000000000e+00
1.060699999999999976e+00
0.000000000000000000e+00
7.463999999999999524e-01
0.000000000000000000e+00
0.000000000000000000e+00
0.000000000000000000e+00
0.000000000000000000e+00
0.000000000000000000e+00
6.898900000000000032e-01
0.000000000000000000e+00
0.000000000000000000e+00
7.149699999999999944e-01
0.000000000000000000e+00
0.000000000000000000e+00
0.000000000000000000e+00
6.053899999999999837e-01
0.000000000000000000e+00
0.000000000000000000e+00
0.000000000000000000e+00
0.000000000000000000e+00
7.732599999999999474e-01
0.000000000000000000e+00
0.000000000000000000e+00
0.000000000000000000e+00
0.000000000000000000e+00
0.000000000000000000e+00
8.626800000000000024e-01
0.000000000000000000e+00
0.000000000000000000e+00
0.000000000000000000e+00
6.375199999999999756e-01
0.000000000000000000e+00
0.000000000000000000e+00
9.633199999999999541e-01
0.000000000000000000e+00
0.000000000000000000e+00
6.019200000000000106e-01
0.000000000000000000e+00
1.125029999999999974e+00
0.000000000000000000e+00
0.000000000000000000e+00
9.614000000000000323e-01
0.000000000000000000e+00
0.000000000000000000e+00
0.000000000000000000e+00
0.000000000000000000e+00
8.191399999999999793e-01
0.000000000000000000e+00
0.000000000000000000e+00
0.000000000000000000e+00
6.983599999999999808e-01
0.000000000000000000e+00
0.000000000000000000e+00
0.000000000000000000e+00
6.954599999999999671e-01
0.000000000000000000e+00
0.000000000000000000e+00
0.000000000000000000e+00
7.001300000000000301e-01
0.000000000000000000e+00
0.000000000000000000e+00
0.000000000000000000e+00
0.000000000000000000e+00
5.685099999999999598e-01
0.000000000000000000e+00
0.000000000000000000e+00
1.503770000000000051e+00
0.000000000000000000e+00
0.000000000000000000e+00
0.000000000000000000e+00
0.000000000000000000e+00
0.000000000000000000e+00
0.000000000000000000e+00
6.111199999999999966e-01
0.000000000000000000e+00
0.000000000000000000e+00
7.443999999999999506e-01
0.000000000000000000e+00
0.000000000000000000e+00
0.000000000000000000e+00
6.139400000000000412e-01
0.000000000000000000e+00
0.000000000000000000e+00
0.000000000000000000e+00
8.592300000000000493e-01
0.000000000000000000e+00
9.887500000000000178e-01
0.000000000000000000e+00
0.000000000000000000e+00
6.389000000000000234e-01
0.000000000000000000e+00
0.000000000000000000e+00
0.000000000000000000e+00
6.799300000000000344e-01
0.000000000000000000e+00
0.000000000000000000e+00
0.000000000000000000e+00
7.411100000000000465e-01
0.000000000000000000e+00
6.294800000000000395e-01
0.000000000000000000e+00
0.000000000000000000e+00
0.000000000000000000e+00
7.497500000000000275e-01
0.000000000000000000e+00
0.000000000000000000e+00
0.000000000000000000e+00
0.000000000000000000e+00
0.000000000000000000e+00
0.000000000000000000e+00
8.466099999999999737e-01
0.000000000000000000e+00
0.000000000000000000e+00
0.000000000000000000e+00
0.000000000000000000e+00
7.614999999999999547e-01
0.000000000000000000e+00
0.000000000000000000e+00
6.251799999999999580e-01
0.000000000000000000e+00
0.000000000000000000e+00
0.000000000000000000e+00
1.889010000000000078e+00
0.000000000000000000e+00
0.000000000000000000e+00
0.000000000000000000e+00
7.164399999999999658e-01
0.000000000000000000e+00
5.890100000000000335e-01
0.000000000000000000e+00
5.955799999999999983e-01
0.000000000000000000e+00
0.000000000000000000e+00
0.000000000000000000e+00
0.000000000000000000e+00
0.000000000000000000e+00
6.610899999999999554e-01
0.000000000000000000e+00
0.000000000000000000e+00
0.000000000000000000e+00
5.657600000000000406e-01
0.000000000000000000e+00
6.016000000000000236e-01
0.000000000000000000e+00
7.475300000000000278e-01
0.000000000000000000e+00
0.000000000000000000e+00
0.000000000000000000e+00
0.000000000000000000e+00
7.281600000000000295e-01
0.000000000000000000e+00
0.000000000000000000e+00
0.000000000000000000e+00
7.625999999999999446e-01
0.000000000000000000e+00
0.000000000000000000e+00
5.957000000000000073e-01
0.000000000000000000e+00
0.000000000000000000e+00
0.000000000000000000e+00
5.596600000000000463e-01
0.000000000000000000e+00
0.000000000000000000e+00
0.000000000000000000e+00
0.000000000000000000e+00
0.000000000000000000e+00
0.000000000000000000e+00
0.000000000000000000e+00
0.000000000000000000e+00
0.000000000000000000e+00
0.000000000000000000e+00
0.000000000000000000e+00
0.000000000000000000e+00
0.000000000000000000e+00
0.000000000000000000e+00
0.000000000000000000e+00
0.000000000000000000e+00
0.000000000000000000e+00
0.000000000000000000e+00
0.000000000000000000e+00
0.000000000000000000e+00
0.000000000000000000e+00
0.000000000000000000e+00
0.000000000000000000e+00
0.000000000000000000e+00
7.396099999999999897e-01
0.000000000000000000e+00
0.000000000000000000e+00
0.000000000000000000e+00
0.000000000000000000e+00
0.000000000000000000e+00
6.264800000000000368e-01
0.000000000000000000e+00
0.000000000000000000e+00
1.125879999999999992e+00
0.000000000000000000e+00
0.000000000000000000e+00
0.000000000000000000e+00
0.000000000000000000e+00
0.000000000000000000e+00
8.707599999999999785e-01
0.000000000000000000e+00
9.509800000000000475e-01
0.000000000000000000e+00
6.531799999999999828e-01
0.000000000000000000e+00
0.000000000000000000e+00
6.813099999999999712e-01
0.000000000000000000e+00
0.000000000000000000e+00
0.000000000000000000e+00
7.094899999999999540e-01
0.000000000000000000e+00
0.000000000000000000e+00
7.945699999999999985e-01
0.000000000000000000e+00
7.815400000000000125e-01
0.000000000000000000e+00
0.000000000000000000e+00
0.000000000000000000e+00
9.498199999999999976e-01
0.000000000000000000e+00
0.000000000000000000e+00
7.082699999999999552e-01
0.000000000000000000e+00
0.000000000000000000e+00
6.644999999999999796e-01
0.000000000000000000e+00
8.125999999999999890e-01
0.000000000000000000e+00
0.000000000000000000e+00
0.000000000000000000e+00
0.000000000000000000e+00
0.000000000000000000e+00
8.305500000000000105e-01
0.000000000000000000e+00
0.000000000000000000e+00
0.000000000000000000e+00
1.548689999999999900e+00
0.000000000000000000e+00
0.000000000000000000e+00
6.968499999999999694e-01
0.000000000000000000e+00
1.324740000000000029e+00
0.000000000000000000e+00
0.000000000000000000e+00
0.000000000000000000e+00
8.026600000000000401e-01
0.000000000000000000e+00
0.000000000000000000e+00
5.350599999999999801e-01
0.000000000000000000e+00
7.479200000000000292e-01
0.000000000000000000e+00
0.000000000000000000e+00
0.000000000000000000e+00
7.315199999999999481e-01
0.000000000000000000e+00
0.000000000000000000e+00
7.433199999999999807e-01
0.000000000000000000e+00
0.000000000000000000e+00
7.602100000000000524e-01
0.000000000000000000e+00
6.597199999999999731e-01
0.000000000000000000e+00
0.000000000000000000e+00
6.935700000000000198e-01
0.000000000000000000e+00
0.000000000000000000e+00
0.000000000000000000e+00
8.753400000000000070e-01
0.000000000000000000e+00
0.000000000000000000e+00
7.653600000000000403e-01
0.000000000000000000e+00
0.000000000000000000e+00
4.763399999999999856e-01
0.000000000000000000e+00
6.939600000000000213e-01
0.000000000000000000e+00
0.000000000000000000e+00
0.000000000000000000e+00
9.028500000000000414e-01
0.000000000000000000e+00
0.000000000000000000e+00
0.000000000000000000e+00
8.379100000000000437e-01
0.000000000000000000e+00
0.000000000000000000e+00
0.000000000000000000e+00
0.000000000000000000e+00
0.000000000000000000e+00
6.547399999999999887e-01
0.000000000000000000e+00
0.000000000000000000e+00
8.204900000000000526e-01
0.000000000000000000e+00
0.000000000000000000e+00
0.000000000000000000e+00
0.000000000000000000e+00
6.108099999999999641e-01
0.000000000000000000e+00
0.000000000000000000e+00
0.000000000000000000e+00
8.404000000000000359e-01
0.000000000000000000e+00
0.000000000000000000e+00
7.056799999999999740e-01
0.000000000000000000e+00
0.000000000000000000e+00
5.898900000000000254e-01
0.000000000000000000e+00
0.000000000000000000e+00
0.000000000000000000e+00
0.000000000000000000e+00
0.000000000000000000e+00
6.597300000000000386e-01
0.000000000000000000e+00
0.000000000000000000e+00
5.730300000000000393e-01
0.000000000000000000e+00
0.000000000000000000e+00
0.000000000000000000e+00
0.000000000000000000e+00
7.267099999999999671e-01
0.000000000000000000e+00
0.000000000000000000e+00
0.000000000000000000e+00
7.043800000000000061e-01
0.000000000000000000e+00
1.246439999999999992e+00
0.000000000000000000e+00
0.000000000000000000e+00
0.000000000000000000e+00
1.025519999999999987e+00
0.000000000000000000e+00
0.000000000000000000e+00
0.000000000000000000e+00
0.000000000000000000e+00
1.010680000000000023e+00
0.000000000000000000e+00
9.168199999999999683e-01
0.000000000000000000e+00
8.935499999999999554e-01
0.000000000000000000e+00
6.828800000000000425e-01
0.000000000000000000e+00
6.155699999999999505e-01
0.000000000000000000e+00
0.000000000000000000e+00
6.873099999999999765e-01
0.000000000000000000e+00
0.000000000000000000e+00
0.000000000000000000e+00
0.000000000000000000e+00
0.000000000000000000e+00
6.605100000000000415e-01
0.000000000000000000e+00
5.714399999999999480e-01
0.000000000000000000e+00
0.000000000000000000e+00
0.000000000000000000e+00
5.714599999999999680e-01
0.000000000000000000e+00
0.000000000000000000e+00
9.246400000000000174e-01
0.000000000000000000e+00
0.000000000000000000e+00
0.000000000000000000e+00
5.646400000000000308e-01
0.000000000000000000e+00
0.000000000000000000e+00
0.000000000000000000e+00
5.452799999999999869e-01
0.000000000000000000e+00
0.000000000000000000e+00
8.578799999999999759e-01
0.000000000000000000e+00
0.000000000000000000e+00
0.000000000000000000e+00
0.000000000000000000e+00
8.346700000000000230e-01
0.000000000000000000e+00
0.000000000000000000e+00
0.000000000000000000e+00
0.000000000000000000e+00
0.000000000000000000e+00
0.000000000000000000e+00
6.406399999999999872e-01
0.000000000000000000e+00
0.000000000000000000e+00
0.000000000000000000e+00
6.727600000000000247e-01
0.000000000000000000e+00
0.000000000000000000e+00
0.000000000000000000e+00
6.783900000000000485e-01
0.000000000000000000e+00
0.000000000000000000e+00
0.000000000000000000e+00
0.000000000000000000e+00
0.000000000000000000e+00
7.068699999999999983e-01
0.000000000000000000e+00
0.000000000000000000e+00
0.000000000000000000e+00
0.000000000000000000e+00
7.109299999999999509e-01
0.000000000000000000e+00
0.000000000000000000e+00
0.000000000000000000e+00
8.589799999999999658e-01
0.000000000000000000e+00
0.000000000000000000e+00
0.000000000000000000e+00
0.000000000000000000e+00
0.000000000000000000e+00
0.000000000000000000e+00
5.986599999999999699e-01
0.000000000000000000e+00
0.000000000000000000e+00
0.000000000000000000e+00
8.104000000000000092e-01
0.000000000000000000e+00
0.000000000000000000e+00
0.000000000000000000e+00
0.000000000000000000e+00
5.779199999999999893e-01
0.000000000000000000e+00
0.000000000000000000e+00
7.120699999999999807e-01
0.000000000000000000e+00
0.000000000000000000e+00
0.000000000000000000e+00
0.000000000000000000e+00
0.000000000000000000e+00
8.971999999999999975e-01
0.000000000000000000e+00
0.000000000000000000e+00
6.125099999999999989e-01
0.000000000000000000e+00
0.000000000000000000e+00
9.428400000000000114e-01
0.000000000000000000e+00
9.333700000000000330e-01
0.000000000000000000e+00
1.044810000000000016e+00
0.000000000000000000e+00
0.000000000000000000e+00
0.000000000000000000e+00
7.508799999999999919e-01
0.000000000000000000e+00
0.000000000000000000e+00
0.000000000000000000e+00
0.000000000000000000e+00
0.000000000000000000e+00
0.000000000000000000e+00
0.000000000000000000e+00
6.207300000000000040e-01
0.000000000000000000e+00
0.000000000000000000e+00
8.539799999999999613e-01
0.000000000000000000e+00
1.270610000000000017e+00
0.000000000000000000e+00
7.456899999999999640e-01
0.000000000000000000e+00
0.000000000000000000e+00
6.865999999999999881e-01
0.000000000000000000e+00
6.270099999999999563e-01
0.000000000000000000e+00
0.000000000000000000e+00
0.000000000000000000e+00
0.000000000000000000e+00
0.000000000000000000e+00
0.000000000000000000e+00
0.000000000000000000e+00
0.000000000000000000e+00
0.000000000000000000e+00
0.000000000000000000e+00
0.000000000000000000e+00
0.000000000000000000e+00
0.000000000000000000e+00
0.000000000000000000e+00
0.000000000000000000e+00
0.000000000000000000e+00
0.000000000000000000e+00
0.000000000000000000e+00
0.000000000000000000e+00
0.000000000000000000e+00
0.000000000000000000e+00
0.000000000000000000e+00
0.000000000000000000e+00
0.000000000000000000e+00
7.494300000000000406e-01
0.000000000000000000e+00
5.390399999999999636e-01
0.000000000000000000e+00
0.000000000000000000e+00
0.000000000000000000e+00
7.859500000000000375e-01
0.000000000000000000e+00
0.000000000000000000e+00
0.000000000000000000e+00
0.000000000000000000e+00
1.301790000000000003e+00
0.000000000000000000e+00
0.000000000000000000e+00
6.754200000000000204e-01
0.000000000000000000e+00
0.000000000000000000e+00
0.000000000000000000e+00
0.000000000000000000e+00
6.884599999999999609e-01
0.000000000000000000e+00
7.700000000000000178e-01
0.000000000000000000e+00
7.426300000000000123e-01
0.000000000000000000e+00
0.000000000000000000e+00
7.378599999999999604e-01
0.000000000000000000e+00
6.935200000000000253e-01
0.000000000000000000e+00
0.000000000000000000e+00
9.589900000000000091e-01
0.000000000000000000e+00
8.199600000000000222e-01
0.000000000000000000e+00
0.000000000000000000e+00
8.471300000000000496e-01
0.000000000000000000e+00
0.000000000000000000e+00
1.009460000000000024e+00
0.000000000000000000e+00
0.000000000000000000e+00
0.000000000000000000e+00
0.000000000000000000e+00
7.903599999999999515e-01
0.000000000000000000e+00
0.000000000000000000e+00
9.485799999999999788e-01
0.000000000000000000e+00
0.000000000000000000e+00
0.000000000000000000e+00
9.295499999999999874e-01
0.000000000000000000e+00
0.000000000000000000e+00
7.155599999999999739e-01
0.000000000000000000e+00
9.200800000000000090e-01
0.000000000000000000e+00
0.000000000000000000e+00
0.000000000000000000e+00
5.315699999999999870e-01
0.000000000000000000e+00
0.000000000000000000e+00
0.000000000000000000e+00
7.953099999999999614e-01
0.000000000000000000e+00
1.176250000000000018e+00
0.000000000000000000e+00
0.000000000000000000e+00
8.927599999999999980e-01
0.000000000000000000e+00
0.000000000000000000e+00
0.000000000000000000e+00
7.331900000000000084e-01
0.000000000000000000e+00
0.000000000000000000e+00
1.033970000000000056e+00
0.000000000000000000e+00
8.775800000000000267e-01
0.000000000000000000e+00
0.000000000000000000e+00
0.000000000000000000e+00
0.000000000000000000e+00
0.000000000000000000e+00
6.300700000000000189e-01
0.000000000000000000e+00
0.000000000000000000e+00
0.000000000000000000e+00
0.000000000000000000e+00
6.636199999999999877e-01
0.000000000000000000e+00
0.000000000000000000e+00
6.268799999999999928e-01
0.000000000000000000e+00
0.000000000000000000e+00
6.911599999999999966e-01
0.000000000000000000e+00
0.000000000000000000e+00
0.000000000000000000e+00
7.477200000000000513e-01
0.000000000000000000e+00
1.036799999999999944e+00
0.000000000000000000e+00
0.000000000000000000e+00
6.837600000000000344e-01
0.000000000000000000e+00
0.000000000000000000e+00
0.000000000000000000e+00
8.600999999999999757e-01
0.000000000000000000e+00
7.449200000000000266e-01
0.000000000000000000e+00
6.297700000000000520e-01
0.000000000000000000e+00
7.793999999999999817e-01
0.000000000000000000e+00
0.000000000000000000e+00
0.000000000000000000e+00
0.000000000000000000e+00
0.000000000000000000e+00
8.583199999999999719e-01
0.000000000000000000e+00
0.000000000000000000e+00
0.000000000000000000e+00
5.830600000000000227e-01
0.000000000000000000e+00
0.000000000000000000e+00
0.000000000000000000e+00
0.000000000000000000e+00
6.303400000000000114e-01
0.000000000000000000e+00
0.000000000000000000e+00
0.000000000000000000e+00
1.014669999999999961e+00
0.000000000000000000e+00
0.000000000000000000e+00
9.498400000000000176e-01
0.000000000000000000e+00
8.703699999999999770e-01
0.000000000000000000e+00
0.000000000000000000e+00
7.035099999999999687e-01
0.000000000000000000e+00
5.973000000000000531e-01
0.000000000000000000e+00
0.000000000000000000e+00
0.000000000000000000e+00
1.148279999999999967e+00
0.000000000000000000e+00
0.000000000000000000e+00
0.000000000000000000e+00
0.000000000000000000e+00
1.095550000000000024e+00
0.000000000000000000e+00
0.000000000000000000e+00
0.000000000000000000e+00
0.000000000000000000e+00
6.074500000000000455e-01
0.000000000000000000e+00
0.000000000000000000e+00
0.000000000000000000e+00
0.000000000000000000e+00
0.000000000000000000e+00
7.377299999999999969e-01
0.000000000000000000e+00
7.431100000000000483e-01
0.000000000000000000e+00
1.005589999999999984e+00
0.000000000000000000e+00
0.000000000000000000e+00
5.859799999999999454e-01
0.000000000000000000e+00
0.000000000000000000e+00
0.000000000000000000e+00
7.840000000000000302e-01
0.000000000000000000e+00
6.142100000000000337e-01
0.000000000000000000e+00
0.000000000000000000e+00
0.000000000000000000e+00
5.606799999999999562e-01
0.000000000000000000e+00
0.000000000000000000e+00
1.020650000000000057e+00
0.000000000000000000e+00
0.000000000000000000e+00
0.000000000000000000e+00
7.065599999999999659e-01
0.000000000000000000e+00
6.222499999999999698e-01
0.000000000000000000e+00
9.926399999999999668e-01
0.000000000000000000e+00
9.420899999999999830e-01
0.000000000000000000e+00
0.000000000000000000e+00
0.000000000000000000e+00
0.000000000000000000e+00
6.807400000000000118e-01
0.000000000000000000e+00
7.502900000000000125e-01
0.000000000000000000e+00
6.206800000000000095e-01
0.000000000000000000e+00
0.000000000000000000e+00
0.000000000000000000e+00
5.887700000000000156e-01
0.000000000000000000e+00
0.000000000000000000e+00
0.000000000000000000e+00
0.000000000000000000e+00
0.000000000000000000e+00
5.910199999999999898e-01
0.000000000000000000e+00
0.000000000000000000e+00
0.000000000000000000e+00
0.000000000000000000e+00
7.664400000000000102e-01
0.000000000000000000e+00
0.000000000000000000e+00
6.794700000000000184e-01
0.000000000000000000e+00
9.916700000000000514e-01
0.000000000000000000e+00
0.000000000000000000e+00
0.000000000000000000e+00
6.136000000000000343e-01
0.000000000000000000e+00
7.271499999999999631e-01
0.000000000000000000e+00
0.000000000000000000e+00
1.203100000000000058e+00
0.000000000000000000e+00
0.000000000000000000e+00
0.000000000000000000e+00
0.000000000000000000e+00
0.000000000000000000e+00
0.000000000000000000e+00
7.394199999999999662e-01
0.000000000000000000e+00
0.000000000000000000e+00
7.577099999999999946e-01
0.000000000000000000e+00
5.793899999999999606e-01
0.000000000000000000e+00
0.000000000000000000e+00
0.000000000000000000e+00
7.339900000000000313e-01
0.000000000000000000e+00
8.313000000000000389e-01
0.000000000000000000e+00
7.661200000000000232e-01
0.000000000000000000e+00
0.000000000000000000e+00
0.000000000000000000e+00
7.586000000000000520e-01
0.000000000000000000e+00
0.000000000000000000e+00
0.000000000000000000e+00
0.000000000000000000e+00
5.949200000000000044e-01
0.000000000000000000e+00
7.504399999999999959e-01
0.000000000000000000e+00
0.000000000000000000e+00
0.000000000000000000e+00
0.000000000000000000e+00
0.000000000000000000e+00
0.000000000000000000e+00
0.000000000000000000e+00
0.000000000000000000e+00
0.000000000000000000e+00
0.000000000000000000e+00
0.000000000000000000e+00
0.000000000000000000e+00
0.000000000000000000e+00
0.000000000000000000e+00
0.000000000000000000e+00
0.000000000000000000e+00
0.000000000000000000e+00
0.000000000000000000e+00
0.000000000000000000e+00
0.000000000000000000e+00
0.000000000000000000e+00
0.000000000000000000e+00
6.114800000000000235e-01
0.000000000000000000e+00
0.000000000000000000e+00
0.000000000000000000e+00
7.635399999999999965e-01
0.000000000000000000e+00
0.000000000000000000e+00
0.000000000000000000e+00
8.632199999999999873e-01
0.000000000000000000e+00
0.000000000000000000e+00
0.000000000000000000e+00
0.000000000000000000e+00
6.727400000000000047e-01
0.000000000000000000e+00
0.000000000000000000e+00
0.000000000000000000e+00
6.449899999999999523e-01
0.000000000000000000e+00
9.001299999999999857e-01
0.000000000000000000e+00
0.000000000000000000e+00
0.000000000000000000e+00
5.492299999999999960e-01
0.000000000000000000e+00
0.000000000000000000e+00
5.920400000000000107e-01
0.000000000000000000e+00
1.401980000000000004e+00
0.000000000000000000e+00
0.000000000000000000e+00
5.735400000000000498e-01
0.000000000000000000e+00
0.000000000000000000e+00
0.000000000000000000e+00
6.949600000000000222e-01
0.000000000000000000e+00
6.639899999999999691e-01
0.000000000000000000e+00
9.600600000000000245e-01
0.000000000000000000e+00
8.139999999999999458e-01
0.000000000000000000e+00
0.000000000000000000e+00
1.145440000000000014e+00
0.000000000000000000e+00
0.000000000000000000e+00
6.327700000000000546e-01
0.000000000000000000e+00
0.000000000000000000e+00
6.619599999999999929e-01
0.000000000000000000e+00
0.000000000000000000e+00
0.000000000000000000e+00
6.750300000000000189e-01
0.000000000000000000e+00
8.846600000000000019e-01
0.000000000000000000e+00
0.000000000000000000e+00
0.000000000000000000e+00
7.097299999999999720e-01
0.000000000000000000e+00
0.000000000000000000e+00
0.000000000000000000e+00
0.000000000000000000e+00
8.342000000000000526e-01
0.000000000000000000e+00
6.016299999999999981e-01
0.000000000000000000e+00
0.000000000000000000e+00
0.000000000000000000e+00
7.427399999999999558e-01
0.000000000000000000e+00
0.000000000000000000e+00
6.780899999999999705e-01
0.000000000000000000e+00
0.000000000000000000e+00
0.000000000000000000e+00
0.000000000000000000e+00
0.000000000000000000e+00
5.886700000000000266e-01
0.000000000000000000e+00
8.618299999999999850e-01
0.000000000000000000e+00
0.000000000000000000e+00
0.000000000000000000e+00
1.117750000000000021e+00
0.000000000000000000e+00
0.000000000000000000e+00
0.000000000000000000e+00
0.000000000000000000e+00
7.049999999999999600e-01
0.000000000000000000e+00
0.000000000000000000e+00
1.049360000000000070e+00
0.000000000000000000e+00
0.000000000000000000e+00
5.534000000000000030e-01
0.000000000000000000e+00
0.000000000000000000e+00
0.000000000000000000e+00
5.848999999999999755e-01
0.000000000000000000e+00
0.000000000000000000e+00
8.388499999999999845e-01
0.000000000000000000e+00
0.000000000000000000e+00
5.644599999999999618e-01
0.000000000000000000e+00
0.000000000000000000e+00
0.000000000000000000e+00
8.275400000000000533e-01
0.000000000000000000e+00
8.469100000000000517e-01
0.000000000000000000e+00
7.663999999999999702e-01
0.000000000000000000e+00
0.000000000000000000e+00
0.000000000000000000e+00
0.000000000000000000e+00
6.431599999999999540e-01
0.000000000000000000e+00
0.000000000000000000e+00
7.107799999999999674e-01
0.000000000000000000e+00
0.000000000000000000e+00
0.000000000000000000e+00
5.330099999999999838e-01
0.000000000000000000e+00
0.000000000000000000e+00
0.000000000000000000e+00
7.743700000000000028e-01
0.000000000000000000e+00
7.102399999999999824e-01
0.000000000000000000e+00
0.000000000000000000e+00
0.000000000000000000e+00
0.000000000000000000e+00
7.019800000000000484e-01
0.000000000000000000e+00
0.000000000000000000e+00
7.897300000000000431e-01
0.000000000000000000e+00
0.000000000000000000e+00
6.769300000000000317e-01
0.000000000000000000e+00
0.000000000000000000e+00
0.000000000000000000e+00
6.701899999999999524e-01
0.000000000000000000e+00
0.000000000000000000e+00
7.701099999999999612e-01
0.000000000000000000e+00
7.346899999999999542e-01
0.000000000000000000e+00
0.000000000000000000e+00
0.000000000000000000e+00
8.178100000000000369e-01
0.000000000000000000e+00
0.000000000000000000e+00
8.018100000000000227e-01
0.000000000000000000e+00
0.000000000000000000e+00
0.000000000000000000e+00
6.099099999999999522e-01
0.000000000000000000e+00
0.000000000000000000e+00
0.000000000000000000e+00
7.587599999999999900e-01
0.000000000000000000e+00
0.000000000000000000e+00
6.569800000000000084e-01
0.000000000000000000e+00
0.000000000000000000e+00
0.000000000000000000e+00
0.000000000000000000e+00
0.000000000000000000e+00
0.000000000000000000e+00
0.000000000000000000e+00
5.809800000000000519e-01
0.000000000000000000e+00
0.000000000000000000e+00
0.000000000000000000e+00
5.410700000000000509e-01
0.000000000000000000e+00
0.000000000000000000e+00
0.000000000000000000e+00
0.000000000000000000e+00
0.000000000000000000e+00
7.097900000000000320e-01
0.000000000000000000e+00
0.000000000000000000e+00
6.356300000000000283e-01
0.000000000000000000e+00
9.001599999999999602e-01
0.000000000000000000e+00
0.000000000000000000e+00
6.493600000000000483e-01
0.000000000000000000e+00
0.000000000000000000e+00
0.000000000000000000e+00
0.000000000000000000e+00
0.000000000000000000e+00
8.086900000000000199e-01
0.000000000000000000e+00
0.000000000000000000e+00
0.000000000000000000e+00
0.000000000000000000e+00
7.520999999999999908e-01
0.000000000000000000e+00
6.339200000000000390e-01
0.000000000000000000e+00
0.000000000000000000e+00
0.000000000000000000e+00
0.000000000000000000e+00
5.432500000000000107e-01
0.000000000000000000e+00
0.000000000000000000e+00
0.000000000000000000e+00
0.000000000000000000e+00
0.000000000000000000e+00
5.286199999999999788e-01
0.000000000000000000e+00
0.000000000000000000e+00
8.824100000000000277e-01
0.000000000000000000e+00
0.000000000000000000e+00
7.707000000000000517e-01
0.000000000000000000e+00
0.000000000000000000e+00
5.627699999999999925e-01
0.000000000000000000e+00
0.000000000000000000e+00
6.987600000000000477e-01
0.000000000000000000e+00
0.000000000000000000e+00
0.000000000000000000e+00
5.952800000000000313e-01
0.000000000000000000e+00
0.000000000000000000e+00
5.964399999999999702e-01
0.000000000000000000e+00
7.916199999999999903e-01
0.000000000000000000e+00
0.000000000000000000e+00
6.245000000000000551e-01
0.000000000000000000e+00
0.000000000000000000e+00
8.373500000000000387e-01
0.000000000000000000e+00
0.000000000000000000e+00
7.499900000000000455e-01
0.000000000000000000e+00
0.000000000000000000e+00
0.000000000000000000e+00
6.366800000000000237e-01
0.000000000000000000e+00
0.000000000000000000e+00
0.000000000000000000e+00
6.473400000000000265e-01
0.000000000000000000e+00
7.258299999999999752e-01
0.000000000000000000e+00
0.000000000000000000e+00
7.231300000000000505e-01
0.000000000000000000e+00
0.000000000000000000e+00
7.433600000000000207e-01
0.000000000000000000e+00
0.000000000000000000e+00
0.000000000000000000e+00
0.000000000000000000e+00
0.000000000000000000e+00
8.309900000000000064e-01
0.000000000000000000e+00
0.000000000000000000e+00
7.180699999999999861e-01
0.000000000000000000e+00
0.000000000000000000e+00
0.000000000000000000e+00
0.000000000000000000e+00
0.000000000000000000e+00
0.000000000000000000e+00
0.000000000000000000e+00
0.000000000000000000e+00
0.000000000000000000e+00
0.000000000000000000e+00
0.000000000000000000e+00
0.000000000000000000e+00
0.000000000000000000e+00
0.000000000000000000e+00
0.000000000000000000e+00
0.000000000000000000e+00
0.000000000000000000e+00
0.000000000000000000e+00
0.000000000000000000e+00
0.000000000000000000e+00
0.000000000000000000e+00
0.000000000000000000e+00
7.370799999999999574e-01
0.000000000000000000e+00
0.000000000000000000e+00
1.183720000000000105e+00
0.000000000000000000e+00
0.000000000000000000e+00
8.417700000000000182e-01
0.000000000000000000e+00
0.000000000000000000e+00
9.930499999999999883e-01
0.000000000000000000e+00
6.635699999999999932e-01
0.000000000000000000e+00
9.921299999999999564e-01
0.000000000000000000e+00
0.000000000000000000e+00
1.205119999999999969e+00
0.000000000000000000e+00
8.170500000000000540e-01
0.000000000000000000e+00
0.000000000000000000e+00
8.224799999999999889e-01
0.000000000000000000e+00
0.000000000000000000e+00
6.637499999999999512e-01
0.000000000000000000e+00
0.000000000000000000e+00
6.629899999999999682e-01
0.000000000000000000e+00
0.000000000000000000e+00
0.000000000000000000e+00
0.000000000000000000e+00
7.243500000000000494e-01
0.000000000000000000e+00
0.000000000000000000e+00
0.000000000000000000e+00
9.220199999999999507e-01
0.000000000000000000e+00
9.906700000000000506e-01
0.000000000000000000e+00
0.000000000000000000e+00
6.837900000000000089e-01
0.000000000000000000e+00
9.473300000000000054e-01
0.000000000000000000e+00
0.000000000000000000e+00
5.465999999999999748e-01
0.000000000000000000e+00
0.000000000000000000e+00
0.000000000000000000e+00
6.861800000000000122e-01
0.000000000000000000e+00
0.000000000000000000e+00
7.820799999999999974e-01
0.000000000000000000e+00
8.370999999999999552e-01
0.000000000000000000e+00
7.936699999999999866e-01
0.000000000000000000e+00
0.000000000000000000e+00
0.000000000000000000e+00
7.672099999999999476e-01
0.000000000000000000e+00
0.000000000000000000e+00
0.000000000000000000e+00
6.933899999999999508e-01
0.000000000000000000e+00
7.958899999999999864e-01
0.000000000000000000e+00
0.000000000000000000e+00
0.000000000000000000e+00
0.000000000000000000e+00
0.000000000000000000e+00
7.095500000000000140e-01
0.000000000000000000e+00
0.000000000000000000e+00
6.338200000000000500e-01
0.000000000000000000e+00
0.000000000000000000e+00
0.000000000000000000e+00
0.000000000000000000e+00
0.000000000000000000e+00
7.463899999999999979e-01
0.000000000000000000e+00
0.000000000000000000e+00
6.561500000000000110e-01
0.000000000000000000e+00
0.000000000000000000e+00
7.456099999999999950e-01
0.000000000000000000e+00
0.000000000000000000e+00
0.000000000000000000e+00
0.000000000000000000e+00
0.000000000000000000e+00
6.293100000000000360e-01
0.000000000000000000e+00
0.000000000000000000e+00
7.085299999999999931e-01
0.000000000000000000e+00
0.000000000000000000e+00
1.015419999999999989e+00
0.000000000000000000e+00
0.000000000000000000e+00
0.000000000000000000e+00
0.000000000000000000e+00
7.981300000000000061e-01
0.000000000000000000e+00
0.000000000000000000e+00
6.051299999999999457e-01
0.000000000000000000e+00
0.000000000000000000e+00
5.748199999999999976e-01
0.000000000000000000e+00
0.000000000000000000e+00
7.796399999999999997e-01
0.000000000000000000e+00
0.000000000000000000e+00
0.000000000000000000e+00
0.000000000000000000e+00
0.000000000000000000e+00
0.000000000000000000e+00
0.000000000000000000e+00
7.716100000000000181e-01
0.000000000000000000e+00
0.000000000000000000e+00
6.995299999999999851e-01
0.000000000000000000e+00
8.787800000000000056e-01
0.000000000000000000e+00
0.000000000000000000e+00
1.110940000000000039e+00
0.000000000000000000e+00
0.000000000000000000e+00
0.000000000000000000e+00
0.000000000000000000e+00
8.167999999999999705e-01
0.000000000000000000e+00
0.000000000000000000e+00
0.000000000000000000e+00
5.858499999999999819e-01
0.000000000000000000e+00
5.713799999999999990e-01
0.000000000000000000e+00
0.000000000000000000e+00
6.053300000000000347e-01
0.000000000000000000e+00
0.000000000000000000e+00
5.923699999999999521e-01
0.000000000000000000e+00
0.000000000000000000e+00
0.000000000000000000e+00
8.046100000000000474e-01
0.000000000000000000e+00
6.712700000000000333e-01
0.000000000000000000e+00
1.168779999999999930e+00
0.000000000000000000e+00
0.000000000000000000e+00
0.000000000000000000e+00
6.497100000000000097e-01
0.000000000000000000e+00
7.923799999999999732e-01
0.000000000000000000e+00
7.805600000000000316e-01
0.000000000000000000e+00
0.000000000000000000e+00
6.317500000000000338e-01
0.000000000000000000e+00
0.000000000000000000e+00
0.000000000000000000e+00
7.353800000000000336e-01
0.000000000000000000e+00
0.000000000000000000e+00
0.000000000000000000e+00
5.838600000000000456e-01
0.000000000000000000e+00
0.000000000000000000e+00
6.354899999999999993e-01
0.000000000000000000e+00
0.000000000000000000e+00
1.153469999999999995e+00
0.000000000000000000e+00
0.000000000000000000e+00
8.898599999999999843e-01
0.000000000000000000e+00
8.859299999999999953e-01
0.000000000000000000e+00
0.000000000000000000e+00
7.117999999999999883e-01
0.000000000000000000e+00
0.000000000000000000e+00
0.000000000000000000e+00
7.427899999999999503e-01
0.000000000000000000e+00
0.000000000000000000e+00
9.995600000000000041e-01
0.000000000000000000e+00
0.000000000000000000e+00
0.000000000000000000e+00
7.094799999999999995e-01
0.000000000000000000e+00
7.393300000000000427e-01
0.000000000000000000e+00
0.000000000000000000e+00
0.000000000000000000e+00
0.000000000000000000e+00
0.000000000000000000e+00
7.343199999999999728e-01
0.000000000000000000e+00
0.000000000000000000e+00
0.000000000000000000e+00
9.583300000000000152e-01
0.000000000000000000e+00
0.000000000000000000e+00
6.656900000000000039e-01
0.000000000000000000e+00
0.000000000000000000e+00
0.000000000000000000e+00
0.000000000000000000e+00
9.614599999999999813e-01
0.000000000000000000e+00
9.715700000000000447e-01
0.000000000000000000e+00
0.000000000000000000e+00
0.000000000000000000e+00
0.000000000000000000e+00
6.929699999999999749e-01
0.000000000000000000e+00
0.000000000000000000e+00
0.000000000000000000e+00
7.540900000000000380e-01
0.000000000000000000e+00
7.270499999999999741e-01
0.000000000000000000e+00
0.000000000000000000e+00
0.000000000000000000e+00
7.184099999999999930e-01
0.000000000000000000e+00
0.000000000000000000e+00
0.000000000000000000e+00
0.000000000000000000e+00
0.000000000000000000e+00
0.000000000000000000e+00
1.026250000000000107e+00
0.000000000000000000e+00
0.000000000000000000e+00
0.000000000000000000e+00
7.043099999999999916e-01
0.000000000000000000e+00
0.000000000000000000e+00
0.000000000000000000e+00
6.301700000000000079e-01
0.000000000000000000e+00
0.000000000000000000e+00
6.466199999999999726e-01
0.000000000000000000e+00
6.976200000000000179e-01
0.000000000000000000e+00
0.000000000000000000e+00
0.000000000000000000e+00
0.000000000000000000e+00
0.000000000000000000e+00
0.000000000000000000e+00
5.520399999999999752e-01
0.000000000000000000e+00
0.000000000000000000e+00
0.000000000000000000e+00
0.000000000000000000e+00
0.000000000000000000e+00
7.231400000000000050e-01
0.000000000000000000e+00
0.000000000000000000e+00
0.000000000000000000e+00
0.000000000000000000e+00
0.000000000000000000e+00
7.363899999999999890e-01
0.000000000000000000e+00
0.000000000000000000e+00
0.000000000000000000e+00
0.000000000000000000e+00
0.000000000000000000e+00
0.000000000000000000e+00
0.000000000000000000e+00
0.000000000000000000e+00
0.000000000000000000e+00
0.000000000000000000e+00
0.000000000000000000e+00
