0.000000000000000000e+00
0.000000000000000000e+00
0.000000000000000000e+00
0.000000000000000000e+00
0.000000000000000000e+00
0.000000000000000000e+00
0.000000000000000000e+00
0.000000000000000000e+00
0.000000000000000000e+00
0.000000000000000000e+00
6.229500000000000037e-01
0.000000000000000000e+00
1.005209999999999937e+00
0.000000000000000000e+00
0.000000000000000000e+00
9.075800000000000534e-01
0.000000000000000000e+00
0.000000000000000000e+00
4.267799999999999927e-01
0.000000000000000000e+00
1.075890000000000013e+00
0.000000000000000000e+00
0.000000000000000000e+00
0.000000000000000000e+00
1.100000000000000039e-04
0.000000000000000000e+00
0.000000000000000000e+00
0.000000000000000000e+00
1.150449999999999973e+00
0.000000000000000000e+00
0.000000000000000000e+00
1.017740000000000089e+00
0.000000000000000000e+00
0.000000000000000000e+00
0.000000000000000000e+00
4.178000000000000047e-01
0.000000000000000000e+00
1.300440000000000040e+00
0.000000000000000000e+00
0.000000000000000000e+00
9.209399999999999809e-01
0.000000000000000000e+00
7.414899999999999824e-01
0.000000000000000000e+00
9.324799999999999756e-01
0.000000000000000000e+00
0.000000000000000000e+00
0.000000000000000000e+00
0.000000000000000000e+00
7.441900000000000182e-01
0.000000000000000000e+00
0.000000000000000000e+00
0.000000000000000000e+00
6.772399999999999531e-01
0.000000000000000000e+00
1.186430000000000096e+00
0.000000000000000000e+00
0.000000000000000000e+00
9.872499999999999609e-01
0.000000000000000000e+00
0.000000000000000000e+00
0.000000000000000000e+00
8.033299999999999885e-01
0.000000000000000000e+00
0.000000000000000000e+00
0.000000000000000000e+00
7.117499999999999938e-01
0.000000000000000000e+00
0.000000000000000000e+00
0.000000000000000000e+00
0.000000000000000000e+00
0.000000000000000000e+00
0.000000000000000000e+00
1.079620000000000024e+00
0.000000000000000000e+00
0.000000000000000000e+00
0.000000000000000000e+00
5.858100000000000529e-01
0.000000000000000000e+00
0.000000000000000000e+00
0.000000000000000000e+00
8.307900000000000285e-01
0.000000000000000000e+00
0.000000000000000000e+00
1.078209999999999891e+00
0.000000000000000000e+00
1.024629999999999930e+00
0.000000000000000000e+00
0.000000000000000000e+00
0.000000000000000000e+00
7.842700000000000227e-01
0.000000000000000000e+00
0.000000000000000000e+00
0.000000000000000000e+00
0.000000000000000000e+00
7.813400000000000345e-01
0.000000000000000000e+00
0.000000000000000000e+00
0.000000000000000000e+00
0.000000000000000000e+00
0.000000000000000000e+00
7.103000000000000425e-01
0.000000000000000000e+00
0.000000000000000000e+00
0.000000000000000000e+00
0.000000000000000000e+00
8.855199999999999738e-01
0.000000000000000000e+00
0.000000000000000000e+00
0.000000000000000000e+00
0.000000000000000000e+00
9.826700000000000434e-01
0.000000000000000000e+00
7.692499999999999893e-01
0.000000000000000000e+00
7.171600000000000197e-01
0.000000000000000000e+00
0.000000000000000000e+00
0.000000000000000000e+00
1.244189999999999907e+00
0.000000000000000000e+00
0.000000000000000000e+00
7.921500000000000208e-01
0.000000000000000000e+00
0.000000000000000000e+00
0.000000000000000000e+00
1.086670000000000025e+00
0.000000000000000000e+00
0.000000000000000000e+00
1.162949999999999928e+00
0.000000000000000000e+00
0.000000000000000000e+00
0.000000000000000000e+00
1.632109999999999950e+00
0.000000000000000000e+00
0.000000000000000000e+00
8.347900000000000320e-01
0.000000000000000000e+00
0.000000000000000000e+00
0.000000000000000000e+00
7.194899999999999629e-01
0.000000000000000000e+00
0.000000000000000000e+00
0.000000000000000000e+00
0.000000000000000000e+00
7.902700000000000280e-01
0.000000000000000000e+00
0.000000000000000000e+00
0.000000000000000000e+00
7.798500000000000432e-01
0.000000000000000000e+00
0.000000000000000000e+00
0.000000000000000000e+00
1.134540000000000104e+00
0.000000000000000000e+00
0.000000000000000000e+00
0.000000000000000000e+00
0.000000000000000000e+00
7.792200000000000237e-01
0.000000000000000000e+00
0.000000000000000000e+00
8.005499999999999838e-01
0.000000000000000000e+00
0.000000000000000000e+00
0.000000000000000000e+00
0.000000000000000000e+00
1.468159999999999910e+00
0.000000000000000000e+00
0.000000000000000000e+00
0.000000000000000000e+00
7.632100000000000550e-01
0.000000000000000000e+00
7.286099999999999799e-01
0.000000000000000000e+00
0.000000000000000000e+00
0.000000000000000000e+00
1.523200000000000109e+00
0.000000000000000000e+00
0.000000000000000000e+00
7.099299999999999500e-01
0.000000000000000000e+00
0.000000000000000000e+00
1.272880000000000011e+00
0.000000000000000000e+00
0.000000000000000000e+00
1.175170000000000048e+00
0.000000000000000000e+00
0.000000000000000000e+00
0.000000000000000000e+00
1.935149999999999926e+00
0.000000000000000000e+00
0.000000000000000000e+00
0.000000000000000000e+00
1.100000000000000039e-04
0.000000000000000000e+00
0.000000000000000000e+00
0.000000000000000000e+00
0.000000000000000000e+00
1.723190000000000000e+00
0.000000000000000000e+00
1.469230000000000036e+00
0.000000000000000000e+00
0.000000000000000000e+00
1.477079999999999949e+00
0.000000000000000000e+00
8.981500000000000039e-01
0.000000000000000000e+00
0.000000000000000000e+00
0.000000000000000000e+00
0.000000000000000000e+00
0.000000000000000000e+00
0.000000000000000000e+00
1.173419999999999908e+00
0.000000000000000000e+00
0.000000000000000000e+00
0.000000000000000000e+00
0.000000000000000000e+00
7.148700000000000054e-01
0.000000000000000000e+00
0.000000000000000000e+00
0.000000000000000000e+00
0.000000000000000000e+00
4.417300000000000115e-01
0.000000000000000000e+00
0.000000000000000000e+00
0.000000000000000000e+00
4.207000000000000184e-01
0.000000000000000000e+00
0.000000000000000000e+00
8.926300000000000345e-01
0.000000000000000000e+00
1.142579999999999929e+00
0.000000000000000000e+00
0.000000000000000000e+00
0.000000000000000000e+00
0.000000000000000000e+00
0.000000000000000000e+00
0.000000000000000000e+00
0.000000000000000000e+00
1.467319999999999958e+00
0.000000000000000000e+00
0.000000000000000000e+00
1.626209999999999933e+00
0.000000000000000000e+00
0.000000000000000000e+00
8.264599999999999724e-01
0.000000000000000000e+00
0.000000000000000000e+00
6.841599999999999904e-01
0.000000000000000000e+00
6.949899999999999967e-01
0.000000000000000000e+00
0.000000000000000000e+00
0.000000000000000000e+00
1.170460000000000056e+00
0.000000000000000000e+00
0.000000000000000000e+00
0.000000000000000000e+00
0.000000000000000000e+00
1.263840000000000074e+00
0.000000000000000000e+00
0.000000000000000000e+00
0.000000000000000000e+00
8.227200000000000069e-01
0.000000000000000000e+00
0.000000000000000000e+00
1.300079999999999902e+00
0.000000000000000000e+00
0.000000000000000000e+00
9.197999999999999510e-01
0.000000000000000000e+00
0.000000000000000000e+00
8.617899999999999450e-01
0.000000000000000000e+00
0.000000000000000000e+00
0.000000000000000000e+00
0.000000000000000000e+00
7.576699999999999546e-01
0.000000000000000000e+00
0.000000000000000000e+00
1.007849999999999913e+00
0.000000000000000000e+00
0.000000000000000000e+00
0.000000000000000000e+00
8.321199999999999708e-01
0.000000000000000000e+00
0.000000000000000000e+00
6.032399999999999984e-01
0.000000000000000000e+00
0.000000000000000000e+00
0.000000000000000000e+00
0.000000000000000000e+00
4.686899999999999955e-01
0.000000000000000000e+00
0.000000000000000000e+00
0.000000000000000000e+00
0.000000000000000000e+00
0.000000000000000000e+00
9.667999999999999927e-01
0.000000000000000000e+00
9.617999999999999883e-01
0.000000000000000000e+00
0.000000000000000000e+00
0.000000000000000000e+00
0.000000000000000000e+00
0.000000000000000000e+00
0.000000000000000000e+00
0.000000000000000000e+00
0.000000000000000000e+00
0.000000000000000000e+00
0.000000000000000000e+00
0.000000000000000000e+00
0.000000000000000000e+00
0.000000000000000000e+00
0.000000000000000000e+00
0.000000000000000000e+00
0.000000000000000000e+00
0.000000000000000000e+00
0.000000000000000000e+00
0.000000000000000000e+00
0.000000000000000000e+00
0.000000000000000000e+00
0.000000000000000000e+00
0.000000000000000000e+00
0.000000000000000000e+00
0.000000000000000000e+00
0.000000000000000000e+00
1.033870000000000067e+00
0.000000000000000000e+00
0.000000000000000000e+00
7.437700000000000422e-01
0.000000000000000000e+00
7.354199999999999626e-01
0.000000000000000000e+00
0.000000000000000000e+00
0.000000000000000000e+00
0.000000000000000000e+00
6.313400000000000123e-01
0.000000000000000000e+00
8.537099999999999689e-01
0.000000000000000000e+00
0.000000000000000000e+00
1.008529999999999927e+00
0.000000000000000000e+00
0.000000000000000000e+00
0.000000000000000000e+00
8.815600000000000103e-01
0.000000000000000000e+00
0.000000000000000000e+00
8.335700000000000331e-01
0.000000000000000000e+00
0.000000000000000000e+00
0.000000000000000000e+00
5.976099999999999746e-01
0.000000000000000000e+00
9.195699999999999985e-01
0.000000000000000000e+00
0.000000000000000000e+00
0.000000000000000000e+00
7.511700000000000044e-01
0.000000000000000000e+00
8.054000000000000048e-01
0.000000000000000000e+00
8.191300000000000248e-01
0.000000000000000000e+00
0.000000000000000000e+00
0.000000000000000000e+00
0.000000000000000000e+00
6.956499999999999906e-01
0.000000000000000000e+00
0.000000000000000000e+00
0.000000000000000000e+00
0.000000000000000000e+00
8.115299999999999736e-01
0.000000000000000000e+00
1.158230000000000093e+00
0.000000000000000000e+00
8.616700000000000470e-01
0.000000000000000000e+00
7.591999999999999860e-01
0.000000000000000000e+00
0.000000000000000000e+00
0.000000000000000000e+00
6.776699999999999946e-01
0.000000000000000000e+00
7.317799999999999860e-01
0.000000000000000000e+00
0.000000000000000000e+00
0.000000000000000000e+00
6.640099999999999891e-01
0.000000000000000000e+00
0.000000000000000000e+00
1.159550000000000081e+00
0.000000000000000000e+00
7.311900000000000066e-01
0.000000000000000000e+00
0.000000000000000000e+00
6.995099999999999651e-01
0.000000000000000000e+00
0.000000000000000000e+00
6.807199999999999918e-01
0.000000000000000000e+00
0.000000000000000000e+00
9.186999999999999611e-01
0.000000000000000000e+00
0.000000000000000000e+00
0.000000000000000000e+00
0.000000000000000000e+00
0.000000000000000000e+00
0.000000000000000000e+00
9.146499999999999631e-01
0.000000000000000000e+00
0.000000000000000000e+00
6.763500000000000068e-01
0.000000000000000000e+00
6.874599999999999600e-01
0.000000000000000000e+00
7.483300000000000507e-01
0.000000000000000000e+00
5.998900000000000343e-01
0.000000000000000000e+00
0.000000000000000000e+00
0.000000000000000000e+00
0.000000000000000000e+00
6.573900000000000299e-01
0.000000000000000000e+00
0.000000000000000000e+00
8.392600000000000060e-01
0.000000000000000000e+00
0.000000000000000000e+00
6.109200000000000186e-01
0.000000000000000000e+00
0.000000000000000000e+00
0.000000000000000000e+00
0.000000000000000000e+00
0.000000000000000000e+00
7.180199999999999916e-01
0.000000000000000000e+00
7.411200000000000010e-01
0.000000000000000000e+00
7.332800000000000429e-01
0.000000000000000000e+00
6.408300000000000107e-01
0.000000000000000000e+00
8.747599999999999820e-01
0.000000000000000000e+00
0.000000000000000000e+00
8.450699999999999878e-01
0.000000000000000000e+00
0.000000000000000000e+00
0.000000000000000000e+00
6.986299999999999732e-01
0.000000000000000000e+00
0.000000000000000000e+00
0.000000000000000000e+00
0.000000000000000000e+00
6.989199999999999857e-01
0.000000000000000000e+00
0.000000000000000000e+00
1.182320000000000038e+00
0.000000000000000000e+00
0.000000000000000000e+00
0.000000000000000000e+00
8.169699999999999740e-01
0.000000000000000000e+00
0.000000000000000000e+00
0.000000000000000000e+00
0.000000000000000000e+00
0.000000000000000000e+00
1.365580000000000016e+00
0.000000000000000000e+00
7.772200000000000220e-01
0.000000000000000000e+00
0.000000000000000000e+00
0.000000000000000000e+00
7.076000000000000068e-01
0.000000000000000000e+00
0.000000000000000000e+00
6.911699999999999511e-01
0.000000000000000000e+00
7.331800000000000539e-01
0.000000000000000000e+00
0.000000000000000000e+00
6.948100000000000387e-01
0.000000000000000000e+00
0.000000000000000000e+00
7.565899999999999848e-01
0.000000000000000000e+00
7.702299999999999702e-01
0.000000000000000000e+00
0.000000000000000000e+00
0.000000000000000000e+00
6.551900000000000501e-01
0.000000000000000000e+00
0.000000000000000000e+00
0.000000000000000000e+00
7.578500000000000236e-01
0.000000000000000000e+00
0.000000000000000000e+00
0.000000000000000000e+00
6.955500000000000016e-01
0.000000000000000000e+00
0.000000000000000000e+00
0.000000000000000000e+00
0.000000000000000000e+00
0.000000000000000000e+00
7.276099999999999790e-01
0.000000000000000000e+00
9.141799999999999926e-01
0.000000000000000000e+00
7.090300000000000491e-01
0.000000000000000000e+00
7.518700000000000383e-01
0.000000000000000000e+00
0.000000000000000000e+00
0.000000000000000000e+00
0.000000000000000000e+00
0.000000000000000000e+00
0.000000000000000000e+00
7.341999999999999638e-01
0.000000000000000000e+00
0.000000000000000000e+00
0.000000000000000000e+00
4.152100000000000235e-01
0.000000000000000000e+00
0.000000000000000000e+00
8.856100000000000083e-01
0.000000000000000000e+00
5.767999999999999794e-01
0.000000000000000000e+00
0.000000000000000000e+00
0.000000000000000000e+00
0.000000000000000000e+00
9.701899999999999968e-01
0.000000000000000000e+00
0.000000000000000000e+00
0.000000000000000000e+00
1.139089999999999936e+00
0.000000000000000000e+00
8.531300000000000550e-01
0.000000000000000000e+00
0.000000000000000000e+00
1.390400000000000080e+00
0.000000000000000000e+00
0.000000000000000000e+00
7.211300000000000487e-01
0.000000000000000000e+00
1.576249999999999929e+00
0.000000000000000000e+00
0.000000000000000000e+00
0.000000000000000000e+00
0.000000000000000000e+00
1.166570000000000107e+00
0.000000000000000000e+00
0.000000000000000000e+00
0.000000000000000000e+00
0.000000000000000000e+00
6.290499999999999980e-01
0.000000000000000000e+00
7.369599999999999485e-01
0.000000000000000000e+00
0.000000000000000000e+00
0.000000000000000000e+00
0.000000000000000000e+00
1.138319999999999999e+00
0.000000000000000000e+00
0.000000000000000000e+00
6.121400000000000174e-01
0.000000000000000000e+00
0.000000000000000000e+00
0.000000000000000000e+00
1.121769999999999934e+00
0.000000000000000000e+00
0.000000000000000000e+00
1.252539999999999987e+00
0.000000000000000000e+00
0.000000000000000000e+00
7.559700000000000308e-01
0.000000000000000000e+00
0.000000000000000000e+00
8.661100000000000465e-01
0.000000000000000000e+00
0.000000000000000000e+00
0.000000000000000000e+00
1.257390000000000008e+00
0.000000000000000000e+00
0.000000000000000000e+00
0.000000000000000000e+00
0.000000000000000000e+00
6.657300000000000439e-01
0.000000000000000000e+00
0.000000000000000000e+00
0.000000000000000000e+00
0.000000000000000000e+00
0.000000000000000000e+00
0.000000000000000000e+00
0.000000000000000000e+00
0.000000000000000000e+00
0.000000000000000000e+00
0.000000000000000000e+00
0.000000000000000000e+00
0.000000000000000000e+00
0.000000000000000000e+00
0.000000000000000000e+00
0.000000000000000000e+00
0.000000000000000000e+00
0.000000000000000000e+00
0.000000000000000000e+00
0.000000000000000000e+00
0.000000000000000000e+00
0.000000000000000000e+00
0.000000000000000000e+00
0.000000000000000000e+00
0.000000000000000000e+00
2.318999999999999881e-02
0.000000000000000000e+00
0.000000000000000000e+00
0.000000000000000000e+00
7.207500000000000018e-01
0.000000000000000000e+00
0.000000000000000000e+00
0.000000000000000000e+00
1.174770000000000092e+00
0.000000000000000000e+00
0.000000000000000000e+00
0.000000000000000000e+00
0.000000000000000000e+00
7.822900000000000409e-01
0.000000000000000000e+00
0.000000000000000000e+00
0.000000000000000000e+00
0.000000000000000000e+00
7.340900000000000203e-01
0.000000000000000000e+00
0.000000000000000000e+00
8.548799999999999732e-01
0.000000000000000000e+00
0.000000000000000000e+00
1.512880000000000003e+00
0.000000000000000000e+00
0.000000000000000000e+00
0.000000000000000000e+00
0.000000000000000000e+00
0.000000000000000000e+00
0.000000000000000000e+00
6.016899999999999471e-01
0.000000000000000000e+00
8.982900000000000329e-01
0.000000000000000000e+00
0.000000000000000000e+00
7.734100000000000419e-01
0.000000000000000000e+00
0.000000000000000000e+00
7.446700000000000541e-01
0.000000000000000000e+00
0.000000000000000000e+00
5.790899999999999936e-01
0.000000000000000000e+00
0.000000000000000000e+00
0.000000000000000000e+00
7.501100000000000545e-01
0.000000000000000000e+00
0.000000000000000000e+00
0.000000000000000000e+00
0.000000000000000000e+00
5.905899999999999483e-01
0.000000000000000000e+00
0.000000000000000000e+00
5.479399999999999826e-01
0.000000000000000000e+00
3.954099999999999837e-01
0.000000000000000000e+00
0.000000000000000000e+00
0.000000000000000000e+00
1.072019999999999973e+00
0.000000000000000000e+00
0.000000000000000000e+00
5.723300000000000054e-01
0.000000000000000000e+00
8.229800000000000448e-01
0.000000000000000000e+00
1.226359999999999895e+00
0.000000000000000000e+00
0.000000000000000000e+00
9.182399999999999451e-01
0.000000000000000000e+00
0.000000000000000000e+00
0.000000000000000000e+00
0.000000000000000000e+00
7.829500000000000348e-01
0.000000000000000000e+00
0.000000000000000000e+00
1.233749999999999902e+00
0.000000000000000000e+00
0.000000000000000000e+00
0.000000000000000000e+00
0.000000000000000000e+00
5.695599999999999552e-01
0.000000000000000000e+00
0.000000000000000000e+00
0.000000000000000000e+00
3.329500000000000237e-01
0.000000000000000000e+00
0.000000000000000000e+00
0.000000000000000000e+00
5.788900000000000157e-01
0.000000000000000000e+00
5.304100000000000481e-01
0.000000000000000000e+00
0.000000000000000000e+00
0.000000000000000000e+00
0.000000000000000000e+00
6.603299999999999725e-01
0.000000000000000000e+00
1.186250000000000027e+00
0.000000000000000000e+00
0.000000000000000000e+00
0.000000000000000000e+00
0.000000000000000000e+00
0.000000000000000000e+00
7.086400000000000476e-01
0.000000000000000000e+00
0.000000000000000000e+00
0.000000000000000000e+00
7.525500000000000522e-01
0.000000000000000000e+00
6.400700000000000278e-01
0.000000000000000000e+00
0.000000000000000000e+00
6.203300000000000480e-01
0.000000000000000000e+00
9.495000000000000107e-01
0.000000000000000000e+00
7.441299999999999581e-01
0.000000000000000000e+00
0.000000000000000000e+00
7.034000000000000252e-01
0.000000000000000000e+00
0.000000000000000000e+00
0.000000000000000000e+00
0.000000000000000000e+00
7.476199999999999513e-01
0.000000000000000000e+00
8.457999999999999963e-01
0.000000000000000000e+00
0.000000000000000000e+00
0.000000000000000000e+00
7.406899999999999595e-01
0.000000000000000000e+00
0.000000000000000000e+00
0.000000000000000000e+00
0.000000000000000000e+00
1.700000000000000122e-04
0.000000000000000000e+00
0.000000000000000000e+00
6.656900000000000039e-01
0.000000000000000000e+00
0.000000000000000000e+00
9.076499999999999568e-01
0.000000000000000000e+00
0.000000000000000000e+00
0.000000000000000000e+00
0.000000000000000000e+00
8.270399999999999974e-01
0.000000000000000000e+00
0.000000000000000000e+00
0.000000000000000000e+00
6.521000000000000130e-01
0.000000000000000000e+00
0.000000000000000000e+00
0.000000000000000000e+00
0.000000000000000000e+00
6.394999999999999574e-01
0.000000000000000000e+00
0.000000000000000000e+00
0.000000000000000000e+00
0.000000000000000000e+00
8.468900000000000317e-01
0.000000000000000000e+00
8.564699999999999536e-01
0.000000000000000000e+00
0.000000000000000000e+00
0.000000000000000000e+00
5.909799999999999498e-01
0.000000000000000000e+00
0.000000000000000000e+00
0.000000000000000000e+00
5.925700000000000411e-01
0.000000000000000000e+00
0.000000000000000000e+00
0.000000000000000000e+00
0.000000000000000000e+00
6.801599999999999868e-01
0.000000000000000000e+00
6.624600000000000488e-01
0.000000000000000000e+00
0.000000000000000000e+00
7.093599999999999905e-01
0.000000000000000000e+00
0.000000000000000000e+00
0.000000000000000000e+00
7.644100000000000339e-01
0.000000000000000000e+00
0.000000000000000000e+00
0.000000000000000000e+00
0.000000000000000000e+00
0.000000000000000000e+00
1.031320000000000014e+00
0.000000000000000000e+00
0.000000000000000000e+00
0.000000000000000000e+00
0.000000000000000000e+00
6.201100000000000501e-01
0.000000000000000000e+00
0.000000000000000000e+00
1.144209999999999949e+00
0.000000000000000000e+00
0.000000000000000000e+00
0.000000000000000000e+00
6.962000000000000410e-01
0.000000000000000000e+00
9.767099999999999671e-01
0.000000000000000000e+00
5.853000000000000425e-01
0.000000000000000000e+00
0.000000000000000000e+00
0.000000000000000000e+00
6.334899999999999975e-01
0.000000000000000000e+00
0.000000000000000000e+00
8.588700000000000223e-01
0.000000000000000000e+00
0.000000000000000000e+00
0.000000000000000000e+00
7.074200000000000488e-01
0.000000000000000000e+00
0.000000000000000000e+00
0.000000000000000000e+00
8.614100000000000090e-01
0.000000000000000000e+00
6.568800000000000194e-01
0.000000000000000000e+00
1.929799999999999960e+00
0.000000000000000000e+00
1.025760000000000005e+00
0.000000000000000000e+00
0.000000000000000000e+00
7.870700000000000474e-01
0.000000000000000000e+00
0.000000000000000000e+00
9.027199999999999669e-01
0.000000000000000000e+00
0.000000000000000000e+00
0.000000000000000000e+00
0.000000000000000000e+00
5.635900000000000354e-01
0.000000000000000000e+00
0.000000000000000000e+00
0.000000000000000000e+00
7.788699999999999513e-01
0.000000000000000000e+00
0.000000000000000000e+00
5.661800000000000166e-01
0.000000000000000000e+00
6.905000000000000027e-01
0.000000000000000000e+00
0.000000000000000000e+00
0.000000000000000000e+00
0.000000000000000000e+00
5.929999999999999716e-01
0.000000000000000000e+00
0.000000000000000000e+00
4.053100000000000036e-01
0.000000000000000000e+00
0.000000000000000000e+00
0.000000000000000000e+00
6.936400000000000343e-01
0.000000000000000000e+00
0.000000000000000000e+00
8.387499999999999956e-01
0.000000000000000000e+00
0.000000000000000000e+00
8.763600000000000279e-01
0.000000000000000000e+00
0.000000000000000000e+00
0.000000000000000000e+00
6.582400000000000473e-01
0.000000000000000000e+00
0.000000000000000000e+00
6.737999999999999545e-01
0.000000000000000000e+00
0.000000000000000000e+00
0.000000000000000000e+00
5.912899999999999823e-01
0.000000000000000000e+00
0.000000000000000000e+00
0.000000000000000000e+00
0.000000000000000000e+00
0.000000000000000000e+00
0.000000000000000000e+00
0.000000000000000000e+00
0.000000000000000000e+00
0.000000000000000000e+00
0.000000000000000000e+00
0.000000000000000000e+00
0.000000000000000000e+00
0.000000000000000000e+00
0.000000000000000000e+00
0.000000000000000000e+00
0.000000000000000000e+00
0.000000000000000000e+00
0.000000000000000000e+00
0.000000000000000000e+00
0.000000000000000000e+00
0.000000000000000000e+00
6.837199999999999944e-01
0.000000000000000000e+00
0.000000000000000000e+00
0.000000000000000000e+00
3.973800000000000110e-01
0.000000000000000000e+00
7.944400000000000350e-01
0.000000000000000000e+00
0.000000000000000000e+00
7.206200000000000383e-01
0.000000000000000000e+00
0.000000000000000000e+00
0.000000000000000000e+00
7.936600000000000321e-01
0.000000000000000000e+00
0.000000000000000000e+00
7.485899999999999777e-01
0.000000000000000000e+00
0.000000000000000000e+00
6.284699999999999731e-01
0.000000000000000000e+00
0.000000000000000000e+00
5.771199999999999664e-01
0.000000000000000000e+00
0.000000000000000000e+00
0.000000000000000000e+00
6.522099999999999564e-01
0.000000000000000000e+00
0.000000000000000000e+00
6.731599999999999806e-01
0.000000000000000000e+00
9.534899999999999487e-01
0.000000000000000000e+00
0.000000000000000000e+00
0.000000000000000000e+00
5.861600000000000144e-01
0.000000000000000000e+00
0.000000000000000000e+00
6.325199999999999712e-01
0.000000000000000000e+00
0.000000000000000000e+00
0.000000000000000000e+00
8.775500000000000522e-01
0.000000000000000000e+00
9.766500000000000181e-01
0.000000000000000000e+00
0.000000000000000000e+00
0.000000000000000000e+00
8.471899999999999986e-01
0.000000000000000000e+00
0.000000000000000000e+00
0.000000000000000000e+00
0.000000000000000000e+00
5.575400000000000356e-01
0.000000000000000000e+00
0.000000000000000000e+00
7.495000000000000551e-01
0.000000000000000000e+00
0.000000000000000000e+00
0.000000000000000000e+00
8.086299999999999599e-01
0.000000000000000000e+00
0.000000000000000000e+00
0.000000000000000000e+00
5.529899999999999816e-01
0.000000000000000000e+00
4.441999999999999837e-01
0.000000000000000000e+00
5.633599999999999719e-01
0.000000000000000000e+00
6.182400000000000118e-01
0.000000000000000000e+00
0.000000000000000000e+00
0.000000000000000000e+00
7.768000000000000460e-01
0.000000000000000000e+00
0.000000000000000000e+00
0.000000000000000000e+00
7.315000000000000391e-01
0.000000000000000000e+00
0.000000000000000000e+00
0.000000000000000000e+00
9.819600000000000550e-01
0.000000000000000000e+00
7.681999999999999940e-01
0.000000000000000000e+00
0.000000000000000000e+00
0.000000000000000000e+00
6.341799999999999660e-01
0.000000000000000000e+00
0.000000000000000000e+00
0.000000000000000000e+00
0.000000000000000000e+00
0.000000000000000000e+00
0.000000000000000000e+00
7.619099999999999762e-01
0.000000000000000000e+00
5.410399999999999654e-01
0.000000000000000000e+00
6.680700000000000527e-01
0.000000000000000000e+00
6.695200000000000040e-01
0.000000000000000000e+00
0.000000000000000000e+00
0.000000000000000000e+00
0.000000000000000000e+00
6.911199999999999566e-01
0.000000000000000000e+00
0.000000000000000000e+00
9.612899999999999778e-01
0.000000000000000000e+00
7.514399999999999968e-01
0.000000000000000000e+00
9.550199999999999800e-01
0.000000000000000000e+00
0.000000000000000000e+00
0.000000000000000000e+00
7.110999999999999543e-01
0.000000000000000000e+00
0.000000000000000000e+00
8.092300000000000049e-01
0.000000000000000000e+00
0.000000000000000000e+00
1.053180000000000005e+00
0.000000000000000000e+00
0.000000000000000000e+00
6.933899999999999508e-01
0.000000000000000000e+00
6.649699999999999500e-01
0.000000000000000000e+00
0.000000000000000000e+00
6.242100000000000426e-01
0.000000000000000000e+00
0.000000000000000000e+00
0.000000000000000000e+00
7.998399999999999954e-01
0.000000000000000000e+00
6.699500000000000455e-01
0.000000000000000000e+00
0.000000000000000000e+00
5.683099999999999818e-01
0.000000000000000000e+00
0.000000000000000000e+00
7.021699999999999608e-01
0.000000000000000000e+00
0.000000000000000000e+00
7.203899999999999748e-01
0.000000000000000000e+00
6.149999999999999911e-01
0.000000000000000000e+00
0.000000000000000000e+00
0.000000000000000000e+00
0.000000000000000000e+00
6.471999999999999975e-01
0.000000000000000000e+00
0.000000000000000000e+00
0.000000000000000000e+00
0.000000000000000000e+00
0.000000000000000000e+00
7.095200000000000395e-01
0.000000000000000000e+00
0.000000000000000000e+00
0.000000000000000000e+00
9.630900000000000016e-01
0.000000000000000000e+00
0.000000000000000000e+00
0.000000000000000000e+00
0.000000000000000000e+00
0.000000000000000000e+00
8.231500000000000483e-01
0.000000000000000000e+00
0.000000000000000000e+00
7.667599999999999971e-01
0.000000000000000000e+00
7.153500000000000414e-01
0.000000000000000000e+00
0.000000000000000000e+00
0.000000000000000000e+00
0.000000000000000000e+00
8.203799999999999981e-01
0.000000000000000000e+00
0.000000000000000000e+00
8.716599999999999904e-01
0.000000000000000000e+00
7.937199999999999811e-01
0.000000000000000000e+00
5.563000000000000167e-01
0.000000000000000000e+00
0.000000000000000000e+00
1.132439999999999891e+00
0.000000000000000000e+00
0.000000000000000000e+00
6.617899999999999894e-01
0.000000000000000000e+00
0.000000000000000000e+00
0.000000000000000000e+00
6.030799999999999494e-01
0.000000000000000000e+00
7.629599999999999715e-01
0.000000000000000000e+00
0.000000000000000000e+00
7.433199999999999807e-01
0.000000000000000000e+00
0.000000000000000000e+00
0.000000000000000000e+00
6.164600000000000080e-01
0.000000000000000000e+00
0.000000000000000000e+00
0.000000000000000000e+00
0.000000000000000000e+00
6.643000000000000016e-01
0.000000000000000000e+00
6.813000000000000167e-01
0.000000000000000000e+00
0.000000000000000000e+00
0.000000000000000000e+00
5.988700000000000134e-01
0.000000000000000000e+00
0.000000000000000000e+00
1.175189999999999957e+00
0.000000000000000000e+00
0.000000000000000000e+00
0.000000000000000000e+00
8.676899999999999613e-01
0.000000000000000000e+00
0.000000000000000000e+00
0.000000000000000000e+00
7.083700000000000552e-01
0.000000000000000000e+00
1.929950000000000054e+00
0.000000000000000000e+00
0.000000000000000000e+00
1.375909999999999966e+00
0.000000000000000000e+00
0.000000000000000000e+00
0.000000000000000000e+00
5.802699999999999525e-01
0.000000000000000000e+00
0.000000000000000000e+00
0.000000000000000000e+00
0.000000000000000000e+00
8.856399999999999828e-01
0.000000000000000000e+00
7.665499999999999536e-01
0.000000000000000000e+00
6.845999999999999863e-01
0.000000000000000000e+00
1.154309999999999947e+00
0.000000000000000000e+00
0.000000000000000000e+00
5.816500000000000004e-01
0.000000000000000000e+00
0.000000000000000000e+00
0.000000000000000000e+00
6.582900000000000418e-01
0.000000000000000000e+00
0.000000000000000000e+00
1.169130000000000003e+00
0.000000000000000000e+00
0.000000000000000000e+00
0.000000000000000000e+00
0.000000000000000000e+00
0.000000000000000000e+00
0.000000000000000000e+00
0.000000000000000000e+00
0.000000000000000000e+00
0.000000000000000000e+00
0.000000000000000000e+00
0.000000000000000000e+00
0.000000000000000000e+00
0.000000000000000000e+00
0.000000000000000000e+00
0.000000000000000000e+00
0.000000000000000000e+00
0.000000000000000000e+00
0.000000000000000000e+00
0.000000000000000000e+00
0.000000000000000000e+00
0.000000000000000000e+00
7.888199999999999656e-01
0.000000000000000000e+00
0.000000000000000000e+00
0.000000000000000000e+00
0.000000000000000000e+00
5.795700000000000296e-01
0.000000000000000000e+00
6.646699999999999831e-01
0.000000000000000000e+00
0.000000000000000000e+00
0.000000000000000000e+00
0.000000000000000000e+00
5.564000000000000057e-01
0.000000000000000000e+00
9.275799999999999601e-01
0.000000000000000000e+00
0.000000000000000000e+00
0.000000000000000000e+00
6.635900000000000132e-01
0.000000000000000000e+00
0.000000000000000000e+00
0.000000000000000000e+00
7.606899999999999773e-01
0.000000000000000000e+00
0.000000000000000000e+00
0.000000000000000000e+00
0.000000000000000000e+00
0.000000000000000000e+00
7.187200000000000255e-01
0.000000000000000000e+00
0.000000000000000000e+00
8.156799999999999606e-01
0.000000000000000000e+00
0.000000000000000000e+00
0.000000000000000000e+00
0.000000000000000000e+00
1.180500000000000105e+00
0.000000000000000000e+00
0.000000000000000000e+00
0.000000000000000000e+00
8.555300000000000127e-01
0.000000000000000000e+00
0.000000000000000000e+00
6.835599999999999454e-01
0.000000000000000000e+00
7.894200000000000106e-01
0.000000000000000000e+00
0.000000000000000000e+00
0.000000000000000000e+00
0.000000000000000000e+00
8.667099999999999804e-01
0.000000000000000000e+00
0.000000000000000000e+00
0.000000000000000000e+00
0.000000000000000000e+00
0.000000000000000000e+00
0.000000000000000000e+00
6.650599999999999845e-01
0.000000000000000000e+00
0.000000000000000000e+00
0.000000000000000000e+00
5.516900000000000137e-01
0.000000000000000000e+00
0.000000000000000000e+00
5.321099999999999719e-01
0.000000000000000000e+00
0.000000000000000000e+00
1.176260000000000083e+00
0.000000000000000000e+00
0.000000000000000000e+00
0.000000000000000000e+00
0.000000000000000000e+00
0.000000000000000000e+00
1.064570000000000016e+00
0.000000000000000000e+00
0.000000000000000000e+00
9.968799999999999883e-01
0.000000000000000000e+00
0.000000000000000000e+00
9.031900000000000484e-01
0.000000000000000000e+00
0.000000000000000000e+00
0.000000000000000000e+00
8.532199999999999784e-01
0.000000000000000000e+00
5.517100000000000337e-01
0.000000000000000000e+00
7.730599999999999694e-01
0.000000000000000000e+00
6.271499999999999853e-01
0.000000000000000000e+00
0.000000000000000000e+00
0.000000000000000000e+00
0.000000000000000000e+00
8.698500000000000121e-01
0.000000000000000000e+00
6.042399999999999993e-01
0.000000000000000000e+00
0.000000000000000000e+00
0.000000000000000000e+00
1.015709999999999891e+00
0.000000000000000000e+00
0.000000000000000000e+00
5.404499999999999860e-01
0.000000000000000000e+00
0.000000000000000000e+00
7.451600000000000446e-01
0.000000000000000000e+00
0.000000000000000000e+00
0.000000000000000000e+00
6.051800000000000512e-01
0.000000000000000000e+00
0.000000000000000000e+00
0.000000000000000000e+00
0.000000000000000000e+00
0.000000000000000000e+00
5.927099999999999591e-01
0.000000000000000000e+00
0.000000000000000000e+00
0.000000000000000000e+00
9.487200000000000077e-01
0.000000000000000000e+00
7.179699999999999971e-01
0.000000000000000000e+00
0.000000000000000000e+00
7.942200000000000371e-01
0.000000000000000000e+00
0.000000000000000000e+00
0.000000000000000000e+00
0.000000000000000000e+00
0.000000000000000000e+00
7.571999999999999842e-01
0.000000000000000000e+00
0.000000000000000000e+00
7.151800000000000379e-01
0.000000000000000000e+00
0.000000000000000000e+00
0.000000000000000000e+00
4.947000000000000008e-02
0.000000000000000000e+00
0.000000000000000000e+00
0.000000000000000000e+00
0.000000000000000000e+00
6.755299999999999638e-01
0.000000000000000000e+00
9.456599999999999451e-01
0.000000000000000000e+00
0.000000000000000000e+00
9.568999999999999728e-01
0.000000000000000000e+00
0.000000000000000000e+00
0.000000000000000000e+00
0.000000000000000000e+00
7.547599999999999865e-01
0.000000000000000000e+00
0.000000000000000000e+00
0.000000000000000000e+00
0.000000000000000000e+00
0.000000000000000000e+00
0.000000000000000000e+00
0.000000000000000000e+00
7.234000000000000430e-01
0.000000000000000000e+00
6.174899999999999833e-01
0.000000000000000000e+00
7.280900000000000150e-01
0.000000000000000000e+00
7.512400000000000189e-01
0.000000000000000000e+00
1.613110000000000044e+00
0.000000000000000000e+00
0.000000000000000000e+00
8.284399999999999542e-01
0.000000000000000000e+00
0.000000000000000000e+00
0.000000000000000000e+00
0.000000000000000000e+00
0.000000000000000000e+00
5.975099999999999856e-01
0.000000000000000000e+00
6.151799999999999491e-01
0.000000000000000000e+00
5.451700000000000434e-01
0.000000000000000000e+00
0.000000000000000000e+00
0.000000000000000000e+00
7.131699999999999706e-01
0.000000000000000000e+00
5.512299999999999978e-01
0.000000000000000000e+00
0.000000000000000000e+00
0.000000000000000000e+00
7.083099999999999952e-01
0.000000000000000000e+00
1.020389999999999908e+00
0.000000000000000000e+00
0.000000000000000000e+00
0.000000000000000000e+00
0.000000000000000000e+00
7.787399999999999878e-01
0.000000000000000000e+00
0.000000000000000000e+00
0.000000000000000000e+00
0.000000000000000000e+00
0.000000000000000000e+00
0.000000000000000000e+00
6.274899999999999922e-01
0.000000000000000000e+00
0.000000000000000000e+00
0.000000000000000000e+00
6.766400000000000192e-01
0.000000000000000000e+00
0.000000000000000000e+00
1.104570000000000052e+00
0.000000000000000000e+00
0.000000000000000000e+00
0.000000000000000000e+00
7.176000000000000156e-01
0.000000000000000000e+00
0.000000000000000000e+00
5.278800000000000159e-01
0.000000000000000000e+00
0.000000000000000000e+00
0.000000000000000000e+00
0.000000000000000000e+00
0.000000000000000000e+00
6.730399999999999716e-01
0.000000000000000000e+00
1.322570000000000023e+00
0.000000000000000000e+00
0.000000000000000000e+00
6.170200000000000129e-01
0.000000000000000000e+00
0.000000000000000000e+00
0.000000000000000000e+00
0.000000000000000000e+00
8.198800000000000532e-01
0.000000000000000000e+00
0.000000000000000000e+00
0.000000000000000000e+00
0.000000000000000000e+00
9.263000000000000123e-01
0.000000000000000000e+00
0.000000000000000000e+00
5.579800000000000315e-01
0.000000000000000000e+00
6.278299999999999992e-01
0.000000000000000000e+00
6.495100000000000318e-01
0.000000000000000000e+00
7.052100000000000035e-01
0.000000000000000000e+00
5.807299999999999685e-01
0.000000000000000000e+00
0.000000000000000000e+00
7.609200000000000408e-01
0.000000000000000000e+00
0.000000000000000000e+00
7.652299999999999658e-01
0.000000000000000000e+00
0.000000000000000000e+00
7.441299999999999581e-01
0.000000000000000000e+00
0.000000000000000000e+00
8.136900000000000244e-01
0.000000000000000000e+00
0.000000000000000000e+00
0.000000000000000000e+00
6.845900000000000318e-01
0.000000000000000000e+00
7.015000000000000124e-01
0.000000000000000000e+00
0.000000000000000000e+00
8.672400000000000109e-01
0.000000000000000000e+00
0.000000000000000000e+00
8.245099999999999651e-01
0.000000000000000000e+00
0.000000000000000000e+00
0.000000000000000000e+00
0.000000000000000000e+00
1.116880000000000095e+00
0.000000000000000000e+00
0.000000000000000000e+00
0.000000000000000000e+00
0.000000000000000000e+00
0.000000000000000000e+00
0.000000000000000000e+00
0.000000000000000000e+00
0.000000000000000000e+00
0.000000000000000000e+00
0.000000000000000000e+00
0.000000000000000000e+00
0.000000000000000000e+00
0.000000000000000000e+00
0.000000000000000000e+00
0.000000000000000000e+00
0.000000000000000000e+00
0.000000000000000000e+00
0.000000000000000000e+00
0.000000000000000000e+00
0.000000000000000000e+00
0.000000000000000000e+00
0.000000000000000000e+00
0.000000000000000000e+00
7.076000000000000068e-01
0.000000000000000000e+00
0.000000000000000000e+00
6.544299999999999562e-01
0.000000000000000000e+00
0.000000000000000000e+00
7.668899999999999606e-01
0.000000000000000000e+00
0.000000000000000000e+00
0.000000000000000000e+00
6.460500000000000131e-01
0.000000000000000000e+00
0.000000000000000000e+00
0.000000000000000000e+00
0.000000000000000000e+00
8.217700000000000005e-01
0.000000000000000000e+00
0.000000000000000000e+00
5.625200000000000200e-01
0.000000000000000000e+00
0.000000000000000000e+00
0.000000000000000000e+00
6.067200000000000371e-01
0.000000000000000000e+00
0.000000000000000000e+00
0.000000000000000000e+00
6.718199999999999728e-01
0.000000000000000000e+00
0.000000000000000000e+00
6.367399999999999727e-01
0.000000000000000000e+00
5.232599999999999474e-01
0.000000000000000000e+00
6.164500000000000535e-01
0.000000000000000000e+00
0.000000000000000000e+00
0.000000000000000000e+00
5.791300000000000336e-01
0.000000000000000000e+00
7.353800000000000336e-01
0.000000000000000000e+00
0.000000000000000000e+00
0.000000000000000000e+00
0.000000000000000000e+00
5.755799999999999805e-01
0.000000000000000000e+00
0.000000000000000000e+00
0.000000000000000000e+00
0.000000000000000000e+00
6.769899999999999807e-01
0.000000000000000000e+00
0.000000000000000000e+00
6.061400000000000121e-01
0.000000000000000000e+00
7.292999999999999483e-01
0.000000000000000000e+00
6.503100000000000547e-01
0.000000000000000000e+00
0.000000000000000000e+00
0.000000000000000000e+00
0.000000000000000000e+00
7.208299999999999708e-01
0.000000000000000000e+00
0.000000000000000000e+00
8.286999999999999922e-01
0.000000000000000000e+00
0.000000000000000000e+00
7.328500000000000014e-01
0.000000000000000000e+00
0.000000000000000000e+00
1.349620000000000042e+00
0.000000000000000000e+00
0.000000000000000000e+00
6.460200000000000387e-01
0.000000000000000000e+00
0.000000000000000000e+00
7.180499999999999661e-01
0.000000000000000000e+00
0.000000000000000000e+00
0.000000000000000000e+00
0.000000000000000000e+00
0.000000000000000000e+00
0.000000000000000000e+00
7.642799999999999594e-01
0.000000000000000000e+00
0.000000000000000000e+00
0.000000000000000000e+00
0.000000000000000000e+00
6.989900000000000002e-01
0.000000000000000000e+00
0.000000000000000000e+00
0.000000000000000000e+00
6.352299999999999613e-01
0.000000000000000000e+00
0.000000000000000000e+00
7.396399999999999642e-01
0.000000000000000000e+00
6.829899999999999860e-01
0.000000000000000000e+00
0.000000000000000000e+00
6.214499999999999469e-01
0.000000000000000000e+00
0.000000000000000000e+00
1.048300000000000010e+00
0.000000000000000000e+00
0.000000000000000000e+00
0.000000000000000000e+00
0.000000000000000000e+00
0.000000000000000000e+00
7.122699999999999587e-01
0.000000000000000000e+00
6.194300000000000361e-01
0.000000000000000000e+00
6.537100000000000133e-01
0.000000000000000000e+00
6.283100000000000351e-01
0.000000000000000000e+00
0.000000000000000000e+00
6.117899999999999450e-01
0.000000000000000000e+00
0.000000000000000000e+00
5.901600000000000179e-01
0.000000000000000000e+00
0.000000000000000000e+00
6.379799999999999915e-01
0.000000000000000000e+00
0.000000000000000000e+00
0.000000000000000000e+00
0.000000000000000000e+00
8.286799999999999722e-01
0.000000000000000000e+00
0.000000000000000000e+00
0.000000000000000000e+00
7.339099999999999513e-01
0.000000000000000000e+00
6.703799999999999759e-01
0.000000000000000000e+00
0.000000000000000000e+00
0.000000000000000000e+00
8.543899999999999828e-01
0.000000000000000000e+00
6.710899999999999643e-01
0.000000000000000000e+00
0.000000000000000000e+00
0.000000000000000000e+00
7.404600000000000071e-01
0.000000000000000000e+00
1.169540000000000024e+00
0.000000000000000000e+00
0.000000000000000000e+00
0.000000000000000000e+00
0.000000000000000000e+00
0.000000000000000000e+00
6.997499999999999831e-01
0.000000000000000000e+00
7.059900000000000064e-01
0.000000000000000000e+00
0.000000000000000000e+00
0.000000000000000000e+00
1.125410000000000021e+00
0.000000000000000000e+00
6.629699999999999482e-01
0.000000000000000000e+00
0.000000000000000000e+00
0.000000000000000000e+00
0.000000000000000000e+00
0.000000000000000000e+00
0.000000000000000000e+00
5.163200000000000012e-01
0.000000000000000000e+00
0.000000000000000000e+00
0.000000000000000000e+00
6.269099999999999673e-01
0.000000000000000000e+00
0.000000000000000000e+00
0.000000000000000000e+00
5.970999999999999641e-01
0.000000000000000000e+00
0.000000000000000000e+00
6.649100000000000010e-01
0.000000000000000000e+00
0.000000000000000000e+00
6.795900000000000274e-01
0.000000000000000000e+00
1.439780000000000060e+00
0.000000000000000000e+00
0.000000000000000000e+00
5.647900000000000142e-01
0.000000000000000000e+00
0.000000000000000000e+00
0.000000000000000000e+00
0.000000000000000000e+00
5.173900000000000166e-01
0.000000000000000000e+00
5.754500000000000171e-01
0.000000000000000000e+00
0.000000000000000000e+00
0.000000000000000000e+00
0.000000000000000000e+00
5.366600000000000259e-01
0.000000000000000000e+00
0.000000000000000000e+00
0.000000000000000000e+00
7.490900000000000336e-01
0.000000000000000000e+00
6.229900000000000437e-01
0.000000000000000000e+00
0.000000000000000000e+00
0.000000000000000000e+00
0.000000000000000000e+00
7.257599999999999607e-01
0.000000000000000000e+00
0.000000000000000000e+00
0.000000000000000000e+00
0.000000000000000000e+00
0.000000000000000000e+00
6.734599999999999476e-01
0.000000000000000000e+00
0.000000000000000000e+00
0.000000000000000000e+00
0.000000000000000000e+00
5.521399999999999642e-01
0.000000000000000000e+00
0.000000000000000000e+00
5.236300000000000399e-01
0.000000000000000000e+00
8.721499999999999808e-01
0.000000000000000000e+00
0.000000000000000000e+00
7.923400000000000443e-01
0.000000000000000000e+00
0.000000000000000000e+00
5.942300000000000360e-01
0.000000000000000000e+00
0.000000000000000000e+00
0.000000000000000000e+00
0.000000000000000000e+00
6.299700000000000299e-01
0.000000000000000000e+00
6.176000000000000378e-01
0.000000000000000000e+00
0.000000000000000000e+00
6.275300000000000322e-01
0.000000000000000000e+00
0.000000000000000000e+00
1.329210000000000003e+00
0.000000000000000000e+00
0.000000000000000000e+00
0.000000000000000000e+00
7.852099999999999635e-01
0.000000000000000000e+00
7.488599999999999701e-01
0.000000000000000000e+00
0.000000000000000000e+00
6.276300000000000212e-01
0.000000000000000000e+00
6.407399999999999762e-01
0.000000000000000000e+00
6.689100000000000046e-01
0.000000000000000000e+00
6.499700000000000477e-01
0.000000000000000000e+00
0.000000000000000000e+00
0.000000000000000000e+00
0.000000000000000000e+00
5.297100000000000142e-01
0.000000000000000000e+00
0.000000000000000000e+00
1.006389999999999896e+00
0.000000000000000000e+00
0.000000000000000000e+00
0.000000000000000000e+00
0.000000000000000000e+00
0.000000000000000000e+00
0.000000000000000000e+00
0.000000000000000000e+00
0.000000000000000000e+00
0.000000000000000000e+00
0.000000000000000000e+00
0.000000000000000000e+00
0.000000000000000000e+00
0.000000000000000000e+00
