0.000000000000000000e+00
0.000000000000000000e+00
0.000000000000000000e+00
0.000000000000000000e+00
0.000000000000000000e+00
0.000000000000000000e+00
0.000000000000000000e+00
0.000000000000000000e+00
0.000000000000000000e+00
0.000000000000000000e+00
7.953000000000000069e-01
0.000000000000000000e+00
9.724199999999999511e-01
0.000000000000000000e+00
0.000000000000000000e+00
6.177799999999999958e-01
0.000000000000000000e+00
0.000000000000000000e+00
1.067639999999999922e+00
0.000000000000000000e+00
1.355220000000000091e+00
0.000000000000000000e+00
0.000000000000000000e+00
0.000000000000000000e+00
9.085199999999999942e-01
0.000000000000000000e+00
0.000000000000000000e+00
0.000000000000000000e+00
7.412999999999999590e-01
0.000000000000000000e+00
0.000000000000000000e+00
5.481899999999999551e-01
0.000000000000000000e+00
0.000000000000000000e+00
0.000000000000000000e+00
1.037230000000000096e+00
0.000000000000000000e+00
7.302199999999999802e-01
0.000000000000000000e+00
0.000000000000000000e+00
6.012199999999999767e-01
0.000000000000000000e+00
5.772599999999999953e-01
0.000000000000000000e+00
7.243800000000000239e-01
0.000000000000000000e+00
0.000000000000000000e+00
0.000000000000000000e+00
0.000000000000000000e+00
7.175099999999999811e-01
0.000000000000000000e+00
0.000000000000000000e+00
0.000000000000000000e+00
6.492099999999999538e-01
0.000000000000000000e+00
1.305670000000000108e+00
0.000000000000000000e+00
0.000000000000000000e+00
8.960500000000000131e-01
0.000000000000000000e+00
0.000000000000000000e+00
0.000000000000000000e+00
7.170699999999999852e-01
0.000000000000000000e+00
0.000000000000000000e+00
0.000000000000000000e+00
8.027800000000000491e-01
0.000000000000000000e+00
0.000000000000000000e+00
0.000000000000000000e+00
0.000000000000000000e+00
0.000000000000000000e+00
0.000000000000000000e+00
6.009100000000000552e-01
0.000000000000000000e+00
0.000000000000000000e+00
0.000000000000000000e+00
5.715400000000000480e-01
0.000000000000000000e+00
0.000000000000000000e+00
0.000000000000000000e+00
6.094100000000000072e-01
0.000000000000000000e+00
0.000000000000000000e+00
5.375199999999999978e-01
0.000000000000000000e+00
6.822500000000000231e-01
0.000000000000000000e+00
0.000000000000000000e+00
0.000000000000000000e+00
9.842600000000000238e-01
0.000000000000000000e+00
0.000000000000000000e+00
0.000000000000000000e+00
0.000000000000000000e+00
5.536499999999999755e-01
0.000000000000000000e+00
0.000000000000000000e+00
0.000000000000000000e+00
0.000000000000000000e+00
0.000000000000000000e+00
1.009209999999999940e+00
0.000000000000000000e+00
0.000000000000000000e+00
0.000000000000000000e+00
0.000000000000000000e+00
1.036399999999999988e+00
0.000000000000000000e+00
0.000000000000000000e+00
0.000000000000000000e+00
0.000000000000000000e+00
1.188960000000000017e+00
0.000000000000000000e+00
7.664900000000000047e-01
0.000000000000000000e+00
1.614989999999999926e+00
0.000000000000000000e+00
0.000000000000000000e+00
0.000000000000000000e+00
5.525799999999999601e-01
0.000000000000000000e+00
0.000000000000000000e+00
8.888500000000000290e-01
0.000000000000000000e+00
0.000000000000000000e+00
0.000000000000000000e+00
8.478599999999999470e-01
0.000000000000000000e+00
0.000000000000000000e+00
6.526800000000000379e-01
0.000000000000000000e+00
0.000000000000000000e+00
0.000000000000000000e+00
1.320990000000000109e+00
0.000000000000000000e+00
0.000000000000000000e+00
6.321200000000000152e-01
0.000000000000000000e+00
0.000000000000000000e+00
0.000000000000000000e+00
6.627300000000000413e-01
0.000000000000000000e+00
0.000000000000000000e+00
0.000000000000000000e+00
0.000000000000000000e+00
1.229139999999999899e+00
0.000000000000000000e+00
0.000000000000000000e+00
0.000000000000000000e+00
6.168299999999999894e-01
0.000000000000000000e+00
0.000000000000000000e+00
0.000000000000000000e+00
1.172299999999999898e+00
0.000000000000000000e+00
0.000000000000000000e+00
0.000000000000000000e+00
0.000000000000000000e+00
6.835900000000000309e-01
0.000000000000000000e+00
0.000000000000000000e+00
6.414699999999999847e-01
0.000000000000000000e+00
0.000000000000000000e+00
0.000000000000000000e+00
0.000000000000000000e+00
6.634499999999999842e-01
0.000000000000000000e+00
0.000000000000000000e+00
0.000000000000000000e+00
8.854100000000000303e-01
0.000000000000000000e+00
7.514199999999999768e-01
0.000000000000000000e+00
0.000000000000000000e+00
0.000000000000000000e+00
7.869599999999999929e-01
0.000000000000000000e+00
0.000000000000000000e+00
7.573400000000000132e-01
0.000000000000000000e+00
0.000000000000000000e+00
1.227470000000000061e+00
0.000000000000000000e+00
0.000000000000000000e+00
1.219640000000000057e+00
0.000000000000000000e+00
0.000000000000000000e+00
0.000000000000000000e+00
1.397089999999999943e+00
0.000000000000000000e+00
0.000000000000000000e+00
0.000000000000000000e+00
1.031619999999999981e+00
0.000000000000000000e+00
0.000000000000000000e+00
0.000000000000000000e+00
0.000000000000000000e+00
7.474399999999999933e-01
0.000000000000000000e+00
9.624899999999999567e-01
0.000000000000000000e+00
0.000000000000000000e+00
8.371100000000000207e-01
0.000000000000000000e+00
1.493980000000000086e+00
0.000000000000000000e+00
0.000000000000000000e+00
0.000000000000000000e+00
0.000000000000000000e+00
0.000000000000000000e+00
0.000000000000000000e+00
1.937640000000000029e+00
0.000000000000000000e+00
0.000000000000000000e+00
0.000000000000000000e+00
0.000000000000000000e+00
1.188660000000000050e+00
0.000000000000000000e+00
0.000000000000000000e+00
0.000000000000000000e+00
0.000000000000000000e+00
6.250900000000000345e-01
0.000000000000000000e+00
0.000000000000000000e+00
0.000000000000000000e+00
1.015190000000000037e+00
0.000000000000000000e+00
0.000000000000000000e+00
1.725899999999999990e+00
0.000000000000000000e+00
7.054599999999999760e-01
0.000000000000000000e+00
0.000000000000000000e+00
0.000000000000000000e+00
0.000000000000000000e+00
0.000000000000000000e+00
0.000000000000000000e+00
0.000000000000000000e+00
9.927200000000000468e-01
0.000000000000000000e+00
0.000000000000000000e+00
1.933449999999999891e+00
0.000000000000000000e+00
0.000000000000000000e+00
5.372000000000000108e-01
0.000000000000000000e+00
0.000000000000000000e+00
6.901800000000000157e-01
0.000000000000000000e+00
1.135639999999999983e+00
0.000000000000000000e+00
0.000000000000000000e+00
0.000000000000000000e+00
5.500399999999999734e-01
0.000000000000000000e+00
0.000000000000000000e+00
0.000000000000000000e+00
0.000000000000000000e+00
6.275100000000000122e-01
0.000000000000000000e+00
0.000000000000000000e+00
0.000000000000000000e+00
8.137100000000000444e-01
0.000000000000000000e+00
0.000000000000000000e+00
9.018100000000000005e-01
0.000000000000000000e+00
0.000000000000000000e+00
6.656699999999999839e-01
0.000000000000000000e+00
0.000000000000000000e+00
9.127899999999999903e-01
0.000000000000000000e+00
0.000000000000000000e+00
0.000000000000000000e+00
0.000000000000000000e+00
6.026299999999999990e-01
0.000000000000000000e+00
0.000000000000000000e+00
1.438849999999999962e+00
0.000000000000000000e+00
0.000000000000000000e+00
0.000000000000000000e+00
5.688400000000000123e-01
0.000000000000000000e+00
0.000000000000000000e+00
5.787299999999999667e-01
0.000000000000000000e+00
0.000000000000000000e+00
0.000000000000000000e+00
0.000000000000000000e+00
5.924899999999999611e-01
0.000000000000000000e+00
0.000000000000000000e+00
0.000000000000000000e+00
0.000000000000000000e+00
0.000000000000000000e+00
1.053809999999999913e+00
0.000000000000000000e+00
8.781999999999999806e-01
0.000000000000000000e+00
0.000000000000000000e+00
0.000000000000000000e+00
0.000000000000000000e+00
0.000000000000000000e+00
0.000000000000000000e+00
0.000000000000000000e+00
0.000000000000000000e+00
0.000000000000000000e+00
0.000000000000000000e+00
0.000000000000000000e+00
0.000000000000000000e+00
0.000000000000000000e+00
0.000000000000000000e+00
0.000000000000000000e+00
0.000000000000000000e+00
0.000000000000000000e+00
0.000000000000000000e+00
0.000000000000000000e+00
0.000000000000000000e+00
0.000000000000000000e+00
0.000000000000000000e+00
0.000000000000000000e+00
0.000000000000000000e+00
0.000000000000000000e+00
0.000000000000000000e+00
8.523500000000000520e-01
0.000000000000000000e+00
0.000000000000000000e+00
6.190499999999999892e-01
0.000000000000000000e+00
8.390499999999999625e-01
0.000000000000000000e+00
0.000000000000000000e+00
0.000000000000000000e+00
0.000000000000000000e+00
6.749399999999999844e-01
0.000000000000000000e+00
1.053080000000000016e+00
0.000000000000000000e+00
0.000000000000000000e+00
6.815299999999999692e-01
0.000000000000000000e+00
0.000000000000000000e+00
0.000000000000000000e+00
7.309799999999999631e-01
0.000000000000000000e+00
0.000000000000000000e+00
7.722200000000000175e-01
0.000000000000000000e+00
0.000000000000000000e+00
0.000000000000000000e+00
1.317679999999999962e+00
0.000000000000000000e+00
6.773099999999999676e-01
0.000000000000000000e+00
0.000000000000000000e+00
0.000000000000000000e+00
5.781199999999999672e-01
0.000000000000000000e+00
6.542799999999999727e-01
0.000000000000000000e+00
1.534499999999999975e+00
0.000000000000000000e+00
0.000000000000000000e+00
0.000000000000000000e+00
0.000000000000000000e+00
5.997799999999999798e-01
0.000000000000000000e+00
0.000000000000000000e+00
0.000000000000000000e+00
0.000000000000000000e+00
6.398099999999999898e-01
0.000000000000000000e+00
1.070279999999999898e+00
0.000000000000000000e+00
9.973300000000000498e-01
0.000000000000000000e+00
5.675499999999999989e-01
0.000000000000000000e+00
0.000000000000000000e+00
0.000000000000000000e+00
1.433049999999999935e+00
0.000000000000000000e+00
6.328700000000000436e-01
0.000000000000000000e+00
0.000000000000000000e+00
0.000000000000000000e+00
6.569700000000000539e-01
0.000000000000000000e+00
0.000000000000000000e+00
8.164299999999999891e-01
0.000000000000000000e+00
6.966200000000000170e-01
0.000000000000000000e+00
0.000000000000000000e+00
6.883599999999999719e-01
0.000000000000000000e+00
0.000000000000000000e+00
1.673610000000000042e+00
0.000000000000000000e+00
0.000000000000000000e+00
5.965500000000000247e-01
0.000000000000000000e+00
0.000000000000000000e+00
0.000000000000000000e+00
0.000000000000000000e+00
0.000000000000000000e+00
0.000000000000000000e+00
6.543400000000000327e-01
0.000000000000000000e+00
0.000000000000000000e+00
8.737300000000000066e-01
0.000000000000000000e+00
7.269099999999999451e-01
0.000000000000000000e+00
1.076640000000000041e+00
0.000000000000000000e+00
6.082400000000000029e-01
0.000000000000000000e+00
0.000000000000000000e+00
0.000000000000000000e+00
0.000000000000000000e+00
8.514899999999999691e-01
0.000000000000000000e+00
0.000000000000000000e+00
1.659569999999999990e+00
0.000000000000000000e+00
0.000000000000000000e+00
1.942590000000000039e+00
0.000000000000000000e+00
0.000000000000000000e+00
0.000000000000000000e+00
0.000000000000000000e+00
0.000000000000000000e+00
5.819400000000000128e-01
0.000000000000000000e+00
1.532370000000000010e+00
0.000000000000000000e+00
7.210499999999999687e-01
0.000000000000000000e+00
6.654299999999999660e-01
0.000000000000000000e+00
7.831200000000000383e-01
0.000000000000000000e+00
0.000000000000000000e+00
9.751999999999999558e-01
0.000000000000000000e+00
0.000000000000000000e+00
0.000000000000000000e+00
6.600000000000000311e-01
0.000000000000000000e+00
0.000000000000000000e+00
0.000000000000000000e+00
0.000000000000000000e+00
9.922600000000000309e-01
0.000000000000000000e+00
0.000000000000000000e+00
5.850199999999999845e-01
0.000000000000000000e+00
0.000000000000000000e+00
0.000000000000000000e+00
6.272400000000000198e-01
0.000000000000000000e+00
0.000000000000000000e+00
0.000000000000000000e+00
0.000000000000000000e+00
0.000000000000000000e+00
7.129600000000000382e-01
0.000000000000000000e+00
9.953899999999999970e-01
0.000000000000000000e+00
0.000000000000000000e+00
0.000000000000000000e+00
5.718600000000000350e-01
0.000000000000000000e+00
0.000000000000000000e+00
4.762799999999999812e-01
0.000000000000000000e+00
9.052200000000000246e-01
0.000000000000000000e+00
0.000000000000000000e+00
7.659500000000000197e-01
0.000000000000000000e+00
0.000000000000000000e+00
1.030040000000000067e+00
0.000000000000000000e+00
1.151499999999999968e+00
0.000000000000000000e+00
0.000000000000000000e+00
0.000000000000000000e+00
1.149929999999999897e+00
0.000000000000000000e+00
0.000000000000000000e+00
0.000000000000000000e+00
9.931100000000000483e-01
0.000000000000000000e+00
0.000000000000000000e+00
0.000000000000000000e+00
5.561500000000000332e-01
0.000000000000000000e+00
0.000000000000000000e+00
0.000000000000000000e+00
0.000000000000000000e+00
0.000000000000000000e+00
9.433200000000000474e-01
0.000000000000000000e+00
6.594400000000000261e-01
0.000000000000000000e+00
6.419099999999999806e-01
0.000000000000000000e+00
6.834400000000000475e-01
0.000000000000000000e+00
0.000000000000000000e+00
0.000000000000000000e+00
0.000000000000000000e+00
0.000000000000000000e+00
0.000000000000000000e+00
6.672500000000000098e-01
0.000000000000000000e+00
0.000000000000000000e+00
0.000000000000000000e+00
8.769799999999999818e-01
0.000000000000000000e+00
0.000000000000000000e+00
5.508100000000000218e-01
0.000000000000000000e+00
6.082499999999999574e-01
0.000000000000000000e+00
0.000000000000000000e+00
0.000000000000000000e+00
0.000000000000000000e+00
1.549609999999999932e+00
0.000000000000000000e+00
0.000000000000000000e+00
0.000000000000000000e+00
6.206899999999999640e-01
0.000000000000000000e+00
6.302900000000000169e-01
0.000000000000000000e+00
0.000000000000000000e+00
5.576400000000000245e-01
0.000000000000000000e+00
0.000000000000000000e+00
5.059799999999999853e-01
0.000000000000000000e+00
8.935100000000000264e-01
0.000000000000000000e+00
0.000000000000000000e+00
0.000000000000000000e+00
0.000000000000000000e+00
7.512799999999999478e-01
0.000000000000000000e+00
0.000000000000000000e+00
0.000000000000000000e+00
0.000000000000000000e+00
5.258099999999999996e-01
0.000000000000000000e+00
6.809399999999999897e-01
0.000000000000000000e+00
0.000000000000000000e+00
0.000000000000000000e+00
0.000000000000000000e+00
9.241700000000000470e-01
0.000000000000000000e+00
0.000000000000000000e+00
7.428700000000000303e-01
0.000000000000000000e+00
0.000000000000000000e+00
0.000000000000000000e+00
1.353110000000000035e+00
0.000000000000000000e+00
0.000000000000000000e+00
5.567100000000000382e-01
0.000000000000000000e+00
0.000000000000000000e+00
1.931179999999999897e+00
0.000000000000000000e+00
0.000000000000000000e+00
5.625599999999999490e-01
0.000000000000000000e+00
0.000000000000000000e+00
0.000000000000000000e+00
8.480900000000000105e-01
0.000000000000000000e+00
0.000000000000000000e+00
0.000000000000000000e+00
0.000000000000000000e+00
6.433900000000000174e-01
0.000000000000000000e+00
0.000000000000000000e+00
0.000000000000000000e+00
0.000000000000000000e+00
0.000000000000000000e+00
0.000000000000000000e+00
0.000000000000000000e+00
0.000000000000000000e+00
0.000000000000000000e+00
0.000000000000000000e+00
0.000000000000000000e+00
0.000000000000000000e+00
0.000000000000000000e+00
0.000000000000000000e+00
0.000000000000000000e+00
0.000000000000000000e+00
0.000000000000000000e+00
0.000000000000000000e+00
0.000000000000000000e+00
0.000000000000000000e+00
0.000000000000000000e+00
0.000000000000000000e+00
0.000000000000000000e+00
0.000000000000000000e+00
6.674299999999999677e-01
0.000000000000000000e+00
0.000000000000000000e+00
0.000000000000000000e+00
8.089699999999999669e-01
0.000000000000000000e+00
0.000000000000000000e+00
0.000000000000000000e+00
7.001300000000000301e-01
0.000000000000000000e+00
0.000000000000000000e+00
0.000000000000000000e+00
0.000000000000000000e+00
1.278909999999999991e+00
0.000000000000000000e+00
0.000000000000000000e+00
0.000000000000000000e+00
0.000000000000000000e+00
8.008100000000000218e-01
0.000000000000000000e+00
0.000000000000000000e+00
1.107229999999999936e+00
0.000000000000000000e+00
0.000000000000000000e+00
6.542999999999999927e-01
0.000000000000000000e+00
0.000000000000000000e+00
0.000000000000000000e+00
0.000000000000000000e+00
0.000000000000000000e+00
0.000000000000000000e+00
1.930870000000000086e+00
0.000000000000000000e+00
5.679699999999999749e-01
0.000000000000000000e+00
0.000000000000000000e+00
4.602299999999999724e-01
0.000000000000000000e+00
0.000000000000000000e+00
8.429400000000000226e-01
0.000000000000000000e+00
0.000000000000000000e+00
1.356689999999999952e+00
0.000000000000000000e+00
0.000000000000000000e+00
0.000000000000000000e+00
6.627999999999999448e-01
0.000000000000000000e+00
0.000000000000000000e+00
0.000000000000000000e+00
0.000000000000000000e+00
9.199199999999999600e-01
0.000000000000000000e+00
0.000000000000000000e+00
1.488580000000000014e+00
0.000000000000000000e+00
8.246799999999999686e-01
0.000000000000000000e+00
0.000000000000000000e+00
0.000000000000000000e+00
9.216600000000000348e-01
0.000000000000000000e+00
0.000000000000000000e+00
1.018440000000000012e+00
0.000000000000000000e+00
6.135500000000000398e-01
0.000000000000000000e+00
1.930139999999999967e+00
0.000000000000000000e+00
0.000000000000000000e+00
8.553600000000000092e-01
0.000000000000000000e+00
0.000000000000000000e+00
0.000000000000000000e+00
0.000000000000000000e+00
5.402200000000000335e-01
0.000000000000000000e+00
0.000000000000000000e+00
9.264099999999999557e-01
0.000000000000000000e+00
0.000000000000000000e+00
0.000000000000000000e+00
0.000000000000000000e+00
6.448000000000000398e-01
0.000000000000000000e+00
0.000000000000000000e+00
0.000000000000000000e+00
8.081199999999999495e-01
0.000000000000000000e+00
0.000000000000000000e+00
0.000000000000000000e+00
1.527150000000000007e+00
0.000000000000000000e+00
6.281999999999999806e-01
0.000000000000000000e+00
0.000000000000000000e+00
0.000000000000000000e+00
0.000000000000000000e+00
9.129500000000000393e-01
0.000000000000000000e+00
9.223299999999999832e-01
0.000000000000000000e+00
0.000000000000000000e+00
0.000000000000000000e+00
0.000000000000000000e+00
0.000000000000000000e+00
7.036999999999999922e-01
0.000000000000000000e+00
0.000000000000000000e+00
0.000000000000000000e+00
1.456650000000000000e+00
0.000000000000000000e+00
8.092700000000000449e-01
0.000000000000000000e+00
0.000000000000000000e+00
1.011540000000000106e+00
0.000000000000000000e+00
8.010800000000000143e-01
0.000000000000000000e+00
1.057250000000000023e+00
0.000000000000000000e+00
0.000000000000000000e+00
7.299900000000000277e-01
0.000000000000000000e+00
0.000000000000000000e+00
0.000000000000000000e+00
0.000000000000000000e+00
6.427500000000000435e-01
0.000000000000000000e+00
8.358799999999999564e-01
0.000000000000000000e+00
0.000000000000000000e+00
0.000000000000000000e+00
1.939899999999999958e+00
0.000000000000000000e+00
0.000000000000000000e+00
0.000000000000000000e+00
0.000000000000000000e+00
1.930350000000000010e+00
0.000000000000000000e+00
0.000000000000000000e+00
1.214320000000000066e+00
0.000000000000000000e+00
0.000000000000000000e+00
1.700900000000000079e+00
0.000000000000000000e+00
0.000000000000000000e+00
0.000000000000000000e+00
0.000000000000000000e+00
5.743300000000000072e-01
0.000000000000000000e+00
0.000000000000000000e+00
0.000000000000000000e+00
1.297439999999999927e+00
0.000000000000000000e+00
0.000000000000000000e+00
0.000000000000000000e+00
0.000000000000000000e+00
1.053369999999999918e+00
0.000000000000000000e+00
0.000000000000000000e+00
0.000000000000000000e+00
0.000000000000000000e+00
5.115600000000000147e-01
0.000000000000000000e+00
6.066500000000000226e-01
0.000000000000000000e+00
0.000000000000000000e+00
0.000000000000000000e+00
9.653399999999999759e-01
0.000000000000000000e+00
0.000000000000000000e+00
0.000000000000000000e+00
1.943170000000000064e+00
0.000000000000000000e+00
0.000000000000000000e+00
0.000000000000000000e+00
0.000000000000000000e+00
1.183789999999999898e+00
0.000000000000000000e+00
6.644299999999999651e-01
0.000000000000000000e+00
0.000000000000000000e+00
6.090700000000000003e-01
0.000000000000000000e+00
0.000000000000000000e+00
0.000000000000000000e+00
6.514699999999999935e-01
0.000000000000000000e+00
0.000000000000000000e+00
0.000000000000000000e+00
0.000000000000000000e+00
0.000000000000000000e+00
6.935099999999999598e-01
0.000000000000000000e+00
0.000000000000000000e+00
0.000000000000000000e+00
0.000000000000000000e+00
5.405799999999999494e-01
0.000000000000000000e+00
0.000000000000000000e+00
5.719499999999999584e-01
0.000000000000000000e+00
0.000000000000000000e+00
0.000000000000000000e+00
9.475599999999999579e-01
0.000000000000000000e+00
9.150399999999999645e-01
0.000000000000000000e+00
7.462100000000000399e-01
0.000000000000000000e+00
0.000000000000000000e+00
0.000000000000000000e+00
6.299799999999999844e-01
0.000000000000000000e+00
0.000000000000000000e+00
7.449400000000000466e-01
0.000000000000000000e+00
0.000000000000000000e+00
0.000000000000000000e+00
6.062199999999999811e-01
0.000000000000000000e+00
0.000000000000000000e+00
0.000000000000000000e+00
7.066099999999999604e-01
0.000000000000000000e+00
6.442099999999999493e-01
0.000000000000000000e+00
1.346360000000000001e+00
0.000000000000000000e+00
7.754799999999999471e-01
0.000000000000000000e+00
0.000000000000000000e+00
8.425399999999999556e-01
0.000000000000000000e+00
0.000000000000000000e+00
6.804299999999999793e-01
0.000000000000000000e+00
0.000000000000000000e+00
0.000000000000000000e+00
0.000000000000000000e+00
1.939550000000000107e+00
0.000000000000000000e+00
0.000000000000000000e+00
0.000000000000000000e+00
7.405800000000000161e-01
0.000000000000000000e+00
0.000000000000000000e+00
6.076799999999999979e-01
0.000000000000000000e+00
8.096999999999999753e-01
0.000000000000000000e+00
0.000000000000000000e+00
0.000000000000000000e+00
0.000000000000000000e+00
7.460200000000000164e-01
0.000000000000000000e+00
0.000000000000000000e+00
1.086880000000000068e+00
0.000000000000000000e+00
0.000000000000000000e+00
0.000000000000000000e+00
8.419699999999999962e-01
0.000000000000000000e+00
0.000000000000000000e+00
7.164000000000000368e-01
0.000000000000000000e+00
0.000000000000000000e+00
9.197699999999999765e-01
0.000000000000000000e+00
0.000000000000000000e+00
0.000000000000000000e+00
6.518000000000000460e-01
0.000000000000000000e+00
0.000000000000000000e+00
1.140409999999999924e+00
0.000000000000000000e+00
0.000000000000000000e+00
0.000000000000000000e+00
8.349800000000000555e-01
0.000000000000000000e+00
0.000000000000000000e+00
0.000000000000000000e+00
0.000000000000000000e+00
0.000000000000000000e+00
0.000000000000000000e+00
0.000000000000000000e+00
0.000000000000000000e+00
0.000000000000000000e+00
0.000000000000000000e+00
0.000000000000000000e+00
0.000000000000000000e+00
0.000000000000000000e+00
0.000000000000000000e+00
0.000000000000000000e+00
0.000000000000000000e+00
0.000000000000000000e+00
0.000000000000000000e+00
0.000000000000000000e+00
0.000000000000000000e+00
0.000000000000000000e+00
7.891700000000000381e-01
0.000000000000000000e+00
0.000000000000000000e+00
0.000000000000000000e+00
6.563299999999999690e-01
0.000000000000000000e+00
6.793000000000000149e-01
0.000000000000000000e+00
0.000000000000000000e+00
9.221300000000000052e-01
0.000000000000000000e+00
0.000000000000000000e+00
0.000000000000000000e+00
9.564899999999999514e-01
0.000000000000000000e+00
0.000000000000000000e+00
8.401399999999999979e-01
0.000000000000000000e+00
0.000000000000000000e+00
8.294599999999999751e-01
0.000000000000000000e+00
0.000000000000000000e+00
7.212300000000000377e-01
0.000000000000000000e+00
0.000000000000000000e+00
0.000000000000000000e+00
8.022399999999999531e-01
0.000000000000000000e+00
0.000000000000000000e+00
7.257900000000000462e-01
0.000000000000000000e+00
7.077599999999999447e-01
0.000000000000000000e+00
0.000000000000000000e+00
0.000000000000000000e+00
8.374099999999999877e-01
0.000000000000000000e+00
0.000000000000000000e+00
7.134899999999999576e-01
0.000000000000000000e+00
0.000000000000000000e+00
0.000000000000000000e+00
7.456300000000000150e-01
0.000000000000000000e+00
1.494150000000000089e+00
0.000000000000000000e+00
0.000000000000000000e+00
0.000000000000000000e+00
9.103400000000000380e-01
0.000000000000000000e+00
0.000000000000000000e+00
0.000000000000000000e+00
0.000000000000000000e+00
4.146799999999999931e-01
0.000000000000000000e+00
0.000000000000000000e+00
1.172449999999999992e+00
0.000000000000000000e+00
0.000000000000000000e+00
0.000000000000000000e+00
1.012939999999999952e+00
0.000000000000000000e+00
0.000000000000000000e+00
0.000000000000000000e+00
7.140100000000000335e-01
0.000000000000000000e+00
1.455039999999999889e+00
0.000000000000000000e+00
1.167219999999999924e+00
0.000000000000000000e+00
7.918199999999999683e-01
0.000000000000000000e+00
0.000000000000000000e+00
0.000000000000000000e+00
6.628600000000000048e-01
0.000000000000000000e+00
0.000000000000000000e+00
0.000000000000000000e+00
8.437900000000000400e-01
0.000000000000000000e+00
0.000000000000000000e+00
0.000000000000000000e+00
6.134100000000000108e-01
0.000000000000000000e+00
1.001489999999999991e+00
0.000000000000000000e+00
0.000000000000000000e+00
0.000000000000000000e+00
7.716800000000000326e-01
0.000000000000000000e+00
0.000000000000000000e+00
0.000000000000000000e+00
0.000000000000000000e+00
0.000000000000000000e+00
0.000000000000000000e+00
9.908799999999999830e-01
0.000000000000000000e+00
6.880600000000000049e-01
0.000000000000000000e+00
5.901699999999999724e-01
0.000000000000000000e+00
5.769800000000000484e-01
0.000000000000000000e+00
0.000000000000000000e+00
0.000000000000000000e+00
0.000000000000000000e+00
1.506259999999999932e+00
0.000000000000000000e+00
0.000000000000000000e+00
6.663400000000000434e-01
0.000000000000000000e+00
1.821509999999999962e+00
0.000000000000000000e+00
6.548800000000000177e-01
0.000000000000000000e+00
0.000000000000000000e+00
0.000000000000000000e+00
9.594700000000000450e-01
0.000000000000000000e+00
0.000000000000000000e+00
9.182700000000000307e-01
0.000000000000000000e+00
0.000000000000000000e+00
7.633299999999999530e-01
0.000000000000000000e+00
0.000000000000000000e+00
7.374000000000000554e-01
0.000000000000000000e+00
6.420500000000000096e-01
0.000000000000000000e+00
0.000000000000000000e+00
8.527900000000000480e-01
0.000000000000000000e+00
0.000000000000000000e+00
0.000000000000000000e+00
1.940940000000000110e+00
0.000000000000000000e+00
1.418809999999999905e+00
0.000000000000000000e+00
0.000000000000000000e+00
5.867599999999999483e-01
0.000000000000000000e+00
0.000000000000000000e+00
7.210699999999999887e-01
0.000000000000000000e+00
0.000000000000000000e+00
6.834099999999999620e-01
0.000000000000000000e+00
6.047500000000000098e-01
0.000000000000000000e+00
0.000000000000000000e+00
0.000000000000000000e+00
0.000000000000000000e+00
5.886400000000000521e-01
0.000000000000000000e+00
0.000000000000000000e+00
0.000000000000000000e+00
0.000000000000000000e+00
0.000000000000000000e+00
6.838699999999999779e-01
0.000000000000000000e+00
0.000000000000000000e+00
0.000000000000000000e+00
1.934520000000000017e+00
0.000000000000000000e+00
0.000000000000000000e+00
0.000000000000000000e+00
0.000000000000000000e+00
0.000000000000000000e+00
6.675799999999999512e-01
0.000000000000000000e+00
0.000000000000000000e+00
7.409099999999999575e-01
0.000000000000000000e+00
6.784499999999999975e-01
0.000000000000000000e+00
0.000000000000000000e+00
0.000000000000000000e+00
0.000000000000000000e+00
5.072600000000000442e-01
0.000000000000000000e+00
0.000000000000000000e+00
6.297399999999999665e-01
0.000000000000000000e+00
6.486399999999999944e-01
0.000000000000000000e+00
1.938269999999999937e+00
0.000000000000000000e+00
0.000000000000000000e+00
5.653899999999999482e-01
0.000000000000000000e+00
0.000000000000000000e+00
7.397399999999999531e-01
0.000000000000000000e+00
0.000000000000000000e+00
0.000000000000000000e+00
1.100959999999999939e+00
0.000000000000000000e+00
7.129699999999999926e-01
0.000000000000000000e+00
0.000000000000000000e+00
1.259209999999999940e+00
0.000000000000000000e+00
0.000000000000000000e+00
0.000000000000000000e+00
1.164889999999999981e+00
0.000000000000000000e+00
0.000000000000000000e+00
0.000000000000000000e+00
0.000000000000000000e+00
1.104729999999999990e+00
0.000000000000000000e+00
1.931859999999999911e+00
0.000000000000000000e+00
0.000000000000000000e+00
0.000000000000000000e+00
1.476849999999999996e+00
0.000000000000000000e+00
0.000000000000000000e+00
1.344309999999999894e+00
0.000000000000000000e+00
0.000000000000000000e+00
0.000000000000000000e+00
7.388000000000000123e-01
0.000000000000000000e+00
0.000000000000000000e+00
0.000000000000000000e+00
5.842699999999999561e-01
0.000000000000000000e+00
6.589000000000000412e-01
0.000000000000000000e+00
0.000000000000000000e+00
5.856200000000000294e-01
0.000000000000000000e+00
0.000000000000000000e+00
0.000000000000000000e+00
7.233000000000000540e-01
0.000000000000000000e+00
0.000000000000000000e+00
0.000000000000000000e+00
0.000000000000000000e+00
6.749800000000000244e-01
0.000000000000000000e+00
8.476000000000000201e-01
0.000000000000000000e+00
5.802500000000000435e-01
0.000000000000000000e+00
8.967300000000000271e-01
0.000000000000000000e+00
0.000000000000000000e+00
9.185200000000000031e-01
0.000000000000000000e+00
0.000000000000000000e+00
0.000000000000000000e+00
9.326699999999999990e-01
0.000000000000000000e+00
0.000000000000000000e+00
7.550499999999999989e-01
0.000000000000000000e+00
0.000000000000000000e+00
0.000000000000000000e+00
0.000000000000000000e+00
0.000000000000000000e+00
0.000000000000000000e+00
0.000000000000000000e+00
0.000000000000000000e+00
0.000000000000000000e+00
0.000000000000000000e+00
0.000000000000000000e+00
0.000000000000000000e+00
0.000000000000000000e+00
0.000000000000000000e+00
0.000000000000000000e+00
0.000000000000000000e+00
0.000000000000000000e+00
0.000000000000000000e+00
0.000000000000000000e+00
0.000000000000000000e+00
0.000000000000000000e+00
6.156099999999999905e-01
0.000000000000000000e+00
0.000000000000000000e+00
0.000000000000000000e+00
0.000000000000000000e+00
5.601300000000000168e-01
0.000000000000000000e+00
1.248180000000000067e+00
0.000000000000000000e+00
0.000000000000000000e+00
0.000000000000000000e+00
0.000000000000000000e+00
6.874299999999999855e-01
0.000000000000000000e+00
9.529699999999999838e-01
0.000000000000000000e+00
0.000000000000000000e+00
0.000000000000000000e+00
8.679099999999999593e-01
0.000000000000000000e+00
0.000000000000000000e+00
0.000000000000000000e+00
1.009339999999999904e+00
0.000000000000000000e+00
0.000000000000000000e+00
0.000000000000000000e+00
0.000000000000000000e+00
0.000000000000000000e+00
8.353699999999999459e-01
0.000000000000000000e+00
0.000000000000000000e+00
6.961899999999999755e-01
0.000000000000000000e+00
0.000000000000000000e+00
0.000000000000000000e+00
0.000000000000000000e+00
5.874099999999999877e-01
0.000000000000000000e+00
0.000000000000000000e+00
0.000000000000000000e+00
8.722199999999999953e-01
0.000000000000000000e+00
0.000000000000000000e+00
7.824400000000000244e-01
0.000000000000000000e+00
8.603600000000000136e-01
0.000000000000000000e+00
0.000000000000000000e+00
0.000000000000000000e+00
0.000000000000000000e+00
4.406399999999999761e-01
0.000000000000000000e+00
0.000000000000000000e+00
0.000000000000000000e+00
0.000000000000000000e+00
0.000000000000000000e+00
0.000000000000000000e+00
6.452099999999999502e-01
0.000000000000000000e+00
0.000000000000000000e+00
0.000000000000000000e+00
8.942099999999999493e-01
0.000000000000000000e+00
0.000000000000000000e+00
7.381400000000000183e-01
0.000000000000000000e+00
0.000000000000000000e+00
1.483400000000000052e+00
0.000000000000000000e+00
0.000000000000000000e+00
0.000000000000000000e+00
0.000000000000000000e+00
0.000000000000000000e+00
7.566500000000000448e-01
0.000000000000000000e+00
0.000000000000000000e+00
1.126419999999999977e+00
0.000000000000000000e+00
0.000000000000000000e+00
9.046699999999999742e-01
0.000000000000000000e+00
0.000000000000000000e+00
0.000000000000000000e+00
9.157499999999999529e-01
0.000000000000000000e+00
8.707500000000000240e-01
0.000000000000000000e+00
1.277709999999999901e+00
0.000000000000000000e+00
6.993099999999999872e-01
0.000000000000000000e+00
0.000000000000000000e+00
0.000000000000000000e+00
0.000000000000000000e+00
1.529390000000000027e+00
0.000000000000000000e+00
7.267299999999999871e-01
0.000000000000000000e+00
0.000000000000000000e+00
0.000000000000000000e+00
1.937840000000000007e+00
0.000000000000000000e+00
0.000000000000000000e+00
6.782399999999999540e-01
0.000000000000000000e+00
0.000000000000000000e+00
1.378419999999999979e+00
0.000000000000000000e+00
0.000000000000000000e+00
0.000000000000000000e+00
1.255679999999999907e+00
0.000000000000000000e+00
0.000000000000000000e+00
0.000000000000000000e+00
0.000000000000000000e+00
0.000000000000000000e+00
9.657200000000000228e-01
0.000000000000000000e+00
0.000000000000000000e+00
0.000000000000000000e+00
1.194269999999999943e+00
0.000000000000000000e+00
1.072289999999999965e+00
0.000000000000000000e+00
0.000000000000000000e+00
9.445099999999999607e-01
0.000000000000000000e+00
0.000000000000000000e+00
0.000000000000000000e+00
0.000000000000000000e+00
0.000000000000000000e+00
6.139000000000000012e-01
0.000000000000000000e+00
0.000000000000000000e+00
8.224799999999999889e-01
0.000000000000000000e+00
0.000000000000000000e+00
0.000000000000000000e+00
6.630099999999999882e-01
0.000000000000000000e+00
0.000000000000000000e+00
0.000000000000000000e+00
0.000000000000000000e+00
1.047379999999999978e+00
0.000000000000000000e+00
6.046300000000000008e-01
0.000000000000000000e+00
0.000000000000000000e+00
8.339100000000000401e-01
0.000000000000000000e+00
0.000000000000000000e+00
0.000000000000000000e+00
0.000000000000000000e+00
1.125750000000000028e+00
0.000000000000000000e+00
0.000000000000000000e+00
0.000000000000000000e+00
0.000000000000000000e+00
0.000000000000000000e+00
0.000000000000000000e+00
0.000000000000000000e+00
1.943389999999999951e+00
0.000000000000000000e+00
9.258899999999999908e-01
0.000000000000000000e+00
9.235799999999999566e-01
0.000000000000000000e+00
1.203589999999999938e+00
0.000000000000000000e+00
5.866000000000000103e-01
0.000000000000000000e+00
0.000000000000000000e+00
6.049499999999999877e-01
0.000000000000000000e+00
0.000000000000000000e+00
0.000000000000000000e+00
0.000000000000000000e+00
0.000000000000000000e+00
6.041199999999999903e-01
0.000000000000000000e+00
6.740899999999999670e-01
0.000000000000000000e+00
5.942800000000000304e-01
0.000000000000000000e+00
0.000000000000000000e+00
0.000000000000000000e+00
6.722500000000000142e-01
0.000000000000000000e+00
6.977100000000000524e-01
0.000000000000000000e+00
0.000000000000000000e+00
0.000000000000000000e+00
7.418400000000000549e-01
0.000000000000000000e+00
9.252299999999999969e-01
0.000000000000000000e+00
0.000000000000000000e+00
0.000000000000000000e+00
0.000000000000000000e+00
6.288200000000000456e-01
0.000000000000000000e+00
0.000000000000000000e+00
0.000000000000000000e+00
0.000000000000000000e+00
0.000000000000000000e+00
0.000000000000000000e+00
8.135700000000000154e-01
0.000000000000000000e+00
0.000000000000000000e+00
0.000000000000000000e+00
7.826199999999999823e-01
0.000000000000000000e+00
0.000000000000000000e+00
1.940460000000000074e+00
0.000000000000000000e+00
0.000000000000000000e+00
0.000000000000000000e+00
6.452400000000000357e-01
0.000000000000000000e+00
0.000000000000000000e+00
7.760099999999999776e-01
0.000000000000000000e+00
0.000000000000000000e+00
0.000000000000000000e+00
0.000000000000000000e+00
0.000000000000000000e+00
1.122400000000000064e+00
0.000000000000000000e+00
1.126470000000000082e+00
0.000000000000000000e+00
0.000000000000000000e+00
7.358099999999999641e-01
0.000000000000000000e+00
0.000000000000000000e+00
0.000000000000000000e+00
0.000000000000000000e+00
1.930229999999999890e+00
0.000000000000000000e+00
0.000000000000000000e+00
0.000000000000000000e+00
0.000000000000000000e+00
7.873900000000000343e-01
0.000000000000000000e+00
0.000000000000000000e+00
6.734700000000000131e-01
0.000000000000000000e+00
7.670200000000000351e-01
0.000000000000000000e+00
1.323369999999999935e+00
0.000000000000000000e+00
6.594900000000000206e-01
0.000000000000000000e+00
8.553899999999999837e-01
0.000000000000000000e+00
0.000000000000000000e+00
1.321129999999999916e+00
0.000000000000000000e+00
0.000000000000000000e+00
5.663399999999999546e-01
0.000000000000000000e+00
0.000000000000000000e+00
7.195899999999999519e-01
0.000000000000000000e+00
0.000000000000000000e+00
7.157700000000000173e-01
0.000000000000000000e+00
0.000000000000000000e+00
0.000000000000000000e+00
1.068370000000000042e+00
0.000000000000000000e+00
8.380900000000000016e-01
0.000000000000000000e+00
0.000000000000000000e+00
7.548200000000000465e-01
0.000000000000000000e+00
0.000000000000000000e+00
9.094799999999999551e-01
0.000000000000000000e+00
0.000000000000000000e+00
0.000000000000000000e+00
0.000000000000000000e+00
1.937510000000000066e+00
0.000000000000000000e+00
0.000000000000000000e+00
0.000000000000000000e+00
0.000000000000000000e+00
0.000000000000000000e+00
0.000000000000000000e+00
0.000000000000000000e+00
0.000000000000000000e+00
0.000000000000000000e+00
0.000000000000000000e+00
0.000000000000000000e+00
0.000000000000000000e+00
0.000000000000000000e+00
0.000000000000000000e+00
0.000000000000000000e+00
0.000000000000000000e+00
0.000000000000000000e+00
0.000000000000000000e+00
0.000000000000000000e+00
0.000000000000000000e+00
0.000000000000000000e+00
0.000000000000000000e+00
0.000000000000000000e+00
7.061500000000000554e-01
0.000000000000000000e+00
0.000000000000000000e+00
7.436300000000000132e-01
0.000000000000000000e+00
0.000000000000000000e+00
7.108700000000000019e-01
0.000000000000000000e+00
0.000000000000000000e+00
0.000000000000000000e+00
7.766399999999999970e-01
0.000000000000000000e+00
0.000000000000000000e+00
0.000000000000000000e+00
0.000000000000000000e+00
4.462200000000000055e-01
0.000000000000000000e+00
0.000000000000000000e+00
6.560099999999999820e-01
0.000000000000000000e+00
0.000000000000000000e+00
0.000000000000000000e+00
7.393100000000000227e-01
0.000000000000000000e+00
0.000000000000000000e+00
0.000000000000000000e+00
1.107059999999999933e+00
0.000000000000000000e+00
0.000000000000000000e+00
8.169899999999999940e-01
0.000000000000000000e+00
5.850699999999999790e-01
0.000000000000000000e+00
7.510400000000000409e-01
0.000000000000000000e+00
0.000000000000000000e+00
0.000000000000000000e+00
1.389769999999999950e+00
0.000000000000000000e+00
8.246799999999999686e-01
0.000000000000000000e+00
0.000000000000000000e+00
0.000000000000000000e+00
0.000000000000000000e+00
1.173229999999999995e+00
0.000000000000000000e+00
0.000000000000000000e+00
0.000000000000000000e+00
0.000000000000000000e+00
6.366300000000000292e-01
0.000000000000000000e+00
0.000000000000000000e+00
8.713699999999999779e-01
0.000000000000000000e+00
1.160719999999999974e+00
0.000000000000000000e+00
1.318030000000000035e+00
0.000000000000000000e+00
0.000000000000000000e+00
0.000000000000000000e+00
0.000000000000000000e+00
1.028329999999999966e+00
0.000000000000000000e+00
0.000000000000000000e+00
6.114899999999999780e-01
0.000000000000000000e+00
0.000000000000000000e+00
6.784099999999999575e-01
0.000000000000000000e+00
0.000000000000000000e+00
5.770800000000000374e-01
0.000000000000000000e+00
0.000000000000000000e+00
7.924700000000000077e-01
0.000000000000000000e+00
0.000000000000000000e+00
1.932450000000000001e+00
0.000000000000000000e+00
0.000000000000000000e+00
0.000000000000000000e+00
0.000000000000000000e+00
0.000000000000000000e+00
0.000000000000000000e+00
5.516400000000000192e-01
0.000000000000000000e+00
0.000000000000000000e+00
0.000000000000000000e+00
0.000000000000000000e+00
6.330400000000000471e-01
0.000000000000000000e+00
0.000000000000000000e+00
0.000000000000000000e+00
6.535600000000000298e-01
0.000000000000000000e+00
0.000000000000000000e+00
8.054000000000000048e-01
0.000000000000000000e+00
7.981099999999999861e-01
0.000000000000000000e+00
0.000000000000000000e+00
1.205850000000000088e+00
0.000000000000000000e+00
0.000000000000000000e+00
8.105099999999999527e-01
0.000000000000000000e+00
0.000000000000000000e+00
0.000000000000000000e+00
0.000000000000000000e+00
0.000000000000000000e+00
1.023130000000000095e+00
0.000000000000000000e+00
8.739000000000000101e-01
0.000000000000000000e+00
6.453999999999999737e-01
0.000000000000000000e+00
7.483800000000000452e-01
0.000000000000000000e+00
0.000000000000000000e+00
1.265249999999999986e+00
0.000000000000000000e+00
0.000000000000000000e+00
1.202639999999999931e+00
0.000000000000000000e+00
0.000000000000000000e+00
7.083800000000000097e-01
0.000000000000000000e+00
0.000000000000000000e+00
0.000000000000000000e+00
0.000000000000000000e+00
7.298200000000000243e-01
0.000000000000000000e+00
0.000000000000000000e+00
0.000000000000000000e+00
1.114340000000000108e+00
0.000000000000000000e+00
6.547800000000000287e-01
0.000000000000000000e+00
0.000000000000000000e+00
0.000000000000000000e+00
6.520500000000000185e-01
0.000000000000000000e+00
9.643899999999999695e-01
0.000000000000000000e+00
0.000000000000000000e+00
0.000000000000000000e+00
6.390299999999999869e-01
0.000000000000000000e+00
8.446500000000000119e-01
0.000000000000000000e+00
0.000000000000000000e+00
0.000000000000000000e+00
0.000000000000000000e+00
0.000000000000000000e+00
7.976900000000000102e-01
0.000000000000000000e+00
8.221899999999999764e-01
0.000000000000000000e+00
0.000000000000000000e+00
0.000000000000000000e+00
7.808300000000000241e-01
0.000000000000000000e+00
6.504199999999999982e-01
0.000000000000000000e+00
0.000000000000000000e+00
0.000000000000000000e+00
0.000000000000000000e+00
0.000000000000000000e+00
0.000000000000000000e+00
7.328299999999999814e-01
0.000000000000000000e+00
0.000000000000000000e+00
0.000000000000000000e+00
8.464500000000000357e-01
0.000000000000000000e+00
0.000000000000000000e+00
0.000000000000000000e+00
5.139000000000000234e-01
0.000000000000000000e+00
0.000000000000000000e+00
8.831900000000000306e-01
0.000000000000000000e+00
0.000000000000000000e+00
7.116000000000000103e-01
0.000000000000000000e+00
7.586699999999999555e-01
0.000000000000000000e+00
0.000000000000000000e+00
8.828799999999999981e-01
0.000000000000000000e+00
0.000000000000000000e+00
0.000000000000000000e+00
0.000000000000000000e+00
6.115000000000000435e-01
0.000000000000000000e+00
1.780790000000000095e+00
0.000000000000000000e+00
0.000000000000000000e+00
0.000000000000000000e+00
0.000000000000000000e+00
7.771799999999999820e-01
0.000000000000000000e+00
0.000000000000000000e+00
0.000000000000000000e+00
6.974299999999999944e-01
0.000000000000000000e+00
1.327260000000000106e+00
0.000000000000000000e+00
0.000000000000000000e+00
0.000000000000000000e+00
0.000000000000000000e+00
7.292399999999999993e-01
0.000000000000000000e+00
0.000000000000000000e+00
0.000000000000000000e+00
0.000000000000000000e+00
0.000000000000000000e+00
6.686499999999999666e-01
0.000000000000000000e+00
0.000000000000000000e+00
0.000000000000000000e+00
0.000000000000000000e+00
6.361400000000000388e-01
0.000000000000000000e+00
0.000000000000000000e+00
7.121499999999999497e-01
0.000000000000000000e+00
9.365400000000000391e-01
0.000000000000000000e+00
0.000000000000000000e+00
6.369599999999999707e-01
0.000000000000000000e+00
0.000000000000000000e+00
8.364800000000000013e-01
0.000000000000000000e+00
0.000000000000000000e+00
0.000000000000000000e+00
0.000000000000000000e+00
1.393520000000000092e+00
0.000000000000000000e+00
8.657000000000000250e-01
0.000000000000000000e+00
0.000000000000000000e+00
6.942500000000000338e-01
0.000000000000000000e+00
0.000000000000000000e+00
9.116300000000000514e-01
0.000000000000000000e+00
0.000000000000000000e+00
0.000000000000000000e+00
6.282600000000000406e-01
0.000000000000000000e+00
8.002899999999999459e-01
0.000000000000000000e+00
0.000000000000000000e+00
1.736550000000000038e+00
0.000000000000000000e+00
1.046610000000000040e+00
0.000000000000000000e+00
1.016219999999999901e+00
0.000000000000000000e+00
6.687699999999999756e-01
0.000000000000000000e+00
0.000000000000000000e+00
0.000000000000000000e+00
0.000000000000000000e+00
1.127590000000000092e+00
0.000000000000000000e+00
0.000000000000000000e+00
8.428799999999999626e-01
0.000000000000000000e+00
0.000000000000000000e+00
0.000000000000000000e+00
0.000000000000000000e+00
0.000000000000000000e+00
0.000000000000000000e+00
0.000000000000000000e+00
0.000000000000000000e+00
0.000000000000000000e+00
0.000000000000000000e+00
0.000000000000000000e+00
0.000000000000000000e+00
0.000000000000000000e+00
